iter	recomb_rate	mut_rate	recomb_type	recomb_node	ARG_length_1	ARG_length_2	ARG_length_3	ARG_length_4	root_height_change	bp	bp_pos_deviation	rank_stat	info_sites_global	confounding_info_sites	consistent_info_sites	weighted_consistent_info_sites	rf_dist	no_neu_recurr_mut	no_adv_recurr_mut	info_sites_imbalance
186	1.0	25.0	[3, 3]	set()	2.5202502409172056	2.2308486098401916	2.2542159335358707	0.0	0	[684.5893878489733, 834.4036936759949]	0.8415925600758062	0	0	0	0	0	0.23125	0.625	0	0
372	1.0	25.0	[3]	set()	2.5318012334829363	2.4583079884609185	2.4587789391459	0.0	0	[489.8693282157183]	0.6929419054920081	0	0	0	0	0	0.311125	0.625	0	0
124	1.0	25.0	[3]	set()	4.231382046162619	4.1840161580245265	4.114403237103152	0.0	0	[139.5233729854226]	0.4040973245178877	0	0	0	0	0	0.25	0.5	0	0
434	1.0	25.0	[2, 2]	set()	8.011024131466389	6.165787342555173	6.274105677158416	0.0	0	[250.433256405052, 750.5066723097116]	1.0396689884365553	0	0	0	0	0	0.25	0.75	0	0
0	1.0	25.0	[2, 3, 3, 3]	set()	5.0270425673210815	4.26730502912869	4.298122130139325	0.0	0	[257.2452238597576, 532.3035310194012, 691.0392839927226, 854.6653729863465]	1.5729619887795971	0	0	0	0	0	0.251125	1.625	0	0
248	1.0	25.0	[2, 2, 3, 3]	set()	7.722886565148255	5.436770035764859	5.8157079263662315	0.0	0	[158.48564356565475, 177.14621499180794, 641.526086255908, 994.5845697075129]	1.1182800658372203	0	0	0	0	0	0.206625	1.25	0	0
310	1.0	25.0	[3, 3, 2]	set()	7.16219815966075	5.192337245833887	5.56680157084895	0.0	0	[148.98272044956684, 415.2993376955525, 843.0645737647789]	1.2898892741964079	0	0	0	0	0	0.162	0.75	0	0
62	1.0	25.0	[2, 2, 3, 3, 2, 2]	set()	7.312871535162061	4.346137027953678	4.922017844450224	0.0	0	[122.44316632859407, 161.2525898963213, 268.3030441403389, 303.104052785784, 851.8010943662375, 933.094030013308]	1.4536026764653067	0	0	0	0	0	0.0	0.0	0	0
496	1.0	25.0	[3, 3, 3, 3]	set()	7.853554644329114	5.739844871864988	5.870321067054692	0.0	0	[385.3384407591576, 456.11047302372754, 519.5708668325096, 749.0490451455116]	1.4145972811081298	0	0	0	0	0	0.37187499999999996	1.875	0	0
125	1.0	25.0	[2, 3]	set()	4.117804738369554	3.541886592393082	3.5221097565743706	0.0	0	[219.53717316500845, 923.9222412058474]	0.7756836471191338	0	0	0	0	0	0.0	0.0	0	0
187	1.0	25.0	[3, 2, 2]	set()	4.800096610100398	4.129218902255218	4.191976878356016	0.0	0	[87.69530430436134, 608.7417944800109, 824.4833988137543]	1.1893989479249645	0	0	0	0	0	0.27175	1.25	0	0
1	1.0	25.0	[2, 2]	set()	2.779002567425845	2.3557128101670055	2.3493348345872325	0.0	0	[467.6454477012157, 522.7818745188415]	0.8682510252390206	0	0	0	0	0	0.125	0.375	0	0
249	1.0	25.0	[3]	set()	3.7358961718679122	2.967245377012758	3.187201856401918	0.0	0	[118.23052959516644]	0.3633845567220254	0	0	0	0	0	0.11025	0.125	0	0
311	1.0	25.0	[3]	set()	2.5462748747663233	2.4052646876412824	2.410307499206106	0.0	0	[834.5986492931843]	0.4485189859858534	0	0	0	0	0	0.0415	0.25	0	0
373	1.0	25.0	[2, 2, 3, 3, 3, 3]	set()	4.536240894033625	3.1388405885148885	3.3401316955890277	0.0	0	[85.00823607539142, 219.8059330694377, 429.27513364054624, 812.826270237565, 911.9359273644528, 984.0736482324016]	1.6593551637230284	0	0	0	0	0	0.33825	2.75	0	0
63	1.0	25.0	[3, 3]	set()	3.4562629382438876	2.989480244227009	2.9625646497883835	0.0	0	[533.4057416766882, 942.7162557840348]	0.8646769678959931	0	0	0	0	0	0.13225	0.5	0	0
435	1.0	25.0	[3, 3, 3, 3]	set()	11.350578113874146	7.437265207299602	8.383212108369431	0.0	0	[70.06375972763267, 390.4379718005657, 792.1030613001168, 975.7264162256156]	1.3187738883540019	0	0	0	0	0	0.2775	1.375	0	0
188	1.0	25.0	[3]	set()	4.107060679035632	3.78386662264043	3.782444685097523	0.0	0	[475.8982174098492]	0.691984938373108	0	0	0	0	0	0.0	0.0	0	0
250	1.0	25.0	[3]	set()	5.79860814654098	5.393859826536737	5.358960463132263	0.0	0	[355.8780034072697]	0.6510096110516697	0	0	0	0	0	0.33875	0.75	0	0
126	1.0	25.0	[3, 3, 2]	set()	5.55299693043711	4.228059562229465	4.4338930406612755	0.0	0	[201.76703092590745, 649.2268162167755, 942.3556593246758]	1.206986830316117	0	0	0	0	0	0.25	1.0	0	0
312	1.0	25.0	[3]	set()	3.5483636013744357	3.2886746906385884	3.306443813802824	0.0	0	[404.7427298501134]	0.674887877936735	0	0	0	0	0	0.1755	0.375	0	0
436	1.0	25.0	[3]	set()	4.366502853633633	4.032427272773466	4.085553532998916	0.0	0	[316.81140465661883]	0.6244425809463998	0	0	0	0	0	0.20400000000000001	0.5	0	0
497	1.0	25.0	[3, 3, 3, 3, 3, 3, 3]	set()	9.39136699437881	7.505498078528076	7.285978921071017	0.0	0	[126.79366674274206, 285.9327513724565, 410.9660118233966, 568.8719123847585, 791.2926492281258, 909.8383009359296, 924.4533234287204]	1.94979843966782	0	0	0	0	0	0.26237499999999997	2.625	0	0
374	1.0	25.0	[3]	set()	1.4176527267446264	1.3128724423256075	1.2673152165477528	0.0	0	[224.83622655272484]	0.5329612149369205	0	0	0	0	0	0.528	1.125	0	0
2	1.0	25.0	[2, 3, 3]	set()	8.206823771275126	7.485431636651605	7.2448863526160965	0.0	0	[50.12081964949644, 214.08129739575088, 525.8829309605062]	1.1636933827330913	0	0	0	0	0	0.158	1.0	0	0
251	1.0	25.0	[3]	set()	2.8441311595937857	2.704378223656286	2.577473115859145	0.0	0	[147.23003027029335]	0.4178740522366083	0	0	0	0	0	0.03675	0.25	0	0
189	1.0	25.0	[3, 2]	set()	5.0922300507771014	4.416385787644155	4.430322767219793	0.0	0	[336.5408005192876, 441.458092071116]	0.9283588656738702	0	0	0	0	0	0.20800000000000002	0.625	0	0
313	1.0	25.0	[3, 3, 3]	set()	4.741763148612966	3.6593190624848093	3.619784163281289	0.0	0	[170.55920138955116, 451.82549650780857, 934.4694099526964]	1.1886176510346393	0	0	0	0	0	0.107125	0.625	0	0
64	1.0	25.0	[3, 3, 3, 2, 3, 3, 2, 3]	set()	7.529170300480694	5.385902974749822	5.510029976628439	0.0	0	[66.95467507581299, 288.6126250959933, 418.9260073558345, 503.2080143497204, 582.5463360580924, 639.6497260326726, 762.4070905148983, 807.4619481340051]	2.067894860749555	0	0	0	0	0	0.5075000000000001	4.875	0	0
498	1.0	25.0	[2, 3, 2]	set()	7.668727186421009	6.094585140142638	6.13163142146153	0.0	0	[10.624669957906008, 318.0395606905222, 328.56285478919744]	0.7262796512090243	0	0	0	0	0	0.125	0.5	0	0
375	1.0	25.0	[2, 3]	set()	5.714624990590479	4.1850946644212055	4.267954518294213	0.0	0	[448.89121409505606, 673.748419387266]	1.0605325873099658	0	0	0	0	0	0.0	0.0	0	0
437	1.0	25.0	[3]	set()	3.6134074046579836	3.4196811473810405	3.43485297526316	0.0	0	[578.1114720739424]	0.6808942492845864	0	0	0	0	0	0.25	0.5	0	0
127	1.0	25.0	[2, 3, 3, 3, 3, 2, 3]	set()	8.011312893926185	5.779939281902305	5.619409313193083	0.0	0	[70.80127974040806, 342.1261068433523, 429.45129797993206, 451.8760601896749, 592.2619986930156, 620.6846237458277, 663.8039834797382]	1.7183296648811515	0	0	0	0	0	0.29150000000000004	2.0	0	0
3	1.0	25.0	[2, 3]	set()	6.228794287272344	5.425826693506695	5.413003704802922	0.0	0	[127.67587462440132, 552.7777986135334]	0.9863131545296284	0	0	0	0	0	0.056	0.125	0	0
499	1.0	25.0	[3]	set()	4.792923273108627	4.757647767051447	4.7551577078202305	0.0	0	[412.7622549422085]	0.6778481515205375	0	0	0	0	0	0.5	1.0	0	0
314	1.0	25.0	[3]	set()	4.086186119469159	3.8870497543788476	3.910087628988367	0.0	0	[265.4795318376273]	0.5787106580349536	0	0	0	0	0	0.033125	0.125	0	0
376	1.0	25.0	[3, 3, 3]	set()	4.361626403334358	3.631075595609456	3.541907905676087	0.0	0	[356.2804008834064, 618.3341327405905, 998.9678349777388]	1.0933966138660556	0	0	0	0	0	0.158	0.75	0	0
65	1.0	25.0	[3, 3, 3]	set()	6.923031971362606	6.055457979341613	5.942016303011112	0.0	0	[377.5866851210594, 384.4586893806241, 971.5824546292424]	0.8158197872306129	0	0	0	0	0	0.3315	1.5	0	0
252	1.0	25.0	[3]	set()	3.7634619117988333	3.6702299506347957	3.6691605682587403	0.0	0	[416.112907230854]	0.6790063104137597	0	0	0	0	0	0.208	0.5	0	0
438	1.0	25.0	[3]	set()	3.475769647905537	3.2145979196558034	3.196260592509625	0.0	0	[425.57550058700144]	0.6820278939806586	0	0	0	0	0	0.375	0.75	0	0
128	1.0	25.0	[3, 3]	set()	4.1339833009520515	3.392302118662908	3.4668421689159477	0.0	0	[267.0606430619955, 868.9125110395253]	0.9245367307195758	0	0	0	0	0	0.34162499999999996	1.0	0	0
190	1.0	25.0	[3, 3, 3, 2]	set()	8.455767823449305	6.535337699443145	6.626552032018356	0.0	0	[88.30787800252438, 188.2202730048448, 681.9626777432859, 756.9114179878765]	1.330911291919855	0	0	0	0	0	0.12675	1.0	0	0
4	1.0	25.0	[3]	set()	2.856120333506025	2.5322535327825304	2.5026507752754457	0.0	0	[928.8082160055636]	0.25671086966630635	0	0	0	0	0	0.24100000000000002	0.375	0	0
315	1.0	25.0	[2, 2, 3]	set()	5.112808912741795	3.94137374626127	3.967101771368444	0.0	0	[386.0132428227896, 647.1439700623657, 780.7306661270559]	1.3197106798906646	0	0	0	0	0	0.055	0.25	0	0
66	1.0	25.0	[3]	set()	4.090344554348163	3.7479401506126457	3.7446785191757224	0.0	0	[672.3350200336426]	0.6325126645959942	0	0	0	0	0	0.082	0.25	0	0
377	1.0	25.0	[3, 3]	set()	6.595337810513884	6.0142476333084005	6.003755743445996	0.0	0	[189.2672097310424, 277.8462355490774]	0.7648299763189801	0	0	0	0	0	0.5068750000000001	1.25	0	0
439	1.0	25.0	[3, 3, 3, 2]	set()	7.58481421058888	5.436829948862345	6.043964804124911	0.0	0	[3.8748520892113447, 152.86304103210568, 449.9512256588787, 997.5121533498168]	1.0104624160133089	0	0	0	0	0	0.10612500000000001	0.5	0	0
191	1.0	25.0	[3, 3]	set()	4.9329087183460905	4.46400375322911	4.479413268569138	0.0	0	[205.2988912910223, 899.3276599794626]	0.8096677406483563	0	0	0	0	0	0.287875	1.125	0	0
5	1.0	25.0	[3]	set()	2.8402035497981877	2.7828016462607787	2.783644120813548	0.0	0	[532.5514194555581]	0.6910264912106083	0	0	0	0	0	0.258	0.5	0	0
129	1.0	25.0	[3, 3, 2, 3, 3, 3]	set()	8.977661547234982	6.133587054836887	6.642177423333128	0.0	0	[106.2622654859764, 134.85426014074164, 320.3107929683504, 552.4726654402912, 610.9270033079825, 852.0376954020774]	1.783057763870688	0	0	0	0	0	0.25525	2.0	0	0
253	1.0	25.0	[2, 2, 2]	set()	6.737810783671039	5.632461839022751	5.555635702470159	0.0	0	[332.3850820598495, 684.96223539114, 790.2479665353894]	1.2982691009690908	0	0	0	0	0	0.0	0.0	0	0
378	1.0	25.0	[3]	set()	4.566917720520604	4.100782197717307	4.066990172288854	0.0	0	[635.8094741590321]	0.655791228418259	0	0	0	0	0	0.079375	0.125	0	0
67	1.0	25.0	[3, 3]	set()	7.1418680687019584	6.341243180608867	6.344886748544562	0.0	0	[67.3719176556915, 494.1335821058601]	0.8898769320653794	0	0	0	0	0	0.133375	0.5	0	0
6	1.0	25.0	[3]	set()	2.252372601216717	2.1739617928439974	2.1622082232443196	0.0	0	[622.4345751106739]	0.6628596953208354	0	0	0	0	0	0.20274999999999999	0.375	0	0
254	1.0	25.0	[3]	set()	4.5463261887274795	3.924986461979356	4.16959716670738	0.0	0	[850.4752637818456]	0.4218838081898082	0	0	0	0	0	0.10625	0.125	0	0
316	1.0	25.0	[3, 3, 3, 3]	set()	10.21509758041525	7.3264654061512635	7.215204799403925	0.0	0	[358.556562801823, 688.6951809559296, 941.5536079993808, 969.013853669712]	1.2876680612292941	0	0	0	0	0	0.25925000000000004	1.125	0	0
379	1.0	25.0	[3]	set()	4.540471647153625	4.396246610412502	4.412745296981241	0.0	0	[928.5045694559813]	0.25749009710075105	0	0	0	0	0	0.25	0.5	0	0
192	1.0	25.0	[3, 3, 3]	set()	3.8688029714992513	2.877383421897977	3.004910671252609	0.0	0	[25.074696795988505, 807.2831276804209, 943.8984917942436]	0.7181099420937154	0	0	0	0	0	0.10800000000000001	0.375	0	0
255	1.0	25.0	[2]	set()	2.933041062598197	2.791636747127279	2.79166346394122	0.0	0	[501.9380701705813]	0.6931396683091617	0	0	0	0	0	0.0	0.0	0	0
130	1.0	25.0	[3, 3]	set()	3.92289762860688	3.462225702712143	3.4530179854902467	0.0	0	[104.20763911679389, 872.2189466934651]	0.7012706956414335	0	0	0	0	0	0.231	0.625	0	0
380	1.0	25.0	[3]	set()	3.4676582616936367	3.3928071604281875	3.397210566589683	0.0	0	[739.8435189388692]	0.5732205277752284	0	0	0	0	0	0.21737499999999998	0.375	0	0
68	1.0	25.0	[3, 3, 3]	set()	4.825739393166963	4.212919347073868	4.310087964730447	0.0	0	[207.3431573808193, 853.5486403852701, 996.1621165275574]	0.9074932773698721	0	0	0	0	0	0.251	1.25	0	0
7	1.0	25.0	[3]	set()	4.201796777769644	3.9721174576230043	3.982979575671795	0.0	0	[909.668369917199]	0.30330442336288244	0	0	0	0	0	0.011375	0.125	0	0
317	1.0	25.0	[3, 3, 3]	set()	5.056200594530421	4.3942211196893135	4.3383127580837275	0.0	0	[13.043454848229883, 313.4307493455708, 463.1833129096776]	1.0361709814393536	0	0	0	0	0	0.1845	1.0	0	0
440	1.0	25.0	[3, 2, 3, 3]	set()	7.521690109369569	5.988338050899721	5.882833150439044	0.0	0	[154.92286253720522, 330.886899959296, 334.88678466528654, 634.2200268855784]	1.3456515725009308	0	0	0	0	0	0.22350000000000003	1.25	0	0
193	1.0	25.0	[3]	set()	2.637524251861863	2.588321981460423	2.566946801263703	0.0	0	[193.26484389603135]	0.49092254167797844	0	0	0	0	0	0.19737500000000002	0.625	0	0
381	1.0	25.0	[3, 2]	set()	3.455382012966497	3.1297840596379154	3.1548459549016514	0.0	0	[1.1432026512920856, 435.6383101549]	0.6927750240245567	0	0	0	0	0	0.000375	0.375	0	0
69	1.0	25.0	[3, 3, 3, 3]	set()	2.77774552862767	2.112226283887428	2.179270480007375	0.0	0	[62.56093643605709, 379.0295685175806, 622.6079890038818, 834.5098872669041]	1.5079961852435173	0	0	0	0	0	0.41887499999999994	2.125	0	0
131	1.0	25.0	[2, 3, 3, 3]	set()	3.6631908244568994	2.899701976385042	2.921815798424201	0.0	0	[351.00650693821046, 590.7768411561847, 871.0674289613962, 926.583408843726]	1.4186422672685592	0	0	0	0	0	0.066875	1.0	0	0
256	1.0	25.0	[3, 3, 3, 2, 2, 3]	set()	7.528384464750308	5.049314665438484	5.391146665769414	0.0	0	[148.47774896770716, 164.83215065364877, 374.9104071627518, 417.4221873443362, 644.0195878967643, 649.2208739149179]	1.5437260027853394	0	0	0	0	0	0.39637500000000003	3.0	0	0
8	1.0	25.0	[3, 3]	set()	3.2400099423954036	2.9795131976182345	2.9713709483178268	0.0	0	[650.2664666622877, 812.3795473948121]	0.8887673419062332	0	0	0	0	0	0.3205	1.125	0	0
318	1.0	25.0	[2]	set()	2.926096066436381	2.850069698248152	2.8838115001487186	0.0	0	[934.2756774276496]	0.2424359594474898	0	0	0	0	0	0.25	0.5	0	0
194	1.0	25.0	[3, 3]	set()	2.7014439227341116	2.569823108891338	2.5669040232453613	0.0	0	[232.84212220460176, 260.1892508100718]	0.6607191190611573	0	0	0	0	0	0.4365	1.5	0	0
441	1.0	25.0	[2, 2, 2, 3, 2, 3]	set()	7.1749391365447615	4.733676307668166	4.934456419163943	0.0	0	[134.4957027518906, 311.29333252384225, 366.5981319630105, 496.0101246936461, 868.3321691299963, 956.8545208312572]	1.7189808132768034	0	0	0	0	0	0.438	3.0	0	0
70	1.0	25.0	[3]	set()	2.383227770014848	2.207171673028666	2.2060133647920144	0.0	0	[492.3084694892168]	0.6930288566098226	0	0	0	0	0	0.0635	0.125	0	0
132	1.0	25.0	[3, 3, 3]	set()	2.269577894767906	1.8254508041354007	1.81717985017795	0.0	0	[124.49977919459344, 920.714127577808, 923.4739635139704]	0.653779996477009	0	0	0	0	0	0.134625	0.625	0	0
319	1.0	25.0	[3, 2]	set()	3.899662446858426	3.6090054970531398	3.680270826927968	0.0	0	[565.0872346013784, 638.9838410541415]	0.8828599656992672	0	0	0	0	0	0.070625	0.125	0	0
257	1.0	25.0	[3, 2, 3]	set()	4.538174530624449	3.9534203597047166	3.943069799098865	0.0	0	[38.31326123327017, 241.1791572812945, 749.6010796166956]	1.1392361656736056	0	0	0	0	0	0.045625	0.5	0	0
382	1.0	25.0	[3, 3]	set()	6.050439563917124	5.804982745155324	5.788571289966531	0.0	0	[206.8636410322049, 286.42385825514793]	0.7681479679683803	0	0	0	0	0	0.20224999999999999	0.75	0	0
9	1.0	25.0	[3]	set()	4.73464205240611	4.270531686374881	4.240987232994481	0.0	0	[592.6835942082107]	0.6758669157136035	0	0	0	0	0	0.074	0.125	0	0
195	1.0	25.0	[3, 3, 2, 3]	set()	5.391685903026534	3.731682905136246	3.8638907979054515	0.0	0	[162.86925644518502, 282.1818944066763, 290.73257183508, 374.976337045818]	1.0921143499620047	0	0	0	0	0	0.07050000000000001	0.5	0	0
71	1.0	25.0	[3, 3, 3]	set()	3.9531282292712704	3.126513042606261	3.1474143220301696	0.0	0	[216.84558788877476, 524.7948094724542, 579.8568585887551]	1.2181448223038394	0	0	0	0	0	0.04075	0.375	0	0
320	1.0	25.0	[3, 3, 3, 3]	set()	3.39866843688821	2.623867328501107	2.6257742018827965	0.0	0	[191.3830421399325, 252.21705995500088, 588.8340880628675, 935.7041493058204]	1.3969831138581852	0	0	0	0	0	0.18375	1.0	0	0
133	1.0	25.0	[2, 3, 3, 3]	set()	4.638201112417947	3.5853811201729027	3.6124737314025452	0.0	0	[45.25441605102809, 164.98532174090963, 473.30967252714896, 889.1787310130894]	1.365654103488808	0	0	0	0	0	0.134625	1.0	0	0
442	1.0	25.0	[3, 2, 3, 2, 3, 3, 3]	set()	5.744526960374418	4.257081173099058	4.472271418319928	0.0	0	[32.98262180760503, 85.88313376344692, 352.1067990902806, 388.7915439164951, 762.8727592828781, 868.7551594339311, 931.271329666659]	1.7045259938769803	0	0	0	0	0	0.242375	2.375	0	0
383	1.0	25.0	[3, 3]	set()	2.3881998815334295	2.0958970101236516	2.167662697284643	0.0	0	[47.6241120532761, 691.8878597207367]	0.7909740899888615	0	0	0	0	0	0.428625	1.375	0	0
10	1.0	25.0	[3, 2, 2]	set()	5.768280216250554	4.066012247476175	4.0200099148503226	0.0	0	[311.59441026565605, 541.2025675177574, 910.8216802815164]	1.2846064625099594	0	0	0	0	0	0.125	0.5	0	0
258	1.0	25.0	[3, 3, 3]	set()	5.902794190463302	4.984287027040454	4.9737341792487335	0.0	0	[179.74482925357816, 243.69674129411575, 617.300019133836]	1.2197448230889925	0	0	0	0	0	0.20325	0.875	0	0
72	1.0	25.0	[3, 3]	set()	2.8897662761200573	2.38695240681099	2.485121377639004	0.0	0	[855.7843286544085, 935.7377253472804]	0.5116503300282478	0	0	0	0	0	0.27812499999999996	1.125	0	0
134	1.0	25.0	[3]	set()	1.9407596119557138	1.8535210984216863	1.8535647079310988	0.0	0	[485.8394965995103]	0.6927460872186768	0	0	0	0	0	0.31062500000000004	0.625	0	0
321	1.0	25.0	[3, 3, 2]	set()	3.977471710126152	3.2867246144454922	3.3516316282618464	0.0	0	[267.62376818805933, 654.1513272663789, 696.3342025410384]	1.2156463614210509	0	0	0	0	0	0.115125	0.375	0	0
443	1.0	25.0	[3]	set()	4.007415981664419	3.477893631996711	3.680894161100357	0.0	0	[923.9291371777654]	0.2690665690027113	0	0	0	0	0	0.125	0.25	0	0
384	1.0	25.0	[3, 3]	set()	3.489535141578486	2.9538748448431753	3.0213518401743795	0.0	0	[41.26321594230831, 308.7882851079442]	0.7395520378140632	0	0	0	0	0	0.13524999999999998	0.625	0	0
11	1.0	25.0	[3]	set()	2.3797508023019107	2.185230230523186	2.1136485710103234	0.0	0	[692.3915804363787]	0.617173725793259	0	0	0	0	0	0.25	0.5	0	0
196	1.0	25.0	[3, 2, 2, 3, 2, 3, 2, 3, 3]	set()	13.426371075793845	8.208141274710378	9.382807226479269	0.0	0	[33.19623985045439, 185.83711859234043, 220.79362580552697, 297.09793347865343, 476.73557669319575, 524.5008836768018, 673.7556452862918, 774.983839597553, 990.1837954329184]	2.058926427293403	0	0	0	0	0	0.062	0.75	0	0
259	1.0	25.0	[3, 3, 3, 2]	set()	6.616703767082971	5.7044882259329555	5.788111390440905	0.0	0	[307.97642515972257, 385.2013475889296, 555.4538834840059, 973.4778008472612]	1.3227936841027892	0	0	0	0	0	0.336625	1.75	0	0
135	1.0	25.0	[3, 2, 3]	set()	3.5144707215495488	3.0826573769700825	3.059397577653137	0.0	0	[263.86982947587967, 542.0482220948206, 773.7556006759405]	1.3825326151180184	0	0	0	0	0	0.21912500000000001	0.875	0	0
73	1.0	25.0	[3, 2, 2, 2]	set()	5.958219252248439	4.033051093714005	4.538978085591788	0.0	0	[167.864004150033, 298.88348776381525, 458.8923156261444, 981.4691341016442]	1.2721264807278638	0	0	0	0	0	0.04175	0.25	0	0
444	1.0	25.0	[3]	set()	3.0998427256106202	2.932684223648372	2.946639790217417	0.0	0	[853.8785972632468]	0.41592185026398926	0	0	0	0	0	0.03675	0.25	0	0
322	1.0	25.0	[3]	set()	3.5894888029003136	3.5383005307586872	3.512273843054839	0.0	0	[297.17788845300674]	0.6084541361381061	0	0	0	0	0	0.162125	0.375	0	0
385	1.0	25.0	[3, 3, 3]	set()	3.0041977823957793	2.258513993054796	2.3983293162422137	0.0	0	[60.98076910711825, 375.8450142547288, 825.8242690935731]	1.1981745635394603	0	0	0	0	0	0.27625	1.25	0	0
12	1.0	25.0	[3, 3]	set()	4.307382729037562	4.027640368554624	4.060122426501038	0.0	0	[4.2998651042580605, 261.2567632459104]	0.5962908387448331	0	0	0	0	0	0.19125	1.125	0	0
260	1.0	25.0	[3]	set()	2.7260814904560267	2.4375137172883905	2.4080148584725385	0.0	0	[352.0998731255532]	0.6487368605970067	0	0	0	0	0	0.081	0.125	0	0
197	1.0	25.0	[2, 3, 3, 3]	set()	5.945148420347689	4.155137451557396	4.5010307923321236	0.0	0	[89.19671301047937, 318.9025472383946, 819.747757865116, 951.4540676027536]	1.3136369983835805	0	0	0	0	0	0.579125	2.75	0	0
74	1.0	25.0	[2, 2]	set()	5.256470528262156	4.218491652492201	4.319399079001787	0.0	0	[219.42670573480427, 759.3128820881248]	1.0083972194475104	0	0	0	0	0	0.0	0.0	0	0
323	1.0	25.0	[3, 3, 3, 3]	set()	3.5801636163809487	2.8178283528481263	2.904151559476208	0.0	0	[147.11179451439315, 348.8496979698539, 798.9830950655819, 879.7117548843233]	1.4221106169344089	0	0	0	0	0	0.40962499999999996	1.875	0	0
445	1.0	25.0	[3, 2, 3]	set()	4.069184165470916	3.3773698593007238	3.582285179745527	0.0	0	[37.30551456101239, 287.8219364210963, 813.1896865088493]	1.121016985981063	0	0	0	0	0	0.060625	0.625	0	0
136	1.0	25.0	[3, 2]	set()	7.40813164821	6.13650284102127	6.140170301216217	0.0	0	[105.6723790243268, 155.89733072556555]	0.530783883961994	0	0	0	0	0	0.15125	0.625	0	0
386	1.0	25.0	[3, 2]	set()	5.433762142476982	4.495484382021616	4.532035838705572	0.0	0	[356.0923782642931, 486.18856511832354]	0.9751637764822346	0	0	0	0	0	0.161	0.5	0	0
13	1.0	25.0	[3, 3, 3, 3, 2]	set()	4.795847201919611	3.2840305344846055	3.423035682999995	0.0	0	[74.5649422006318, 568.203407644873, 596.4046406728864, 650.3294063732028, 710.4147111047876]	1.3280080332977215	0	0	0	0	0	0.178	1.125	0	0
261	1.0	25.0	[3, 2, 3]	set()	5.509959601838956	4.457888413802962	4.677159670610043	0.0	0	[29.88972328603268, 186.74227740558803, 442.3279932824593]	1.0698225570086322	0	0	0	0	0	0.00725	0.25	0	0
75	1.0	25.0	[3]	set()	1.7338533694945462	1.464250032313548	1.5231357360804385	0.0	0	[289.5076668355614]	0.6017102665184484	0	0	0	0	0	0.536125	1.125	0	0
198	1.0	25.0	[3, 2, 2]	set()	7.244186484865247	5.55259979431955	5.854291726598597	0.0	0	[137.60092156007886, 172.7433808967671, 367.1416398137808]	0.9985190768462453	0	0	0	0	0	0.03425	0.25	0	0
446	1.0	25.0	[3, 3, 3, 3, 3]	set()	6.066925741569504	4.420006261735559	4.700809852125416	0.0	0	[17.78089828100038, 145.74759480149967, 208.0567858647555, 563.6053388006985, 977.7635862119496]	1.325082578405268	0	0	0	0	0	0.15412499999999998	0.75	0	0
137	1.0	25.0	[3, 3]	set()	5.027991738113524	4.572285924684223	4.577682957857505	0.0	0	[538.1546724826469, 879.6558519825339]	0.9551725719264702	0	0	0	0	0	0.179875	0.625	0	0
324	1.0	25.0	[3, 3, 3, 2]	set()	7.479211031665013	6.411427893825756	6.2454994262152645	0.0	0	[19.347358981550045, 379.6879392379018, 800.2649853006005, 952.0001362543552]	1.240273200519519	0	0	0	0	0	0.33	1.75	0	0
387	1.0	25.0	[3, 3, 3]	set()	4.83552678940439	3.881347579275465	4.000464769460943	0.0	0	[622.0276069361717, 644.1054102839854, 857.305888740742]	0.9868462016602676	0	0	0	0	0	0.07775	0.125	0	0
262	1.0	25.0	[3, 3, 3]	set()	6.874811140950449	5.678796605452564	5.5019592633990175	0.0	0	[5.831945687532425, 72.57932983338833, 454.491337295698]	0.9088897488449932	0	0	0	0	0	0.13525	1.0	0	0
76	1.0	25.0	[2]	set()	6.198298281889593	5.725026110609999	5.728773284568073	0.0	0	[518.5410156846046]	0.6924594843782383	0	0	0	0	0	0.0	0.0	0	0
14	1.0	25.0	[3, 2, 3, 2, 2, 3]	set()	6.943874581982809	4.83642259867011	4.660880019029572	0.0	0	[136.29261730238795, 253.88587913609007, 301.2434422326908, 382.7092129914247, 793.7238990667823, 935.0033382351402]	1.6916520783650946	0	0	0	0	0	0.20475	1.625	0	0
199	1.0	25.0	[2, 3, 3, 2, 3]	set()	6.516668030332642	4.350730386216943	4.324665715607775	0.0	0	[1.922001380205263, 581.8075907882303, 725.4057552199811, 899.9983922112733, 983.016244834289]	1.1872412189561339	0	0	0	0	0	0.30237499999999995	2.0	0	0
138	1.0	25.0	[3, 3, 3]	set()	2.7544504758742265	2.247527465330317	2.3203859306089525	0.0	0	[204.25419695675373, 256.4947241161737, 598.5970341334155]	1.2119948382148178	0	0	0	0	0	0.332	1.625	0	0
447	1.0	25.0	[3, 3, 2]	set()	5.915130976321963	4.625460541248968	4.79686051568755	0.0	0	[426.4736634409587, 563.8359626755118, 728.6036171582995]	1.2871858195705803	0	0	0	0	0	0.05462500000000001	0.25	0	0
388	1.0	25.0	[2, 3]	set()	6.4075869315624265	5.41255185251545	5.440551214589918	0.0	0	[388.2290243636817, 493.9695419743657]	0.9495879390678272	0	0	0	0	0	0.43837499999999996	1.25	0	0
263	1.0	25.0	[3]	set()	3.285086400478325	3.1682036049162647	3.10313592187637	0.0	0	[794.2359745502472]	0.5082899711282708	0	0	0	0	0	0.0	0.0	0	0
325	1.0	25.0	[2, 3, 3, 3, 3, 3]	set()	8.748645298488217	6.097246962727778	6.220397530028452	0.0	0	[55.15566812178773, 325.00383042113367, 512.2478960895652, 795.1790091384289, 942.0482676947296, 958.839505445212]	1.6658687976378554	0	0	0	0	0	0.10300000000000001	1.25	0	0
15	1.0	25.0	[3]	set()	2.704129158379717	2.518001547170858	2.556699549616124	0.0	0	[829.9736538901925]	0.4559279856777985	0	0	0	0	0	0.04275	0.25	0	0
77	1.0	25.0	[3, 3, 3, 3]	set()	5.520609344971009	3.8439100239021924	3.8994553186683856	0.0	0	[298.46492346354745, 319.34572313912213, 400.15105716884136, 904.6138059347868]	1.2142688672640651	0	0	0	0	0	0.226875	1.375	0	0
200	1.0	25.0	[3]	set()	3.971613514447085	3.6057133868880995	3.694176638096175	0.0	0	[923.0839796364309]	0.2711718377995488	0	0	0	0	0	0.009625	0.125	0	0
139	1.0	25.0	[3]	set()	1.804577798035277	1.7674340355949547	1.7664076810449858	0.0	0	[720.8516607061028]	0.5921471565665731	0	0	0	0	0	0.14	0.5	0	0
448	1.0	25.0	[3, 2]	set()	4.527551314501881	3.8408877798714074	3.7550270527488405	0.0	0	[419.41921319812536, 875.1728968089296]	0.982302744604832	0	0	0	0	0	0.25	0.75	0	0
389	1.0	25.0	[2, 2]	set()	7.276307902647139	6.735165845137617	6.741032587696857	0.0	0	[749.8428060207516, 754.4044975639603]	0.585294437782224	0	0	0	0	0	0.0	0.0	0	0
78	1.0	25.0	[3]	set()	1.888645767719875	1.7792334830848973	1.7795072916588903	0.0	0	[491.27861112356186]	0.692995047597108	0	0	0	0	0	0.315875	0.625	0	0
326	1.0	25.0	[2, 2, 3]	set()	4.102963345269167	3.4826822488741014	3.392099007947773	0.0	0	[14.97021922841668, 169.031206285581, 599.2532321251929]	1.0803824796621424	0	0	0	0	0	0.22462500000000002	1.125	0	0
16	1.0	25.0	[3, 3, 3, 2]	set()	8.047498641811346	4.594734038601459	4.8801208936556915	0.0	0	[5.7800039102327005, 221.80090567233532, 230.21131590940055, 235.52759332380657]	0.6341549630370867	0	0	0	0	0	0.15375	1.0	0	0
264	1.0	25.0	[3, 3, 3, 2]	set()	6.450270011136107	4.809648026321222	4.839348201319469	0.0	0	[62.86963131629975, 900.8464354556054, 914.5212904550136, 993.147523375228]	0.6148582433865989	0	0	0	0	0	0.081	2.0	0	0
201	1.0	25.0	[3]	set()	4.1549912505233255	3.5316501082279457	3.50522563073732	0.0	0	[318.88938997872174]	0.6260294750900273	0	0	0	0	0	0.125	0.25	0	0
140	1.0	25.0	[2, 2, 2, 2, 3]	set()	4.261773482081965	3.122478418453447	3.233545529008465	0.0	0	[16.55205525457859, 45.18273191298794, 231.665249025838, 643.2114159688354, 877.0699133165181]	1.4456676505645982	0	0	0	0	0	0.140375	0.875	0	0
449	1.0	25.0	[2, 3, 2]	set()	6.125543689990102	4.936329603953923	4.913716007528943	0.0	0	[542.7462552883942, 823.7151307985187, 933.1304163002364]	1.1113484141711922	0	0	0	0	0	0.125	0.5	0	0
79	1.0	25.0	[3, 3, 3]	set()	3.8788866301204368	3.5637651689501113	3.552065236945302	0.0	0	[98.69393643852042, 125.0564819201827, 358.9765353250396]	0.9492875492897686	0	0	0	0	0	0.21325	1.5	0	0
390	1.0	25.0	[3, 3, 2, 2]	set()	5.2343470604398705	3.9721173589341916	4.098143450876903	0.0	0	[124.84828980174044, 529.8388064838946, 542.7898527914645, 986.9196929503232]	1.0993240982073567	0	0	0	0	0	0.3595	1.75	0	0
202	1.0	25.0	[3]	set()	4.026563715147386	3.62339624538478	3.655190153665781	0.0	0	[731.9883350282907]	0.581271152526882	0	0	0	0	0	0.408625	0.875	0	0
17	1.0	25.0	[3, 3, 2]	set()	5.5911066319459835	4.604507182886884	4.60579404744465	0.0	0	[245.74744701385495, 445.5523160286248, 584.6086607780308]	1.305939484736064	0	0	0	0	0	0.469375	1.875	0	0
327	1.0	25.0	[3, 3, 3]	set()	7.372596201827889	6.481036904931816	6.212353498553627	0.0	0	[632.8475326299667, 760.8045376837254, 799.8781111091375]	1.0012818706344162	0	0	0	0	0	0.217	1.25	0	0
141	1.0	25.0	[3, 3, 3]	set()	4.20210775320922	3.003036379950177	3.085742146203894	0.0	0	[437.7895983987017, 559.9248332437128, 730.4573818196616]	1.2734474110246052	0	0	0	0	0	0.1255	0.625	0	0
450	1.0	25.0	[3, 2]	set()	2.862127884332952	2.6717297682259114	2.662123013266548	0.0	0	[339.6600103005767, 344.25535378977656]	0.668217363646118	0	0	0	0	0	0.252125	0.75	0	0
265	1.0	25.0	[2, 3, 2, 2, 2, 3, 2]	set()	10.159032645240398	6.395812427067826	6.92055563388237	0.0	0	[265.93668945133686, 428.390107345372, 550.6788330126135, 594.8950266465545, 779.5360055752099, 861.5840363781899, 877.9747374355793]	1.88348380934909	0	0	0	0	0	0.052125	0.75	0	0
80	1.0	25.0	[3]	set()	3.125157928813209	3.098995883136273	3.099803349107032	0.0	0	[878.4494965802878]	0.3700029202556003	0	0	0	0	0	0.0305	0.25	0	0
203	1.0	25.0	[2, 3]	set()	4.435628701316734	3.620638255188249	3.6223379344268163	0.0	0	[282.7017988946876, 548.9812083542347]	1.068620266734789	0	0	0	0	0	0.25	0.75	0	0
328	1.0	25.0	[3, 3, 3, 3]	set()	6.223713197019337	5.130177935553677	5.046010251405173	0.0	0	[58.51423138268341, 213.3264821022749, 509.3905101530254, 978.1987695023416]	1.2538216020986332	0	0	0	0	0	0.28437500000000004	1.625	0	0
451	1.0	25.0	[2, 3]	set()	4.127001785808647	3.7128637684170944	3.707991986599552	0.0	0	[444.008432328701, 785.788546083495]	1.0574817947389659	0	0	0	0	0	0.25	0.75	0	0
18	1.0	25.0	[2, 3, 2]	set()	8.483670324408827	7.770002288447013	7.6375149553789585	0.0	0	[335.1000132970512, 695.3632590132765, 885.7068903744221]	1.2978398550596353	0	0	0	0	0	0.125	0.5	0	0
142	1.0	25.0	[2]	set()	4.44181375968754	4.081672227294141	4.068241135280492	0.0	0	[211.12935454584655]	0.5154491421940214	0	0	0	0	0	0.0	0.0	0	0
391	1.0	25.0	[3, 2, 2, 3, 2, 2, 2, 3]	set()	8.654144129764456	5.669613870758541	6.2679706421874695	0.0	0	[218.18710956722495, 313.5529055725783, 458.9243686211699, 510.3892770130187, 661.6237862035632, 818.57499471976, 901.5250362491186, 962.14873735874]	2.0659962551721947	0	0	0	0	0	0.157	1.375	0	0
266	1.0	25.0	[3]	set()	5.325600929831833	4.973534015124196	4.9286449852039915	0.0	0	[768.4116733726114]	0.5411884233357411	0	0	0	0	0	0.0	0.0	0	0
204	1.0	25.0	[3, 2, 3]	set()	3.711697667794277	3.1310127143169844	3.1376813460666693	0.0	0	[224.8886355664581, 396.8146595251718, 652.4643055163324]	1.354275093779257	0	0	0	0	0	0.2455	0.75	0	0
81	1.0	25.0	[2, 3, 2]	set()	6.3692837544945125	4.627762039038009	4.97670464054897	0.0	0	[404.7028337176719, 560.3535112459213, 671.1679751718264]	1.2651374913616427	0	0	0	0	0	0.11	0.5	0	0
329	1.0	25.0	[3, 3, 3, 3, 3]	set()	5.174252611904356	3.637002134967271	3.674358743655284	0.0	0	[63.67455228425811, 378.7386240437627, 516.4088308661054, 549.7950953431427, 974.2417624220252]	1.38372307107443	0	0	0	0	0	0.3495	1.875	0	0
19	1.0	25.0	[3, 3]	set()	3.0419893918030754	2.367364594753344	2.4293281440625902	0.0	0	[218.668400257393, 689.7563661914319]	1.0501206145524504	0	0	0	0	0	0.07775	0.25	0	0
267	1.0	25.0	[3, 3]	set()	5.537854268615976	4.660877436450919	4.679633327390509	0.0	0	[41.94361646659672, 725.9949177563714]	0.7475001214501872	0	0	0	0	0	0.0855	0.125	0	0
143	1.0	25.0	[3, 3]	set()	5.06936608148367	4.201441741725204	4.103676245127552	0.0	0	[431.8870306015015, 697.0366556197405]	1.0763660413111449	0	0	0	0	0	0.071125	0.25	0	0
392	1.0	25.0	[3]	set()	4.328187452286975	4.0091522449680665	4.099630079959301	0.0	0	[769.7433633729815]	0.5395862525109941	0	0	0	0	0	0.125	0.25	0	0
205	1.0	25.0	[2]	set()	3.2817084158158054	3.00887051721509	3.008856622073263	0.0	0	[500.75789634138346]	0.6931460317457768	0	0	0	0	0	0.0	0.0	0	0
82	1.0	25.0	[3, 3]	set()	4.88980166355596	4.535486753884906	4.633366917751598	0.0	0	[98.81801167640374, 515.4571260791272]	0.9445691559670409	0	0	0	0	0	0.168625	0.5	0	0
452	1.0	25.0	[3, 3, 3, 2, 3]	set()	10.437561744734463	8.730114900712453	9.001335569727116	0.0	0	[20.97863417667778, 216.175246052444, 273.63284677267075, 336.9815903173423, 530.8091910312597]	1.4119816863248689	0	0	0	0	0	0.1525	1.0	0	0
20	1.0	25.0	[3, 3]	set()	5.85794494787557	4.942378328833136	4.943507121390164	0.0	0	[21.46597672253847, 316.244435030967]	0.7024709902308384	0	0	0	0	0	0.21050000000000002	0.5	0	0
330	1.0	25.0	[2, 2]	set()	5.990037095456105	4.192469745781732	4.55531792321267	0.0	0	[303.74432168900967, 822.6240379735827]	1.0091294057049716	0	0	0	0	0	0.125	0.375	0	0
268	1.0	25.0	[3]	set()	4.451119406497191	4.354599951267085	4.353086115920627	0.0	0	[837.2231991961598]	0.44424589623584665	0	0	0	0	0	0.145375	0.375	0	0
393	1.0	25.0	[3, 2]	set()	3.2585393509826166	3.106527914467299	3.095892756493214	0.0	0	[366.2335242876968, 925.711365416646]	0.8859286610480848	0	0	0	0	0	0.2165	0.625	0	0
83	1.0	25.0	[3, 3]	set()	4.2410277137672265	3.368326177869612	3.5264613846169253	0.0	0	[230.39389096681373, 325.12240670621395]	0.826838670521189	0	0	0	0	0	0.084375	0.125	0	0
144	1.0	25.0	[2, 2, 2, 2]	set()	4.491527603615661	3.4344583460600875	3.7355443734425737	0.0	0	[225.38733016699555, 641.9397285208106, 684.9023541435599, 795.7357717677951]	1.4040714121186924	0	0	0	0	0	0.125	0.625	0	0
206	1.0	25.0	[2, 3, 3, 3]	set()	7.097055099323595	5.662943311927166	5.7297204649222	0.0	0	[196.84414006769657, 340.8801834842592, 363.5508907027543, 613.7185788009347]	1.398948438840818	0	0	0	0	0	0.40325	2.375	0	0
269	1.0	25.0	[3, 3, 3]	set()	4.557751759420551	3.4266664246774297	3.795843999129726	0.0	0	[374.4342870410789, 460.4094661772251, 953.8640454411508]	1.0692391394541703	0	0	0	0	0	0.121875	0.75	0	0
453	1.0	25.0	[2, 3, 3]	set()	4.819695658155503	4.192220631265775	4.2551870498538955	0.0	0	[425.9268445894122, 631.5191946923733, 851.3896935619414]	1.3050979185474703	0	0	0	0	0	0.2545	1.25	0	0
331	1.0	25.0	[2, 3, 3, 3, 3]	set()	10.568782273336742	8.645017091192267	8.486864007338243	0.0	0	[170.50052204999733, 407.9696771223098, 565.1165589224547, 756.3916969933064, 777.5092484994382]	1.6660598081164306	0	0	0	0	0	0.25	1.5	0	0
21	1.0	25.0	[2, 2]	set()	7.5292649628903385	5.716078792317764	5.64374890866847	0.0	0	[313.23724426329136, 484.22173084691167]	1.0070794485208012	0	0	0	0	0	0.125	0.375	0	0
84	1.0	25.0	[3]	set()	2.9844134146161414	2.9371724203252496	2.947353146969946	0.0	0	[177.45641665533185]	0.46751453268639287	0	0	0	0	0	0.33075	0.5	0	0
207	1.0	25.0	[3]	set()	3.624040005282109	3.2260765925587016	3.193585849808124	0.0	0	[164.08743103966117]	0.4463860407780279	0	0	0	0	0	0.0	0.0	0	0
145	1.0	25.0	[3, 3]	set()	4.7127789867705046	3.9062631835064794	4.118448084129177	0.0	0	[420.4608860891312, 781.5783910918981]	1.0643967611875385	0	0	0	0	0	0.24999999999999997	0.75	0	0
394	1.0	25.0	[3, 2]	set()	5.867982381681037	4.23595609310822	4.481012139612615	0.0	0	[176.6214589588344, 712.6588600751707]	0.9988025371548526	0	0	0	0	0	0.10300000000000001	0.25	0	0
332	1.0	25.0	[3]	set()	2.454519535456439	2.2833593588059027	2.2841718657603054	0.0	0	[520.9735631942749]	0.6922671416673585	0	0	0	0	0	0.19	0.375	0	0
85	1.0	25.0	[3, 2]	set()	3.431456704684992	3.079830728502201	3.124148733091327	0.0	0	[123.225677292794, 777.0470064133406]	0.8704313676183264	0	0	0	0	0	0.140375	0.5	0	0
208	1.0	25.0	[3]	set()	3.2618418127305397	3.085443747557936	2.856829058207928	0.0	0	[980.8588731102644]	0.09467744584998561	0	0	0	0	0	0.0025	0.125	0	0
270	1.0	25.0	[3, 3]	set()	3.6877934620515123	3.531322760282673	3.5292878444917615	0.0	0	[478.3110667485744, 920.177890337674]	0.9154315092467282	0	0	0	0	0	0.155	0.75	0	0
22	1.0	25.0	[2, 3]	set()	5.801292162675138	5.008863549841056	4.980660378554435	0.0	0	[221.8310199677944, 777.8866768348962]	0.9945681557315087	0	0	0	0	0	0.0	0.0	0	0
395	1.0	25.0	[3]	set()	4.159762579205403	4.150345355767458	4.152339112716438	0.0	0	[870.1173230074346]	0.38616361922230535	0	0	0	0	0	0.065	0.5	0	0
146	1.0	25.0	[3, 3]	set()	5.819739838667101	5.003613193237651	4.825243838792597	0.0	0	[47.84598108381033, 518.6866107396781]	0.8520486244138715	0	0	0	0	0	0.2545	0.875	0	0
454	1.0	25.0	[2, 2, 3, 3, 2, 2]	set()	12.360222583515226	8.061242068431941	9.218903808470557	0.0	0	[13.325384156979592, 21.815707817614506, 39.99607599110278, 228.53691084310407, 774.1587606245641, 776.5084478939555]	1.1651074881909058	0	0	0	0	0	0.101375	0.75	0	0
86	1.0	25.0	[3, 3]	set()	5.049269125651736	4.237612268335068	4.255008717957115	0.0	0	[860.0493213161826, 951.4208431355656]	0.49523214564368606	0	0	0	0	0	0.035875000000000004	0.625	0	0
271	1.0	25.0	[2]	set()	1.8026451518951268	1.671625888821853	1.6780449124074777	0.0	0	[359.8793298006058]	0.65334873388603	0	0	0	0	0	0.0	0.0	0	0
209	1.0	25.0	[3, 2, 3, 3]	set()	3.417622879183636	2.1362834806567075	2.214854790490226	0.0	0	[395.2192864380777, 526.9899981973476, 627.7541960589588, 773.4154021452498]	1.4822055330816706	0	0	0	0	0	0.39537500000000003	1.75	0	0
333	1.0	25.0	[3]	set()	4.186773378084158	3.993531019204523	3.8885873062146596	0.0	0	[969.9566732160748]	0.13489274411716945	0	0	0	0	0	0.128875	0.375	0	0
396	1.0	25.0	[2]	set()	2.8982279663193364	2.5636369374424093	2.5640281915524095	0.0	0	[845.0961203780025]	0.4311218888108696	0	0	0	0	0	0.0	0.0	0	0
147	1.0	25.0	[3, 2]	set()	4.293681255044087	3.4917228416841897	3.426902807095086	0.0	0	[55.39917689748109, 682.5369361322373]	0.8171511382179837	0	0	0	0	0	0.256875	0.875	0	0
23	1.0	25.0	[2, 2, 3]	set()	5.756858759224166	3.7388224156481322	4.1672332195010355	0.0	0	[401.6369418241084, 813.0275290887503, 980.5288435891272]	1.1077567848832148	0	0	0	0	0	0.005	0.25	0	0
87	1.0	25.0	[3]	set()	2.3905167086771963	2.215875047660386	2.147488691910099	0.0	0	[898.1593435164541]	0.3291085884484443	0	0	0	0	0	0.26275	0.625	0	0
455	1.0	25.0	[2, 3, 2, 3]	set()	6.551504811299541	4.964900215288979	5.19851196064396	0.0	0	[219.62489932775495, 581.7685259971768, 679.288955103325, 808.5998811293393]	1.5087160564527182	0	0	0	0	0	0.29425	1.25	0	0
272	1.0	25.0	[2, 3]	set()	2.756159583782075	2.1469672470765606	2.1468938494449215	0.0	0	[110.07597483694552, 928.7086240947248]	0.5949956563300862	0	0	0	0	0	0.13399999999999998	0.5	0	0
210	1.0	25.0	[3, 3, 3]	set()	4.922006248049306	4.052991783091124	4.151153278120844	0.0	0	[550.9531097486615, 784.021464176476, 799.7237326861315]	1.055154647662931	0	0	0	0	0	0.054000000000000006	0.5	0	0
148	1.0	25.0	[3]	set()	2.597118757189634	2.547275365727564	2.544175259581068	0.0	0	[532.5948195531964]	0.6910208284843193	0	0	0	0	0	0.492	1.0	0	0
397	1.0	25.0	[3]	set()	4.840449918752957	4.3144707008292995	4.344752582318124	0.0	0	[820.1636672019958]	0.47114521969606926	0	0	0	0	0	0.3075	0.375	0	0
334	1.0	25.0	[3, 2, 3]	set()	4.268360482803317	3.1598805728740897	3.3308621589337406	0.0	0	[197.75426806882024, 361.69239997817857, 803.9141190238297]	1.2972417990364813	0	0	0	0	0	0.225375	0.875	0	0
24	1.0	25.0	[2, 3]	set()	6.678332243174937	5.985811829250496	6.159973207565198	0.0	0	[47.46050434187055, 393.8564127311111]	0.8153511516272083	0	0	0	0	0	0.19649999999999998	1.0	0	0
273	1.0	25.0	[3]	set()	3.6915828009732614	3.4898402161784348	3.411178582980637	0.0	0	[834.8308962304145]	0.4481428812256689	0	0	0	0	0	0.0	0.0	0	0
211	1.0	25.0	[3]	set()	3.6779664599277986	3.3220032045220904	3.269460913388907	0.0	0	[142.30765658430755]	0.40913053683401324	0	0	0	0	0	0.0	0.0	0	0
456	1.0	25.0	[3, 2, 3]	set()	6.128802713868453	5.4458268131642935	5.292330007711316	0.0	0	[75.09248843416572, 895.9492282010615, 938.144869171083]	0.6621677345431878	0	0	0	0	0	0.225125	0.625	0	0
335	1.0	25.0	[3]	set()	1.8416134208255701	1.801379461049351	1.8076946142055221	0.0	0	[930.8323692530394]	0.2514805252817453	0	0	0	0	0	0.16	0.75	0	0
88	1.0	25.0	[3, 2, 3, 3]	set()	10.660747589082659	7.408759462518892	7.558075925552124	0.0	0	[37.98364521935582, 58.42306920846152, 748.9762692916111, 826.4028032682581]	0.9614921548745543	0	0	0	0	0	0.125	0.625	0	0
149	1.0	25.0	[3, 3, 3, 2, 3, 3]	set()	5.244675025943957	4.112545606446796	4.286067445225834	0.0	0	[196.28839853550065, 523.5032165546505, 601.8495983444154, 733.783946707046, 779.0489268890583, 830.7865741662681]	1.7458332437520434	0	0	0	0	0	0.242625	2.125	0	0
25	1.0	25.0	[2, 2]	set()	4.719911120789697	3.861052840961848	3.95722718687562	0.0	0	[338.7227361090481, 930.9469517941164]	0.8615112350453795	0	0	0	0	0	0.0	0.0	0	0
398	1.0	25.0	[3, 3, 3, 2, 3]	set()	11.75870736099012	7.520558825888159	8.089157344289019	0.0	0	[116.6797522455454, 256.9266867383564, 528.1194858253002, 545.196133605042, 863.1457698097576]	1.5860564106783261	0	0	0	0	0	0.208125	1.25	0	0
212	1.0	25.0	[3, 3, 2]	set()	4.038053498400714	2.790701363337405	3.0650368035950293	0.0	0	[122.04091437160967, 396.70441788621247, 978.517783682228]	1.0092397035342184	0	0	0	0	0	0.1485	0.75	0	0
457	1.0	25.0	[3]	set()	4.332392151910225	3.7784773754392025	3.7482442442880273	0.0	0	[795.8723232150078]	0.5060716274057758	0	0	0	0	0	0.125	0.25	0	0
274	1.0	25.0	[2, 2, 3, 3, 3]	set()	7.689068326841795	6.179888088748395	6.347241334945389	0.0	0	[136.82481380518485, 265.6302925122569, 373.831910546869, 474.2525040637702, 772.839040878895]	1.7051270165368813	0	0	0	0	0	0.2435	1.75	0	0
89	1.0	25.0	[2]	set()	4.438291067625807	4.384137803733077	4.383834231300735	0.0	0	[296.0875006392598]	0.6075127116049788	0	0	0	0	0	0.125	0.25	0	0
150	1.0	25.0	[3]	set()	2.8420943124636295	2.7033312170524857	2.700597102725392	0.0	0	[336.2602535635233]	0.6385237073843927	0	0	0	0	0	0.20800000000000002	0.375	0	0
399	1.0	25.0	[3, 3]	set()	3.624159949509439	3.0785407023738895	3.1601664700915753	0.0	0	[463.1218973081559, 831.6847309470177]	1.0242975737901567	0	0	0	0	0	0.271125	0.875	0	0
26	1.0	25.0	[3, 3, 3, 3, 3]	set()	5.990845656766561	4.162677193876027	4.137877567841548	0.0	0	[188.6959220696882, 336.6095940582454, 798.1548494358084, 807.2165795049092, 837.4066491446921]	1.3978573421284222	0	0	0	0	0	0.21462499999999998	1.375	0	0
336	1.0	25.0	[2, 3, 2, 3, 3, 2, 2, 3]	set()	8.817091353778496	6.10677984989163	6.485748297064227	0.0	0	[20.57831953818345, 98.71568833743092, 227.11699523818896, 236.4447684958577, 296.3385820220985, 485.7890433188602, 535.7909820866604, 791.3707648403943]	1.8954795156938797	0	0	0	0	0	0.34600000000000003	3.875	0	0
275	1.0	25.0	[2, 3]	set()	2.6445700451531047	1.9523109537767596	2.0504192031230684	0.0	0	[78.0149414204061, 950.8419665507972]	0.4658240239735483	0	0	0	0	0	0.0	0.0	0	0
458	1.0	25.0	[2]	set()	3.935860034540055	3.7622379753896977	3.766811503797875	0.0	0	[462.9400412086397]	0.6903977788068266	0	0	0	0	0	0.0	0.0	0	0
90	1.0	25.0	[3, 3]	set()	2.871160509234795	2.323520922056099	2.4201486042019478	0.0	0	[317.9765362292528, 810.277699958533]	1.0285620818267862	0	0	0	0	0	0.29575	0.875	0	0
213	1.0	25.0	[3, 3, 3, 2, 2]	set()	5.009615967436008	3.640232040647965	3.756100365575035	0.0	0	[395.7959815351861, 606.8063825368881, 611.5732565522194, 719.8492526076734, 983.725352070488]	1.3799125245476513	0	0	0	0	0	0.2765	1.25	0	0
151	1.0	25.0	[3, 3, 3, 2]	set()	9.874620002597329	7.315790019390128	8.000395643224277	0.0	0	[411.718018585816, 575.6073665620929, 752.3219268769026, 959.7686806228012]	1.4236114647636167	0	0	0	0	0	0.20912499999999998	1.25	0	0
400	1.0	25.0	[3]	set()	5.278538095495916	4.682969629033945	4.662556368094648	0.0	0	[382.64166633598506]	0.6653425529751079	0	0	0	0	0	0.04775	0.125	0	0
337	1.0	25.0	[3]	set()	3.398966835953483	3.1386189320484306	3.2132873304654845	0.0	0	[938.0500153638422]	0.2322996009131243	0	0	0	0	0	0.13274999999999998	0.375	0	0
27	1.0	25.0	[3, 2]	set()	4.992759435799493	4.383997937137595	4.338583132002603	0.0	0	[86.90271293744445, 438.8863854110241]	0.9040606695887197	0	0	0	0	0	0.0	0.0	0	0
276	1.0	25.0	[3, 3]	set()	5.606516113707089	4.819037198590416	4.727698427537626	0.0	0	[406.3544853124768, 985.6801716131312]	0.7429860885520849	0	0	0	0	0	0.07425	0.25	0	0
91	1.0	25.0	[2, 2]	set()	7.430845320698657	5.085848893265002	5.505485543180445	0.0	0	[201.687877997756, 252.84812971949577]	0.6927828569755743	0	0	0	0	0	0.0	0.0	0	0
214	1.0	25.0	[3]	set()	3.896271178616873	3.355844031263002	3.3584796716074927	0.0	0	[455.8232217095792]	0.6892389108963851	0	0	0	0	0	0.11375	0.25	0	0
459	1.0	25.0	[3, 3, 3, 3, 3, 3, 3, 2]	set()	11.260595075059927	6.845886866053522	8.110851915851434	0.0	0	[10.15208955406055, 37.43261285126209, 64.17737319147854, 159.12328894691984, 409.6213498127585, 548.4058625706209, 602.1736500678641, 661.2226237485005]	1.7770295189157423	0	0	0	0	0	0.34075	2.875	0	0
28	1.0	25.0	[3]	set()	4.7796363367007935	4.573785459642973	4.217946568083871	0.0	0	[147.19451405107975]	0.41781166319961127	0	0	0	0	0	0.143375	0.375	0	0
152	1.0	25.0	[2, 3, 3]	set()	7.576395372885342	5.576773812805265	5.917255857990211	0.0	0	[85.70446725934744, 577.9287768527865, 848.8254958718264]	1.1988748307056374	0	0	0	0	0	0.019	0.125	0	0
401	1.0	25.0	[3, 3]	set()	3.8463538603031324	3.6692239111830265	3.7029896780388727	0.0	0	[256.68068871592743, 535.824837628752]	1.0615126098820808	0	0	0	0	0	0.590125	1.75	0	0
92	1.0	25.0	[3, 3, 3, 3, 3]	set()	7.9010555617633464	6.056215183951231	6.0680172879694805	0.0	0	[28.801318755798167, 350.13602493749363, 510.09557755541255, 559.5038284081966, 857.4556824751198]	1.5472096580887278	0	0	0	0	0	0.198	1.125	0	0
277	1.0	25.0	[3, 3]	set()	4.020404894797352	3.4848771742432683	3.463572917929867	0.0	0	[270.01135936006904, 575.1893231645226]	1.0794124648070738	0	0	0	0	0	0.1775	0.625	0	0
338	1.0	25.0	[3, 3, 3]	set()	4.698363798791483	4.004961383667713	3.989613902127463	0.0	0	[1.5233689919114113, 805.414074100554, 942.447228357196]	0.62203875687156	0	0	0	0	0	0.03175	0.5	0	0
215	1.0	25.0	[3]	set()	3.1450132615763327	3.037682943516446	3.042448659400807	0.0	0	[3.2436642795801163]	0.02182800538514253	0	0	0	0	0	0.250375	0.625	0	0
460	1.0	25.0	[3]	set()	2.6362240682981826	2.5120304969501484	2.4732873391641963	0.0	0	[753.737126942724]	0.55819212324923	0	0	0	0	0	0.125	0.25	0	0
29	1.0	25.0	[2, 3, 2, 3]	set()	4.178888959834174	3.7244193044454548	3.4270123723579946	0.0	0	[65.39318776394376, 473.0346984910608, 784.8638109862804, 926.6898688559326]	1.3760994540252782	0	0	0	0	0	0.141	0.875	0	0
93	1.0	25.0	[3]	set()	3.0193886373773458	2.4325886793760843	2.4398072471488437	0.0	0	[98.98208361119032]	0.322840608622671	0	0	0	0	0	0.0	0.0	0	0
278	1.0	25.0	[2, 3]	set()	4.485710366371032	3.749516963429086	3.8862452722619567	0.0	0	[563.1106493528932, 649.3237548714203]	0.9021560311849741	0	0	0	0	0	0.08775	0.25	0	0
153	1.0	25.0	[3, 3, 3]	set()	6.977988670124224	5.219365518650113	5.0170090957846085	0.0	0	[370.7337123341858, 931.2709900570258, 993.9616648480296]	0.8968188750273859	0	0	0	0	0	0.054875	0.375	0	0
461	1.0	25.0	[3]	set()	6.66091110925511	5.800863229588094	5.865362830711425	0.0	0	[929.8704874236136]	0.25397382696757825	0	0	0	0	0	0.125	0.25	0	0
216	1.0	25.0	[3, 2, 3, 3, 3]	set()	6.021258699657222	4.801054486047375	4.739968008786239	0.0	0	[21.28888084553182, 100.16576759517191, 247.1040415111929, 308.0232893116772, 981.2432290054858]	1.0755067605945843	0	0	0	0	0	0.16874999999999998	1.5	0	0
339	1.0	25.0	[3, 3, 2]	set()	6.255802763162265	5.07716559598528	4.935645448276121	0.0	0	[358.2896450534463, 538.6646473780274, 942.2392325241932]	1.207587548644751	0	0	0	0	0	0.1475	0.625	0	0
402	1.0	25.0	[2, 2, 2, 3]	set()	6.343212451661383	4.87870502654909	4.947098936515816	0.0	0	[152.42851105669018, 342.449050088637, 524.5078234001994, 722.4041372745007]	1.5887614097981595	0	0	0	0	0	0.03475	0.125	0	0
154	1.0	25.0	[3, 3]	set()	3.715937171300709	3.392268122748371	3.4136458376102627	0.0	0	[587.7416259979266, 976.064559072256]	0.7690239387688135	0	0	0	0	0	0.27775	0.875	0	0
30	1.0	25.0	[3]	set()	4.848364437962698	4.368620000847007	4.397410839458602	0.0	0	[633.3262221887708]	0.6571616479397673	0	0	0	0	0	0.045875	0.125	0	0
279	1.0	25.0	[2, 2, 2]	set()	5.875654250040261	4.259331789573112	4.702980681236845	0.0	0	[9.416484972462058, 39.6324060857296, 643.916460685432]	0.8217405837571252	0	0	0	0	0	0.0	0.0	0	0
403	1.0	25.0	[3, 3, 3, 3]	set()	5.937575140046664	4.136047744558867	4.315715473224864	0.0	0	[590.3981540960033, 713.0506009378074, 806.0532731469721, 973.3849049080164]	1.1850476803714984	0	0	0	0	0	0.031	0.5	0	0
340	1.0	25.0	[3]	set()	4.803486105379029	4.0207701694685	4.1865181143735795	0.0	0	[182.59896524250507]	0.4753116250243691	0	0	0	0	0	0.10225	0.125	0	0
462	1.0	25.0	[3, 3, 2, 2, 3]	set()	5.177246863989962	4.284700886667437	4.226510662908156	0.0	0	[119.65916585177185, 538.2927605327816, 579.3099448426349, 729.0557033848017, 876.1080494150519]	1.5745409248302025	0	0	0	0	0	0.089875	0.75	0	0
217	1.0	25.0	[3, 3]	set()	6.588594078070487	5.516237390936147	5.7050909356400235	0.0	0	[10.353121906518936, 32.43151027709246]	0.16340677356294658	0	0	0	0	0	0.012	0.75	0	0
94	1.0	25.0	[3, 2, 2, 3, 3, 3, 2, 2, 3]	set()	8.679245989413365	5.633336212035568	6.152502356528591	0.0	0	[57.76593914169226, 273.8635651767254, 582.1513244882226, 641.0943663213402, 732.5691891275694, 773.5545132309198, 781.9104899647227, 839.1073633314074, 892.4680927302688]	1.974946848971019	0	0	0	0	0	0.11200000000000002	1.625	0	0
280	1.0	25.0	[3, 2]	set()	2.9487223426560742	2.6677884857161587	2.6515614391126903	0.0	0	[374.34489000588655, 635.9533071517944]	1.0864747849073269	0	0	0	0	0	0.375	1.125	0	0
155	1.0	25.0	[3]	set()	3.8103162577652703	3.4434597405933824	3.5791251582450694	0.0	0	[834.7913543693721]	0.4482069436270151	0	0	0	0	0	0.06225	0.375	0	0
31	1.0	25.0	[3, 3, 2, 3]	set()	6.152392809764983	4.4921542984082325	4.523388364003434	0.0	0	[400.8669299073517, 438.4342664852738, 597.0767932012677, 924.3827489768884]	1.3426055667113104	0	0	0	0	0	0.08925	0.625	0	0
218	1.0	25.0	[2]	set()	3.6649079799550632	3.099369195601237	3.253571039107978	0.0	0	[13.47644254565239]	0.0714257306182784	0	0	0	0	0	0.0	0.0	0	0
404	1.0	25.0	[3, 3]	set()	2.8936569208542453	2.358949118594121	2.3680278698465624	0.0	0	[420.0396002270281, 483.26965793967247]	0.8800846334293713	0	0	0	0	0	0.3225	1.0	0	0
463	1.0	25.0	[3, 3, 3]	set()	3.6675189326414386	3.1279462122206296	2.977199577538387	0.0	0	[769.3987656649206, 892.4747332930565, 960.157027002424]	0.7702031802844482	0	0	0	0	0	0.25	1.0	0	0
95	1.0	25.0	[3]	set()	5.196988041190133	4.992016330940694	4.984043262682714	0.0	0	[666.6323549579829]	0.6365379487100826	0	0	0	0	0	0.08325	0.125	0	0
281	1.0	25.0	[3, 3, 3]	set()	3.7449777201952386	2.923287204360128	2.93671852159978	0.0	0	[10.963945116446382, 316.9325925409794, 532.8882792684855]	1.0983828404694396	0	0	0	0	0	0.18475000000000003	0.75	0	0
156	1.0	25.0	[3, 3, 3]	set()	4.780112716831161	4.0925194911066685	4.2475097143911045	0.0	0	[128.0627832747996, 278.0923158861697, 739.6737183444202]	1.2549928751797035	0	0	0	0	0	0.29100000000000004	1.125	0	0
219	1.0	25.0	[2]	set()	3.6389321980916742	3.2307470450389664	3.1764579633702894	0.0	0	[903.048848733306]	0.31833185261904867	0	0	0	0	0	0.0	0.0	0	0
341	1.0	25.0	[3, 2, 2, 3, 2, 3, 2, 2]	set()	10.32734507525701	6.041682758500345	7.103286229737968	0.0	0	[49.51239288811715, 169.44272352702905, 220.00098213424255, 399.48328817263246, 483.9218558732993, 567.6326057833361, 659.713396715474, 743.9619355457401]	2.05558391603518	0	0	0	0	0	0.18525000000000003	1.625	0	0
32	1.0	25.0	[2, 3]	set()	6.123854485978394	5.223478930708922	5.224178748743203	0.0	0	[225.4448160529137, 486.14006442949176]	1.0284504089202402	0	0	0	0	0	0.24650000000000002	0.875	0	0
464	1.0	25.0	[3, 2, 3]	set()	4.291546870609054	3.753662752255026	3.6785330555551714	0.0	0	[400.6768614053726, 600.3994040249773, 934.307917021215]	1.2333025614012532	0	0	0	0	0	0.22475	1.25	0	0
405	1.0	25.0	[2, 3]	set()	4.342359338386351	3.4712820919656426	3.458188113343221	0.0	0	[257.0502613671124, 575.0111392699182]	1.0771864164188485	0	0	0	0	0	0.125	0.375	0	0
282	1.0	25.0	[2, 3, 3, 3]	set()	7.031488143192934	5.635494637642148	5.596045694917928	0.0	0	[496.9602290075272, 599.7140742838383, 803.2762382581595, 909.2928683385252]	1.3609582544784906	0	0	0	0	0	0.07475	0.625	0	0
157	1.0	25.0	[3, 3]	set()	4.889267445144713	4.509885402462139	4.492473036839752	0.0	0	[686.5075621753931, 950.427410140915]	0.7587236164595685	0	0	0	0	0	0.20975000000000002	1.0	0	0
220	1.0	25.0	[3]	set()	3.3253980251675737	3.1741933514464433	2.985890091251779	0.0	0	[77.70758308470249]	0.27313447726263895	0	0	0	0	0	0.0	0.0	0	0
33	1.0	25.0	[3, 3, 3]	set()	4.040842090400535	3.5897898117819986	3.5144225039474657	0.0	0	[301.43832601606846, 748.8114469327014, 999.0961849689484]	1.0743500125066439	0	0	0	0	0	0.22575	1.25	0	0
96	1.0	25.0	[3, 2, 3, 3, 3]	set()	5.944304905177889	4.520397465007725	4.666738177474363	0.0	0	[253.22274351492524, 696.7580983194348, 717.8566629897758, 792.6819697022438, 950.4441091618094]	1.4240165339586353	0	0	0	0	0	0.23649999999999996	1.5	0	0
342	1.0	25.0	[3, 2]	set()	5.761031048677006	4.7553924326584776	5.070661331024112	0.0	0	[11.483744718134403, 750.8956976234913]	0.6207503510601029	0	0	0	0	0	0.251375	0.875	0	0
406	1.0	25.0	[3]	set()	3.1190584195734465	2.8159993333301476	2.720408550567031	0.0	0	[947.4772759713233]	0.20587730055000655	0	0	0	0	0	0.25	0.5	0	0
465	1.0	25.0	[2, 2, 2]	set()	5.859285232487892	4.577343454389457	4.6151280431160355	0.0	0	[320.8373375236988, 599.8833421617746, 683.4457614459097]	1.292438289020683	0	0	0	0	0	0.0	0.0	0	0
283	1.0	25.0	[3, 2, 3]	set()	4.4001736242504155	3.627224132815516	3.6856992522830083	0.0	0	[4.824798554182053, 22.361041978001595, 682.6558809261769]	0.7349483512398425	0	0	0	0	0	0.001	0.25	0	0
221	1.0	25.0	[3, 3, 3, 2]	set()	4.513172009905945	3.3321331677664427	3.446595218862976	0.0	0	[25.51632429941936, 33.08578417636454, 309.7429685294628, 362.02390164831377]	0.9270980692132678	0	0	0	0	0	0.07725000000000001	0.75	0	0
158	1.0	25.0	[2]	set()	5.682000928421229	5.506202051970136	5.4989352048485385	0.0	0	[411.1734612379223]	0.6772828005816589	0	0	0	0	0	0.25	0.5	0	0
34	1.0	25.0	[3]	set()	4.2318709688400435	4.055909600233181	4.039459785113174	0.0	0	[389.8294852115214]	0.6686717523921282	0	0	0	0	0	0.3055	0.5	0	0
97	1.0	25.0	[3, 3]	set()	6.027671176318871	5.02627623130633	5.352532379408296	0.0	0	[183.4935781080276, 765.0123327039182]	0.9666899300103972	0	0	0	0	0	0.49999999999999994	1.5	0	0
343	1.0	25.0	[3, 3, 3, 2, 3]	set()	7.602989989391051	5.397626916818023	5.632628504684752	0.0	0	[9.606656005798795, 146.02809051100695, 358.2515464522731, 774.429279667077, 921.6308612376451]	1.4917727909530019	0	0	0	0	0	0.161375	1.0	0	0
466	1.0	25.0	[2, 3]	set()	4.176573767233979	3.1003081801792125	3.0350330691101353	0.0	0	[163.08740108382568, 328.5187592264265]	0.8608281672933935	0	0	0	0	0	0.375	1.125	0	0
284	1.0	25.0	[3, 3, 2, 3, 3]	set()	6.388389074580912	4.318139915692679	4.221298428815242	0.0	0	[73.56472577224882, 111.28288181498648, 171.7601241543889, 363.2250194153845, 375.1058941707015]	1.1482429017976488	0	0	0	0	0	0.17725	1.75	0	0
407	1.0	25.0	[3, 3, 2, 2, 3, 2, 3]	set()	9.917422692659947	6.9036978438351415	7.174144248446981	0.0	0	[25.80536901950836, 27.763212332502007, 277.16359422597804, 609.7120244191121, 805.681149134677, 918.1593337937456, 942.23840162158]	1.6386368973467722	0	0	0	0	0	0.045375	1.0	0	0
222	1.0	25.0	[2, 3]	set()	3.442504250111312	3.1499739367266417	3.2145906870321306	0.0	0	[280.0386600221838, 587.3930566012859]	1.084307820946748	0	0	0	0	0	0.125	0.375	0	0
35	1.0	25.0	[3]	set()	5.50564037838851	5.056880654814554	4.852332395451396	0.0	0	[28.16130919381976]	0.12829142172663602	0	0	0	0	0	0.132	0.5	0	0
159	1.0	25.0	[2, 3, 3, 2, 3, 3]	set()	5.874144778937095	4.086450292034116	4.1537327348122925	0.0	0	[38.82807342240202, 262.98144832253456, 535.4682887100388, 756.9328216685225, 858.6915315457517, 893.0035791989957]	1.736851691738055	0	0	0	0	0	0.569875	4.125	0	0
344	1.0	25.0	[3, 3]	set()	5.686467601035691	5.121928483110665	5.214302085388933	0.0	0	[45.89985148049891, 355.5182060226798]	0.7875585298531491	0	0	0	0	0	0.141875	0.75	0	0
467	1.0	25.0	[2, 2, 2]	set()	5.221665596714576	4.540090421661782	4.441759048598405	0.0	0	[543.969509890303, 649.9785664491355, 841.9073757249862]	1.1775283631346962	0	0	0	0	0	0.125	0.5	0	0
98	1.0	25.0	[3, 3, 2, 3]	set()	7.777725480091092	6.278896966380234	6.406848929294728	0.0	0	[250.41140941902995, 405.0497729331255, 940.1755672710914, 948.6810829348782]	1.162927306715127	0	0	0	0	0	0.18212500000000004	1.0	0	0
223	1.0	25.0	[3]	set()	3.397445172323611	3.3040383800561215	3.298183289540414	0.0	0	[729.0411633439362]	0.5842101902117474	0	0	0	0	0	0.19274999999999998	0.5	0	0
36	1.0	25.0	[3, 3, 3]	set()	5.442087667873799	4.065467969119235	4.171817681878989	0.0	0	[439.07130902542633, 801.5027067158371, 846.5291664469987]	1.1564822800609509	0	0	0	0	0	0.044125	0.375	0	0
285	1.0	25.0	[2]	set()	5.841924594275229	5.0077772406385055	4.912456316772048	0.0	0	[822.7818971499801]	0.46714884180761	0	0	0	0	0	0.0	0.0	0	0
160	1.0	25.0	[2]	set()	2.7667559282456446	2.356268512295455	2.345588406229509	0.0	0	[695.2547458931804]	0.6148314926168228	0	0	0	0	0	0.0	0.0	0	0
408	1.0	25.0	[3, 3]	set()	6.324387109930296	5.788539522588948	5.8337863353196635	0.0	0	[291.677700355649, 308.3319910801947]	0.6825614318482427	0	0	0	0	0	0.1155	0.75	0	0
345	1.0	25.0	[3, 3, 3, 3]	set()	3.8125033181493975	3.178780485773237	3.028078431322222	0.0	0	[176.82971223257482, 329.67876456677914, 579.4192246186087, 776.7528684344143]	1.5949382112717208	0	0	0	0	0	0.17812500000000003	0.875	0	0
468	1.0	25.0	[3, 3, 3]	set()	5.03230242020763	3.768160907704722	3.917140495755188	0.0	0	[12.521494179964066, 758.6468085646629, 984.9078352563084]	0.672888548275532	0	0	0	0	0	0.34625	1.375	0	0
99	1.0	25.0	[3]	set()	4.848575126959841	4.642288213467654	4.681530697425729	0.0	0	[996.6884579043837]	0.022216088499830495	0	0	0	0	0	0.0005	0.125	0	0
224	1.0	25.0	[3, 3, 3, 3]	set()	9.218061229186523	7.014100218677369	7.078233240122392	0.0	0	[155.16678104177117, 326.7446868121624, 534.223182592541, 607.242715312168]	1.476016618046794	0	0	0	0	0	0.339875	1.625	0	0
161	1.0	25.0	[3]	set()	4.308639015069563	4.014789125954452	3.9976338793370205	0.0	0	[638.4155272971839]	0.6543243988089331	0	0	0	0	0	0.125	0.25	0	0
286	1.0	25.0	[3, 3, 3]	set()	5.692031235856029	4.6193527793610665	4.463479267363454	0.0	0	[341.057772282511, 682.2686000775686, 749.2811880074441]	1.2617424260956784	0	0	0	0	0	0.36950000000000005	1.25	0	0
409	1.0	25.0	[3]	set()	1.7207167135114565	1.5308041364952685	1.532259438029784	0.0	0	[527.8950845822692]	0.6915901007384451	0	0	0	0	0	0.19087500000000002	0.375	0	0
346	1.0	25.0	[2, 2, 3]	set()	4.628630920293087	3.9283397255687555	3.9814184909324433	0.0	0	[433.9632666669786, 517.6974594475254, 598.3182173222303]	1.1393153426188172	0	0	0	0	0	0.125	0.5	0	0
37	1.0	25.0	[2, 2, 3, 3, 2, 3]	set()	7.342163537419981	5.3038324905101515	5.599625858713624	0.0	0	[138.63893466829413, 476.4889115912396, 494.6032915070076, 584.0492509305477, 707.5539675754156, 764.1831004609303]	1.6907313459581028	0	0	0	0	0	0.29075	2.0	0	0
469	1.0	25.0	[3]	set()	2.581781902788707	2.1646933642194286	2.2204165760141277	0.0	0	[269.02350038290024]	0.582285170769581	0	0	0	0	0	0.0	0.0	0	0
100	1.0	25.0	[3]	set()	6.250523103959363	5.716771043279769	5.7188949042309645	0.0	0	[518.8479274511337]	0.6924365234610768	0	0	0	0	0	0.0	0.0	0	0
162	1.0	25.0	[3, 3]	set()	2.6756591690190357	2.252331164166267	2.3317512907035396	0.0	0	[51.54145671986044, 94.3584891501814]	0.37750786150593046	0	0	0	0	0	0.018125	0.375	0	0
410	1.0	25.0	[3, 3, 3, 3]	set()	4.512057058393686	3.5126157251723082	3.80517592745165	0.0	0	[29.483333230018616, 139.67904732124214, 384.768441086635, 453.2752586528659]	1.2053340090779336	0	0	0	0	0	0.30662500000000004	1.75	0	0
470	1.0	25.0	[3]	set()	3.1028010418304515	2.9126846003209845	2.9378526268690535	0.0	0	[375.4170536994934]	0.6617759088703861	0	0	0	0	0	0.296875	0.625	0	0
225	1.0	25.0	[3, 3, 3, 2, 3]	set()	6.084574943807693	4.911559308099577	4.9360327504152135	0.0	0	[59.97886462137103, 259.7900563850999, 397.8063166029413, 607.2631739079952, 780.7099141814822]	1.727895371553669	0	0	0	0	0	0.177125	1.125	0	0
411	1.0	25.0	[3, 3, 3]	set()	3.688970135930203	2.831146772746794	2.8342882596305468	0.0	0	[177.32289992272854, 549.4927912950516, 788.6752111371607]	1.3452165679858576	0	0	0	0	0	0.28525	1.125	0	0
163	1.0	25.0	[3, 3, 2, 3, 3, 3]	set()	6.101384190360726	4.681480746810357	4.921815219138774	0.0	0	[561.9666022248566, 576.4144004226517, 584.3922310912917, 641.9466231414013, 839.2496316789794, 926.4560572648536]	1.3128518569537164	0	0	0	0	0	0.5211250000000001	4.125	0	0
347	1.0	25.0	[2, 3, 3, 3, 3, 2]	set()	7.220716700193071	4.4680811084934335	5.091309695834688	0.0	0	[59.287611875479925, 62.032295390963554, 121.35158013532887, 153.01374346017838, 274.85338039696217, 374.2875269537591]	1.2399536712317243	0	0	0	0	0	0.178375	2.0	0	0
38	1.0	25.0	[3, 2, 3, 3, 3]	set()	7.280548871015874	5.636005437018624	5.5210632952359155	0.0	0	[319.3850597355916, 452.1179497241974, 751.713445294085, 874.7319742105901, 979.2015561833978]	1.567992115535533	0	0	0	0	0	0.28250000000000003	2.0	0	0
101	1.0	25.0	[3, 3, 2, 3, 3]	set()	6.604944602826192	5.595021175787897	5.4178042339787496	0.0	0	[43.591504656721234, 283.6559321731329, 641.804487677291, 886.5395198920885, 933.4996186662464]	1.515214369728555	0	0	0	0	0	0.11299999999999999	1.25	0	0
287	1.0	25.0	[3, 2, 3, 2, 3, 3, 2, 2, 3]	set()	17.786975663637318	11.8558348889107	13.3480174490501	0.0	0	[14.696716871220872, 52.8583163395524, 175.33334216175612, 265.62105315944194, 267.6518177613616, 361.32223308382993, 517.8290909617632, 540.969949585315, 906.0671946499496]	1.8628069453119678	0	0	0	0	0	0.10025	1.5	0	0
471	1.0	25.0	[3, 2, 2, 3]	set()	7.214605946940185	5.4815181550698195	5.533565837587197	0.0	0	[81.19209064170718, 185.81994087435305, 314.28816284721137, 330.61923924833536]	1.0395639022031098	0	0	0	0	0	0.04125	0.5	0	0
164	1.0	25.0	[3]	set()	3.2402010198292657	2.86140000650122	2.8572313286494517	0.0	0	[321.5661752037704]	0.628044364859651	0	0	0	0	0	0.25	0.5	0	0
226	1.0	25.0	[3, 3]	set()	5.429076654113904	5.18492976512562	5.135301402879776	0.0	0	[67.09127663634717, 451.612978707999]	0.8782258074743308	0	0	0	0	0	0.31475	1.125	0	0
412	1.0	25.0	[2]	set()	4.028088859017387	3.5990532845945395	3.59261942925093	0.0	0	[462.6783283893019]	0.6903587735131801	0	0	0	0	0	0.125	0.25	0	0
102	1.0	25.0	[3, 3, 3, 3]	set()	4.093692883561604	3.3746604383589145	3.3192859436398723	0.0	0	[20.867574028670788, 687.4221239704639, 834.1854338068515, 870.8302867232591]	1.0182820752339843	0	0	0	0	0	0.16912500000000003	1.25	0	0
39	1.0	25.0	[2, 3]	set()	3.101766932912825	2.817703781095096	2.7661641671886965	0.0	0	[223.738675005734, 485.0516449660063]	1.0274555909908116	0	0	0	0	0	0.31062500000000004	1.0	0	0
288	1.0	25.0	[3, 2, 3]	set()	5.559630419008451	4.6647190211130996	4.7350772089000115	0.0	0	[141.7085322755649, 593.6818257905543, 896.748092956841]	1.2320663353358376	0	0	0	0	0	0.048249999999999994	0.375	0	0
165	1.0	25.0	[3]	set()	3.3465573527647385	3.2406146166767953	3.177033704427761	0.0	0	[194.47239418514076]	0.4926433824072416	0	0	0	0	0	0.10075	0.125	0	0
227	1.0	25.0	[3]	set()	3.3424994592809134	3.2608075470043283	3.2652379083853353	0.0	0	[393.35791394114494]	0.6702264489267724	0	0	0	0	0	0.09825	0.25	0	0
413	1.0	25.0	[2, 3]	set()	3.3571580521476525	2.941464558101075	2.993485847315425	0.0	0	[34.5359705388546, 859.52278226614]	0.5506730728317139	0	0	0	0	0	0.232375	0.625	0	0
348	1.0	25.0	[3, 3, 2, 2, 3, 3]	set()	10.767399305576411	6.310046077693415	6.899594890404237	0.0	0	[379.66860875754406, 423.24398769009264, 524.7115753591061, 643.4096941338514, 755.1728410275889, 877.1737709224361]	1.7484873001720445	0	0	0	0	0	0.10825	1.0	0	0
472	1.0	25.0	[3, 3, 3, 3, 3, 3, 3]	set()	7.010372981436075	4.970265319605206	4.9072972082005135	0.0	0	[121.7430792484988, 139.52473310330805, 310.1035242434591, 356.994445343191, 461.4172214444196, 473.7727777563102, 612.7464319699171]	1.7050335551961502	0	0	0	0	0	0.632625	5.375	0	0
40	1.0	25.0	[3, 3]	set()	5.95103348681284	4.7868396713098615	5.094912887641719	0.0	0	[859.5706297333065, 950.895195826888]	0.496634492008075	0	0	0	0	0	0.00625	0.125	0	0
103	1.0	25.0	[3, 2, 2]	set()	5.397766443506107	4.40036018745389	4.443050910274547	0.0	0	[311.7314148694277, 519.9312740005553, 907.113720662892]	1.2781920156176159	0	0	0	0	0	0.25	1.0	0	0
289	1.0	25.0	[3, 3]	set()	5.2069427043651135	4.4997761283218916	4.402991833039098	0.0	0	[102.19178977422416, 262.7102227415889]	0.7514404491486483	0	0	0	0	0	0.15775	0.625	0	0
228	1.0	25.0	[3, 2, 3, 3]	set()	8.015071601788552	5.777628845787678	6.304616131551519	0.0	0	[127.78742082539084, 369.4762572959964, 468.9763963688165, 935.095899971202]	1.369035478344628	0	0	0	0	0	0.20737499999999998	1.0	0	0
414	1.0	25.0	[2, 3]	set()	4.946910509997473	4.050767789842613	3.9001285351977373	0.0	0	[348.0795169059969, 710.2841264568269]	1.094088065013133	0	0	0	0	0	0.08875	0.25	0	0
349	1.0	25.0	[3, 3, 3, 3]	set()	7.919747905877284	5.762716556269489	5.835119787079107	0.0	0	[45.28956860303879, 534.6562163904309, 610.8770428691059, 817.1971677802503]	1.3223667869184381	0	0	0	0	0	0.08024999999999999	0.5	0	0
166	1.0	25.0	[3, 3, 3, 3, 2, 3]	set()	7.17972255494519	5.208139414900422	5.801462863250145	0.0	0	[175.68440598736058, 190.73321773547835, 359.21200608539203, 727.6517432183027, 834.6806622912407, 861.6107627749443]	1.6468112986463153	0	0	0	0	0	0.330125	2.25	0	0
473	1.0	25.0	[2, 2, 3, 2, 3]	set()	9.892757507078343	6.749208639500798	7.406427141748262	0.0	0	[90.9939056224318, 101.86029747921933, 274.0604020655155, 299.0854066291606, 751.9374480639342]	1.3670162008870614	0	0	0	0	0	0.315375	2.0	0	0
41	1.0	25.0	[3, 3]	set()	3.3791835925052247	3.014301845357987	2.9383119905687574	0.0	0	[164.91293534636495, 224.4879354257137]	0.6624210014402274	0	0	0	0	0	0.0765	0.625	0	0
290	1.0	25.0	[3]	set()	3.1930099886955237	3.128386236611261	3.11665057745324	0.0	0	[783.4574275184423]	0.5224970490977476	0	0	0	0	0	0.05425	0.25	0	0
104	1.0	25.0	[3, 3]	set()	3.168163765552125	2.883873520999963	2.93539372573639	0.0	0	[84.99118196778, 868.9072542049825]	0.6667287134428259	0	0	0	0	0	0.027000000000000003	0.25	0	0
229	1.0	25.0	[3]	set()	2.862105692400206	2.4474891112099426	2.558433097082337	0.0	0	[916.7790557257832]	0.2865664031511745	0	0	0	0	0	0.14600000000000002	0.5	0	0
350	1.0	25.0	[3, 3]	set()	2.5474616517945554	1.7207917414883678	2.020287377741526	0.0	0	[25.74012436840756, 872.6247567683458]	0.49741738117328155	0	0	0	0	0	0.019125	0.25	0	0
415	1.0	25.0	[2, 3, 3, 3, 3, 3]	set()	10.819641160343938	6.281307338912658	6.425960683512574	0.0	0	[320.7852784979337, 391.41084516454725, 450.8970705792308, 715.1248831605636, 743.4759421739727, 873.3428376726806]	1.6992696181909204	0	0	0	0	0	0.38	2.5	0	0
167	1.0	25.0	[2, 3, 3, 3]	set()	6.067403199289178	5.061585308580412	5.082892552173732	0.0	0	[400.7510137744248, 734.0053077787161, 835.014608666544, 968.096511594335]	1.3425242597003497	0	0	0	0	0	0.149625	1.0	0	0
42	1.0	25.0	[3]	set()	2.7833980814377552	2.6538088672377795	2.6471435996447044	0.0	0	[321.05397433042526]	0.6276613626513785	0	0	0	0	0	0.200625	0.625	0	0
474	1.0	25.0	[3, 2, 2, 3]	set()	3.5380943059022534	2.4191457856649214	2.536177653428615	0.0	0	[419.1290512681008, 604.5074832624806, 664.4458789378405, 877.0365816132381]	1.4324740026853442	0	0	0	0	0	0.245125	1.0	0	0
105	1.0	25.0	[3, 3, 3, 2]	set()	4.738806453553361	3.786895318843173	3.9359506038094056	0.0	0	[3.961758852319808, 247.95029312372208, 447.5646469608, 639.0984306488781]	1.3721024857244781	0	0	0	0	0	0.030875	0.25	0	0
230	1.0	25.0	[2, 2]	set()	3.7525402498134985	2.9556865838168065	2.9327340885404887	0.0	0	[6.838314263367673, 872.1336382441223]	0.42227685513708935	0	0	0	0	0	0.125	0.375	0	0
291	1.0	25.0	[3, 3, 3, 3, 3, 2]	set()	10.421546021401758	7.090088455714683	7.356434004916336	0.0	0	[114.36542542651296, 224.5898125693202, 266.7972920462489, 396.0049916058779, 490.5979799008964, 616.1933408578368]	1.7402288682540326	0	0	0	0	0	0.2845	2.0	0	0
351	1.0	25.0	[3, 3, 3, 2, 3]	set()	8.276893575734492	5.78184144854323	6.141303589073023	0.0	0	[79.47821170091629, 365.6905569202449, 412.5492787385632, 496.7513754963875, 793.8896317459596]	1.5972094376704276	0	0	0	0	0	0.1805	1.25	0	0
416	1.0	25.0	[3, 3, 3, 3]	set()	9.434676692933563	7.28437743349304	7.531440368433211	0.0	0	[54.56069437786937, 246.89862364903087, 444.3012847966114, 576.3078999655402]	1.4271891431376613	0	0	0	0	0	0.4115	1.875	0	0
475	1.0	25.0	[3, 3]	set()	7.308132673318648	6.502650866647174	6.3186389155126115	0.0	0	[13.953681733645862, 56.67479336261749]	0.24935015744769548	0	0	0	0	0	0.15462499999999998	1.5	0	0
168	1.0	25.0	[3, 3, 2, 3]	set()	7.544171104577213	6.088676726525265	5.959725026109662	0.0	0	[39.19777902774513, 714.0373052097857, 749.1152553592606, 915.4202211648226]	1.0171425095981534	0	0	0	0	0	0.1705	1.25	0	0
231	1.0	25.0	[3, 3, 3, 3]	set()	5.413619014645875	4.375347052738798	4.407229338380675	0.0	0	[296.5972339734435, 684.3695626594126, 767.5085538066924, 993.1353982537984]	1.3047410157107158	0	0	0	0	0	0.33799999999999997	1.75	0	0
292	1.0	25.0	[3, 2, 3, 3]	set()	4.75721297843796	3.698141879355625	3.9342538052710685	0.0	0	[184.28572318344072, 280.2513607928958, 559.8006150338329, 604.5017056167126]	1.398692268599663	0	0	0	0	0	0.165375	0.75	0	0
352	1.0	25.0	[3, 3, 3, 2]	set()	4.870304291926713	3.4816683786580627	3.5819848119786593	0.0	0	[211.12613286823037, 440.7639834098518, 484.59586301376856, 517.9627246313188]	1.2685116698453975	0	0	0	0	0	0.090875	0.375	0	0
106	1.0	25.0	[3, 3, 2, 2, 3, 3, 2]	set()	5.0345160875905846	3.4415125271003966	3.6511644665353113	0.0	0	[5.454279016703367, 53.52226117618075, 107.78371430933475, 140.27268930823965, 153.31811411306262, 311.82646988131887, 771.1219228804111]	1.487195191743878	0	0	0	0	0	0.05737499999999999	1.875	0	0
417	1.0	25.0	[3]	set()	3.1808153028230124	2.7229382581240924	2.7162967801022937	0.0	0	[846.75571648404]	0.4282955917846689	0	0	0	0	0	0.25	0.5	0	0
476	1.0	25.0	[3, 3, 3]	set()	3.5333902810526516	2.9220097198192847	2.8171970995043805	0.0	0	[107.22577990964056, 182.7273149974644, 655.8000389486551]	1.1556799441076675	0	0	0	0	0	0.3065	1.25	0	0
43	1.0	25.0	[2, 3, 3, 3, 2, 2, 2, 3, 2, 3]	set()	17.189949992693357	10.76106582505538	10.677297551934773	0.0	0	[159.15367791523494, 184.8930660635233, 267.7813898772001, 271.449360457261, 448.2566469814629, 477.5442164391279, 710.6225900352001, 840.1608405830458, 922.9911197908224, 982.6703199651092]	2.072470070576503	0	0	0	0	0	0.210625	2.75	0	0
169	1.0	25.0	[2, 3, 3]	set()	6.021470669861752	4.456271614111276	4.455216386414397	0.0	0	[223.98187429644167, 460.1042089052498, 543.5347557067871]	1.2411390829739752	0	0	0	0	0	0.18212499999999998	0.625	0	0
232	1.0	25.0	[3]	set()	3.1034985627789218	2.8239105731069825	2.7789462377976513	0.0	0	[752.2080661728978]	0.5598963088533222	0	0	0	0	0	0.0	0.0	0	0
293	1.0	25.0	[3, 3, 3, 2]	set()	4.3739639921524365	3.4669616834112365	3.453263789134839	0.0	0	[37.941820379080006, 518.4446875937283, 565.5730091966689, 901.8053100444376]	1.2146448333418878	0	0	0	0	0	0.319375	1.625	0	0
353	1.0	25.0	[3]	set()	3.8007359822784785	3.598499892669623	3.491695805753068	0.0	0	[138.26845725998282]	0.4018077384848945	0	0	0	0	0	0.0345	0.25	0	0
107	1.0	25.0	[3, 3, 3]	set()	3.8049150653898214	3.027659745148156	3.307948826891987	0.0	0	[176.95798024979032, 194.72946878522637, 249.87344862893224]	0.75355342302514	0	0	0	0	0	0.218875	0.625	0	0
418	1.0	25.0	[2, 3]	set()	5.421577807274783	4.2603650111825395	4.3774600762722	0.0	0	[312.3553986661136, 758.2527317572385]	1.0668452299756641	0	0	0	0	0	0.125	0.375	0	0
477	1.0	25.0	[3, 2, 2]	set()	4.674070581773742	3.6884482174701843	3.8985990746478407	0.0	0	[28.26445922255516, 530.1273220383673, 982.4080225080252]	0.8767340373347332	0	0	0	0	0	0.2535	1.125	0	0
44	1.0	25.0	[2, 3]	set()	3.6961160410913587	3.0798023946614257	3.1050500526409057	0.0	0	[100.17825802788138, 209.06842861442843]	0.657453415584141	0	0	0	0	0	0.125	0.375	0	0
233	1.0	25.0	[2, 3]	set()	3.7190068653799893	2.975110864628708	2.9593457045384897	0.0	0	[127.2798664867878, 251.07489246875048]	0.7375206253829543	0	0	0	0	0	0.0	0.0	0	0
170	1.0	25.0	[2]	set()	2.420971301848704	2.194311157180171	2.1810419220164863	0.0	0	[288.82466070353985]	0.6010959452533218	0	0	0	0	0	0.0	0.0	0	0
354	1.0	25.0	[3, 3]	set()	5.642523889565623	4.474291126861086	4.619525502811363	0.0	0	[313.5785812046379, 658.5243175422085]	1.0977163841623692	0	0	0	0	0	0.07825	0.25	0	0
108	1.0	25.0	[3, 2, 2, 3, 2]	set()	6.771489255367486	4.417510208868839	4.498400531173003	0.0	0	[276.92497494006864, 280.77219239977944, 383.6973184341823, 385.1145212538541, 452.79937869571626]	1.1324851358261445	0	0	0	0	0	0.47124999999999995	3.25	0	0
478	1.0	25.0	[2, 3, 3]	set()	4.587979362902167	4.05832611532855	4.056437798788831	0.0	0	[187.30972334742543, 634.2548592947423, 677.1236697677523]	1.1737030523465668	0	0	0	0	0	0.13724999999999998	0.75	0	0
294	1.0	25.0	[3]	set()	5.137657304570562	4.496360429416122	4.5114474427155296	0.0	0	[131.12127501517534]	0.38851265921656386	0	0	0	0	0	0.016375	0.125	0	0
45	1.0	25.0	[3, 3, 3]	set()	4.796150950103287	3.88538171841151	3.966277507606492	0.0	0	[211.4682032261044, 774.5659362147212, 814.8571588099003]	1.0936094416323114	0	0	0	0	0	0.18275	0.875	0	0
419	1.0	25.0	[3, 3, 2, 3, 2, 3, 3, 2]	set()	8.773539652864955	6.000643348835191	6.208127104397257	0.0	0	[26.618287913386496, 26.729395484521024, 51.53805429066027, 84.21841519884765, 346.4111750945449, 420.85576996257146, 593.3666839264333, 935.8376442778216]	1.6917602278853257	0	0	0	0	0	0.15875	3.125	0	0
234	1.0	25.0	[3, 3, 3]	set()	4.597495316961501	3.834162704991409	3.798632256615972	0.0	0	[43.1163483371364, 517.9304585326463, 577.6629601605237]	1.02156121134151	0	0	0	0	0	0.29974999999999996	1.25	0	0
109	1.0	25.0	[3]	set()	4.513017633082139	4.491981245099931	4.496438476812102	0.0	0	[105.26246577501296]	0.3364942763989708	0	0	0	0	0	0.263125	0.625	0	0
295	1.0	25.0	[3]	set()	2.550900632087273	2.329963639191065	2.346625639425449	0.0	0	[649.5046033523977]	0.6477527697206649	0	0	0	0	0	0.16225	0.25	0	0
171	1.0	25.0	[3, 3, 3, 3, 3, 3]	set()	12.81079259610165	8.548298871695032	9.192170249765573	0.0	0	[429.9980457872152, 447.6983221247792, 602.814459502306, 606.8526111841857, 903.5629599218116, 946.887293830514]	1.3980465187215325	0	0	0	0	0	0.077125	1.0	0	0
355	1.0	25.0	[3, 3, 3]	set()	6.1605888378481986	5.438091771188812	5.44193585056391	0.0	0	[478.51752972832793, 489.1356374137104, 827.5233870372176]	1.0707496031530799	0	0	0	0	0	0.22425	0.75	0	0
479	1.0	25.0	[3, 2, 3, 3, 3, 3, 3]	set()	7.46389207321109	5.793661458788408	5.705099857467431	0.0	0	[60.59479322928895, 298.22802097265486, 371.14285134523374, 395.5046748453541, 591.7694001006292, 913.5814258675608, 986.6627266164868]	1.726004421559982	0	0	0	0	0	0.22775	2.375	0	0
46	1.0	25.0	[3]	set()	6.137176422966727	5.771625522816697	5.772428592226182	0.0	0	[704.6321425586939]	0.6068882582923931	0	0	0	0	0	0.287	0.625	0	0
235	1.0	25.0	[3, 3, 3]	set()	2.616044015421597	2.309633859986225	2.2844966243361498	0.0	0	[102.76606678962708, 279.33478821069, 851.410873234272]	1.1427923168284904	0	0	0	0	0	0.33487500000000003	1.625	0	0
296	1.0	25.0	[3]	set()	2.3100938718169806	2.250199195705301	2.247653039512034	0.0	0	[192.80192721635103]	0.49026037669393296	0	0	0	0	0	0.29800000000000004	0.75	0	0
420	1.0	25.0	[3, 3, 3]	set()	4.8096681804908465	4.16154960189613	4.130176280077784	0.0	0	[282.024601707235, 453.00412829965353, 477.7969985734672]	1.0899006143674776	0	0	0	0	0	0.33975	1.375	0	0
172	1.0	25.0	[2]	set()	3.5064726177873013	3.480367027018036	3.4234038950039722	0.0	0	[65.6246691942215]	0.2421713683362987	0	0	0	0	0	0.0	0.0	0	0
110	1.0	25.0	[3, 2, 2, 3, 2, 3]	set()	4.3030694296324	3.1178741928192943	3.085594492474458	0.0	0	[46.96828642195516, 353.3808819618003, 489.2834929699874, 570.939478231594, 903.0372076667688, 960.5835173279048]	1.6397188260226805	0	0	0	0	0	0.1525	1.25	0	0
356	1.0	25.0	[3, 3, 3, 3]	set()	3.9726848073430334	3.257522659247037	3.4085887520119753	0.0	0	[129.57888456619716, 435.6713406741619, 687.3249001801014, 907.980760344488]	1.5273498747263257	0	0	0	0	0	0.2625	1.5	0	0
47	1.0	25.0	[3, 3, 3]	set()	4.197173368380531	3.7221050270712226	3.743755686512928	0.0	0	[61.56720221042633, 489.3925942014903, 794.0310079138726]	1.222406648966159	0	0	0	0	0	0.259625	1.0	0	0
480	1.0	25.0	[3]	set()	3.8753521921402974	3.5223905556189288	3.5605736346488315	0.0	0	[682.4361905455589]	0.6250194699488039	0	0	0	0	0	0.38075000000000003	0.625	0	0
297	1.0	25.0	[3, 3]	set()	4.3910502691072	3.8583199775967607	3.8522144829646887	0.0	0	[442.8695216774941, 833.9851023629308]	1.0259782599758402	0	0	0	0	0	0.215625	0.75	0	0
421	1.0	25.0	[3]	set()	4.1999428300115556	3.43773963147862	3.477884172813509	0.0	0	[837.9227980040014]	0.4430983579621689	0	0	0	0	0	0.0	0.0	0	0
236	1.0	25.0	[2, 3, 3, 3]	set()	6.067262796199349	5.257093465309944	4.848030587827128	0.0	0	[179.3874647579301, 481.7017901183327, 802.1733007041902, 877.464632038027]	1.4865422738793141	0	0	0	0	0	0.13574999999999998	0.5	0	0
173	1.0	25.0	[2, 2]	set()	6.072553095157751	5.69243170966325	5.744867744531335	0.0	0	[942.3104010056704, 958.2873086910696]	0.2546019767906254	0	0	0	0	0	0.125	0.375	0	0
357	1.0	25.0	[3, 3]	set()	1.9368396238626195	1.671568007624802	1.6833508288285526	0.0	0	[84.14358855225146, 218.28209003433585]	0.6702501526792468	0	0	0	0	0	0.27725	1.0	0	0
481	1.0	25.0	[3, 3, 3]	set()	5.200349014287198	3.862573152686534	3.8945421634322948	0.0	0	[362.7910208888352, 849.5401057880372, 983.5130451247096]	1.055289954978339	0	0	0	0	0	0.098625	0.625	0	0
48	1.0	25.0	[2, 3]	set()	5.656103687667371	4.43038740103995	4.451369912659315	0.0	0	[283.0090487841517, 286.40003129839897]	0.6173109209646456	0	0	0	0	0	0.1965	0.875	0	0
422	1.0	25.0	[3]	set()	3.159329343295129	2.9531663755854467	2.7514717202533454	0.0	0	[879.0297105442733]	0.36885377790817386	0	0	0	0	0	0.265125	0.625	0	0
298	1.0	25.0	[3, 3]	set()	5.174850707452069	4.691807848292735	4.61170203585653	0.0	0	[237.0483309496194, 855.4296614602208]	0.9180514244322424	0	0	0	0	0	0.256625	0.875	0	0
111	1.0	25.0	[3, 2, 3, 3, 3, 2, 3]	set()	9.433654369210172	6.673451553807272	6.412135219247965	0.0	0	[162.13855346106155, 333.7944726066144, 471.9810671212037, 511.34782510129816, 520.8774619391389, 885.8261498229058, 956.9749203510582]	1.733932301396368	0	0	0	0	0	0.2555	2.25	0	0
358	1.0	25.0	[3, 3, 2]	set()	2.8204436061874616	2.4160063445390683	2.410554703574806	0.0	0	[219.13305297493932, 636.3282415550202, 757.6163823250681]	1.2967551592613344	0	0	0	0	0	0.3295	1.25	0	0
174	1.0	25.0	[3, 3, 3]	set()	4.407905995501956	3.7533970700938513	3.754556102711227	0.0	0	[0.7798630237303428, 554.2035549879074, 856.1664731269798]	0.9734970619447634	0	0	0	0	0	0.156875	0.75	0	0
237	1.0	25.0	[3, 3, 3, 3, 3, 2]	set()	6.868191914100661	5.5736690020270565	5.573526094625679	0.0	0	[49.294185591861606, 140.2985424175549, 199.1962622851133, 309.4647293910384, 710.8402169027015, 966.0336770556036]	1.6062284046571595	0	0	0	0	0	0.31350000000000006	2.625	0	0
482	1.0	25.0	[3, 3, 3, 3]	set()	7.258341955042537	5.592320327091495	5.949890486116551	0.0	0	[655.9727085786528, 692.2330442450648, 712.3564477078617, 803.6680473014712]	1.0136284011300565	0	0	0	0	0	0.10900000000000001	0.375	0	0
49	1.0	25.0	[3, 3]	set()	4.361380101352438	3.995362853125831	3.894936614473615	0.0	0	[43.44854829832912, 586.7178509943187]	0.8329245446962255	0	0	0	0	0	0.125	0.375	0	0
423	1.0	25.0	[3, 2]	set()	3.744470282416503	2.8517119820466044	3.2118809420785404	0.0	0	[64.6645455858108, 902.3083909414707]	0.5527102592168649	0	0	0	0	0	0.242	0.625	0	0
299	1.0	25.0	[3, 2]	set()	5.467810572485923	4.587954270587833	4.639921949068842	0.0	0	[555.6273739784956, 752.3417638801877]	0.9920345860196924	0	0	0	0	0	0.069375	0.125	0	0
359	1.0	25.0	[3, 3, 3, 2]	set()	4.090236109460951	2.8254007159117904	2.8313867860395296	0.0	0	[331.3056698660617, 540.012801658859, 694.2942971363664, 732.8031414149968]	1.4594101285716035	0	0	0	0	0	0.25	1.25	0	0
175	1.0	25.0	[3, 3]	set()	4.463603774541357	3.8707138899479663	3.8835065948359393	0.0	0	[790.9624429885298, 972.02039921063]	0.5949641981532675	0	0	0	0	0	0.056	0.625	0	0
112	1.0	25.0	[3, 3, 3, 3, 3]	set()	8.214035972992988	5.6560951124658185	5.610451132346475	0.0	0	[9.797930484637618, 121.1219485849142, 532.6380173210055, 587.742751929909, 809.8132428713143]	1.4646472684466885	0	0	0	0	0	0.140125	1.0	0	0
50	1.0	25.0	[3]	set()	3.6130297199644232	3.3930679818846503	3.4166972100263893	0.0	0	[705.5900357663631]	0.6060532081695176	0	0	0	0	0	0.161875	0.375	0	0
483	1.0	25.0	[3, 2, 2]	set()	4.443099426588467	3.295212279305026	3.4688906298847013	0.0	0	[560.7994473539293, 651.8081400024163, 926.6374340692194]	1.0891105293757923	0	0	0	0	0	0.39000000000000007	1.25	0	0
238	1.0	25.0	[3, 3, 3]	set()	4.601562878818512	3.6919524813468687	3.8348029804487584	0.0	0	[132.51753197982907, 354.414414614439, 657.3829730041325]	1.3306726561311066	0	0	0	0	0	0.059375000000000004	0.25	0	0
424	1.0	25.0	[2, 2, 3]	set()	6.271999742307757	5.129193202795879	5.211665787719898	0.0	0	[212.057588621974, 787.3466544897929, 912.3568907380104]	1.1202537391988527	0	0	0	0	0	0.27199999999999996	1.25	0	0
300	1.0	25.0	[2, 2]	set()	8.089939168088598	6.966778495713468	6.847044645355414	0.0	0	[185.4285579174757, 888.7297500850868]	0.8043304177128581	0	0	0	0	0	0.0	0.0	0	0
113	1.0	25.0	[2]	set()	2.7082019846965117	2.473072454614088	2.5442602245020485	0.0	0	[80.18113649450243]	0.27921154720541663	0	0	0	0	0	0.25	0.5	0	0
360	1.0	25.0	[3, 3]	set()	5.897183030696033	4.893685930475089	4.855056912630792	0.0	0	[375.92487526126206, 446.53035909868777]	0.882346414488425	0	0	0	0	0	0.06925	0.125	0	0
176	1.0	25.0	[3, 2, 2, 3, 3]	set()	8.171688070176852	5.6765929225206335	5.5246406539559345	0.0	0	[248.7442148849368, 406.9017337169498, 418.3969575579858, 468.6057520883056, 516.5525145228828]	1.336314086028159	0	0	0	0	0	0.0915	0.25	0	0
51	1.0	25.0	[3, 3, 3, 3, 2]	set()	6.358382275076559	4.450607820780825	4.526983873380186	0.0	0	[103.10138016939165, 256.09506852924824, 343.3338554369101, 648.577532492152, 852.7711561193612]	1.702931107362395	0	0	0	0	0	0.250625	1.875	0	0
484	1.0	25.0	[3, 3, 2, 3]	set()	4.782806355149799	3.623895388247486	3.857247777411338	0.0	0	[168.31202385947108, 606.1668167822063, 670.6174238523921, 841.93849541471]	1.4320803828672157	0	0	0	0	0	0.269875	1.375	0	0
239	1.0	25.0	[2, 2]	set()	4.017669635331903	3.6437381609105155	3.604593157545849	0.0	0	[351.25465341843665, 850.3821827930693]	0.9985632022839694	0	0	0	0	0	0.125	0.375	0	0
425	1.0	25.0	[3, 3, 3]	set()	3.8633822028828337	3.360928152749751	3.3926440718265605	0.0	0	[4.835198866203427, 344.5942085236311, 554.8508018255234]	1.0807160322682874	0	0	0	0	0	0.45799999999999996	2.0	0	0
301	1.0	25.0	[2]	set()	6.0625890571078225	5.491099621546925	5.519055464255065	0.0	0	[379.743144614622]	0.6639382434396172	0	0	0	0	0	0.0	0.0	0	0
177	1.0	25.0	[2]	set()	2.3067751959504483	2.1417419979882912	2.1444668013672645	0.0	0	[345.61876812949777]	0.644692215411176	0	0	0	0	0	0.125	0.25	0	0
240	1.0	25.0	[3, 3, 3]	set()	4.796758836117487	3.9023102581273497	4.014020877439584	0.0	0	[228.1775465235114, 476.9629961811006, 587.4316974061937]	1.2918976195895406	0	0	0	0	0	0.25787499999999997	1.125	0	0
114	1.0	25.0	[3, 3, 3, 2, 3, 3]	set()	7.885072420766337	5.989732983740264	6.08695952561249	0.0	0	[24.340073309381705, 238.80575984244857, 326.47455111145973, 779.0142103286192, 926.046078071, 995.3446631525512]	1.4846977782849868	0	0	0	0	0	0.27799999999999997	2.125	0	0
485	1.0	25.0	[2]	set()	2.202511965241609	1.8688091509292921	1.8762274604114464	0.0	0	[551.0393138974905]	0.687928071395435	0	0	0	0	0	0.0	0.0	0	0
52	1.0	25.0	[3, 2, 2]	set()	4.491541549676421	4.023823280478649	4.147840851099243	0.0	0	[211.20411617852207, 329.0086444467306, 622.3927475512028]	1.3078804066775844	0	0	0	0	0	0.17775000000000002	0.75	0	0
361	1.0	25.0	[2, 3, 2, 2, 2, 2, 3]	set()	6.556681562470867	3.8733809199674365	4.350716085191122	0.0	0	[248.68438474595345, 320.88521937839687, 357.1283540331347, 575.6535170389692, 576.7079581296424, 865.513967582956, 999.041142174974]	1.6298484809343174	0	0	0	0	0	0.0	0.0	0	0
426	1.0	25.0	[3, 3]	set()	3.956851476471265	3.4485536541030215	3.441773856118236	0.0	0	[614.0441652387381, 731.452289968729]	0.9040289188608087	0	0	0	0	0	0.100875	0.375	0	0
178	1.0	25.0	[3, 3]	set()	4.111673249468913	3.575487228298211	3.7842441893342333	0.0	0	[228.05754170083455, 303.7540421355516]	0.7845568022829289	0	0	0	0	0	0.009375	0.125	0	0
486	1.0	25.0	[2, 3]	set()	4.60782568368245	3.8992758166070933	3.899166853955246	0.0	0	[354.8433491960168, 733.3433153107762]	1.0878382940897025	0	0	0	0	0	0.06675	0.25	0	0
302	1.0	25.0	[3, 2, 3, 3, 2, 2, 2]	set()	7.646154263599638	4.820461420241563	5.257108353011534	0.0	0	[103.96756208501778, 119.6859149518632, 300.85239792242646, 525.9020341727949, 560.5901988361412, 680.562226571517, 985.0459161092172]	1.7416877817322014	0	0	0	0	0	0.2875	2.375	0	0
53	1.0	25.0	[2]	set()	4.028080701858796	3.608403611426489	3.616495541117903	0.0	0	[536.5029252134264]	0.6904798811214996	0	0	0	0	0	0.0	0.0	0	0
241	1.0	25.0	[2, 3, 2]	set()	7.562261533499057	5.6029047967195496	5.505612842629803	0.0	0	[26.709216414019465, 75.88440435938537, 438.9864346012473]	0.93701423609474	0	0	0	0	0	0.046875	1.25	0	0
115	1.0	25.0	[3, 3, 3, 2]	set()	5.497535729881335	4.236845369422476	4.174560522278903	0.0	0	[455.9220694936812, 835.5310632975575, 916.181637905538, 979.6390116213644]	1.1831040291328339	0	0	0	0	0	0.20400000000000001	1.5	0	0
427	1.0	25.0	[2, 3]	set()	5.539826664218766	4.9741427009840145	4.54593605755346	0.0	0	[175.53914131064818, 176.30462860688567]	0.47067116803235665	0	0	0	0	0	0.22799999999999998	0.5	0	0
362	1.0	25.0	[3, 3, 3, 2, 2, 3, 3, 2]	set()	10.123698577080061	5.835267119476468	6.758221017350689	0.0	0	[59.55499084666371, 100.3655781651478, 106.80187572596722, 331.1697595417504, 472.23727198595134, 593.1768059315585, 624.7957094412593, 998.4980172753704]	1.6849016281550255	0	0	0	0	0	0.125125	1.125	0	0
487	1.0	25.0	[3]	set()	5.709231479208327	5.3896945713322495	5.387255836185911	0.0	0	[364.8369312286377]	0.6561505175725068	0	0	0	0	0	0.0455	0.125	0	0
54	1.0	25.0	[3, 3, 3]	set()	4.495739510188135	3.6990893916618077	3.7588231289242717	0.0	0	[210.1630126197218, 582.6339242048562, 715.4927851735122]	1.3214742312392205	0	0	0	0	0	0.401	1.625	0	0
303	1.0	25.0	[3, 3, 3, 2]	set()	3.76074566560394	2.7435903520689804	2.8637008651707987	0.0	0	[532.4310292489827, 587.3009143397212, 683.9272745419294, 950.5543308332562]	1.2218072916718934	0	0	0	0	0	0.23512499999999997	1.5	0	0
428	1.0	25.0	[3]	set()	5.360642330343805	4.423053805047785	4.571334863224982	0.0	0	[856.2066033482552]	0.41179028705239146	0	0	0	0	0	0.107	0.125	0	0
179	1.0	25.0	[3, 3, 3]	set()	2.7398012474699143	2.2887702200172697	2.270837643058903	0.0	0	[48.78542572259903, 695.8465378265828, 961.7222230881453]	0.9061314436456082	0	0	0	0	0	0.026625000000000003	0.625	0	0
55	1.0	25.0	[3]	set()	1.730399913897151	1.652603081619862	1.6561116514656322	0.0	0	[461.3182139582932]	0.6901516271068887	0	0	0	0	0	0.25	0.5	0	0
242	1.0	25.0	[3]	set()	3.3315734162127346	3.021637551301875	2.965070049204064	0.0	0	[889.9392497260123]	0.34664233116737847	0	0	0	0	0	0.375	0.75	0	0
116	1.0	25.0	[3, 3]	set()	3.4538941007796256	3.1149822371662443	3.0938760697985908	0.0	0	[205.43709793128076, 522.1209074370563]	1.0421319872853543	0	0	0	0	0	0.340875	1.125	0	0
363	1.0	25.0	[3]	set()	4.02752061633991	3.639017743483702	3.689902622271944	0.0	0	[669.2570988088846]	0.6347034996270291	0	0	0	0	0	0.125	0.25	0	0
488	1.0	25.0	[3]	set()	3.72583532468429	3.520066637627184	3.386287787337692	0.0	0	[229.1043277364224]	0.5381918236943136	0	0	0	0	0	0.18225000000000002	0.5	0	0
304	1.0	25.0	[3]	set()	4.2999883526079365	3.907113269345926	3.8931029882103236	0.0	0	[320.3617646358907]	0.627141844893297	0	0	0	0	0	0.04	0.125	0	0
429	1.0	25.0	[3, 3, 3, 2, 3]	set()	5.540684529179348	3.993452859135993	4.048064390850783	0.0	0	[35.92135904478555, 44.474594684963286, 209.7888677380979, 889.5464059092543, 942.997325444594]	1.040015513165359	0	0	0	0	0	0.052250000000000005	0.75	0	0
180	1.0	25.0	[3, 3]	set()	4.611360364876673	3.8958618851174918	3.88747892799283	0.0	0	[494.4046782329679, 866.6808153502643]	0.9847517530061884	0	0	0	0	0	0.18825	0.625	0	0
243	1.0	25.0	[3]	set()	3.6302469901140686	3.353124803113457	3.358742242346583	0.0	0	[547.7131921797991]	0.6885871476180891	0	0	0	0	0	0.30662500000000004	0.625	0	0
56	1.0	25.0	[3, 3]	set()	5.929578003880712	5.265445175369111	5.168663278384955	0.0	0	[91.20611334219576, 851.7362413940024]	0.7095926708446308	0	0	0	0	0	0.018625	0.125	0	0
117	1.0	25.0	[3]	set()	2.719702677410596	2.6510936860353627	2.6204960954479573	0.0	0	[85.61164839193225]	0.29226544600684223	0	0	0	0	0	0.010625	0.125	0	0
364	1.0	25.0	[3]	set()	3.9347764992790126	3.789002372180182	3.5841270775436826	0.0	0	[897.2398322075605]	0.33110569813863766	0	0	0	0	0	0.012875	0.125	0	0
489	1.0	25.0	[3, 3]	set()	3.7696071551490244	3.0230712648515135	3.058126993069519	0.0	0	[444.87909134477377, 577.7092231437564]	0.99251359886219	0	0	0	0	0	0.3055	0.875	0	0
181	1.0	25.0	[3]	set()	3.58006213338037	3.1106365245058156	3.1371470050316415	0.0	0	[784.0921389870346]	0.5216796667101318	0	0	0	0	0	0.25	0.5	0	0
305	1.0	25.0	[3, 2, 2, 3, 3, 3]	set()	9.761893721962842	4.62606349871299	5.523848465338366	0.0	0	[352.4895202698221, 525.4475541547441, 737.0695553104523, 786.8431533212354, 873.3234452083707, 882.63241185983]	1.655696220592743	0	0	0	0	0	0.1885	1.875	0	0
430	1.0	25.0	[3]	set()	3.9398699027226045	3.685689319123922	3.6958440463782876	0.0	0	[457.453579409048]	0.6895224029575613	0	0	0	0	0	0.057125	0.125	0	0
244	1.0	25.0	[3, 3, 3, 3, 2, 2]	set()	4.773660411914711	3.1221627082927332	3.550298246871412	0.0	0	[245.63220258109908, 605.7030440833108, 719.2365862429142, 875.2727129030973, 934.55304064857, 937.2357477106494]	1.6066512615663953	0	0	0	0	0	0.392625	3.0	0	0
118	1.0	25.0	[3]	set()	3.202622573170561	3.0190329620610226	2.939111800420776	0.0	0	[151.32882283069193]	0.42500715746428297	0	0	0	0	0	0.16275	0.5	0	0
365	1.0	25.0	[3]	set()	5.0120024714760545	4.510976872007529	4.508092549779532	0.0	0	[533.2666072063148]	0.690932210402031	0	0	0	0	0	0.058375	0.125	0	0
490	1.0	25.0	[3, 3, 2]	set()	4.886833854444365	4.226320585233831	4.190365262145366	0.0	0	[70.32635668292642, 264.69526905566454, 414.0150713198469]	1.102207157731057	0	0	0	0	0	0.07475	0.625	0	0
57	1.0	25.0	[2, 3, 2, 2, 3]	set()	6.7954892641134395	4.462828944096251	4.858458454588209	0.0	0	[27.358029037714005, 47.90041851811111, 87.97375904396176, 447.7185346186161, 830.3196940105408]	1.3435480309193402	0	0	0	0	0	0.0	0.0	0	0
306	1.0	25.0	[3, 3]	set()	2.5402553495640574	2.255836562724296	2.2827556533204207	0.0	0	[233.3764587529004, 952.3244895972311]	0.7219078686712874	0	0	0	0	0	0.166125	0.75	0	0
431	1.0	25.0	[3, 3, 2, 3]	set()	6.359817945714778	5.517819619556654	5.5215108890938	0.0	0	[177.98334546387196, 397.62362271839714, 553.3917229622602, 936.8705837987364]	1.4717195228544226	0	0	0	0	0	0.139125	0.625	0	0
182	1.0	25.0	[3, 3, 3, 2, 3]	set()	11.389984699047194	8.69810110719284	8.884288664899987	0.0	0	[47.854033119886, 568.4922072990952, 639.9142555892467, 760.8405381239447, 902.3869000375272]	1.4330986757835804	0	0	0	0	0	0.127	1.125	0	0
119	1.0	25.0	[2, 2, 3, 3, 3]	set()	6.011230169867445	4.532879134871108	4.774000117104836	0.0	0	[450.52421768195927, 476.5057186596096, 748.9120434038341, 777.1667512133718, 971.1692868731916]	1.329473004149385	0	0	0	0	0	0.40287500000000004	2.5	0	0
366	1.0	25.0	[3, 3]	set()	3.819695331497761	3.5832996376839867	3.559918824516358	0.0	0	[490.6819368996062, 826.7154712229967]	1.0195416056635973	0	0	0	0	0	0.1685	0.625	0	0
245	1.0	25.0	[3, 3, 2, 3, 2]	set()	5.094158447994633	3.759495108460862	3.8659264608536916	0.0	0	[20.83944893925138, 146.08463738113642, 162.07135235890746, 364.3228984437883, 536.6097127553076]	1.3896461618688347	0	0	0	0	0	0.36675	2.5	0	0
58	1.0	25.0	[3]	set()	4.229776326199016	3.989925500902994	4.056972902514231	0.0	0	[998.0558976531028]	0.014079154678770469	0	0	0	0	0	0.125	0.25	0	0
307	1.0	25.0	[2]	set()	3.6024289129282163	3.25126170509055	3.2616374516202775	0.0	0	[949.372103670612]	0.2003599120877804	0	0	0	0	0	0.125	0.25	0	0
491	1.0	25.0	[3, 2]	set()	5.803946218698723	4.827428606194967	4.57317868989181	0.0	0	[67.47286301106215, 376.7511921469122]	0.8395291327453103	0	0	0	0	0	0.008375	0.125	0	0
432	1.0	25.0	[2]	set()	3.5525989654543313	3.237209576511702	3.1140133963497645	0.0	0	[12.652213452383876]	0.06786103435521496	0	0	0	0	0	0.125	0.25	0	0
367	1.0	25.0	[2, 3]	set()	3.527544446313925	3.3705170885574205	3.314387986380508	0.0	0	[182.55430599674585, 939.0333805990832]	0.6921397567111135	0	0	0	0	0	0.022875	0.375	0	0
120	1.0	25.0	[3, 3, 3, 3, 3, 2]	set()	5.881871689821408	3.9709058160726105	4.338231932923238	0.0	0	[20.096641510521707, 153.7849763887229, 191.24859470737297, 280.8468285948038, 303.05517301894724, 879.7612232380292]	1.3434131543144783	0	0	0	0	0	0.254875	2.875	0	0
308	1.0	25.0	[3]	set()	3.13909238743888	2.881048953246669	2.8788112364010328	0.0	0	[348.5096641816199]	0.6465191779800606	0	0	0	0	0	0.25	0.5	0	0
246	1.0	25.0	[3, 3, 3, 3]	set()	7.028741070765212	5.702832527450889	5.8195831708814145	0.0	0	[106.92150006070732, 539.7092434577644, 850.2464424818754, 982.8387161789268]	1.3023234124601173	0	0	0	0	0	0.34737500000000004	2.25	0	0
433	1.0	25.0	[3, 3, 3]	set()	6.003013336720227	4.200241602975363	4.366604674910702	0.0	0	[25.270852260291576, 420.8707903581736, 992.6901046600108]	0.815371294621536	0	0	0	0	0	0.129125	0.75	0	0
183	1.0	25.0	[2, 3]	set()	5.6934496990072665	4.4580533673969684	4.651308557687841	0.0	0	[66.95517850562105, 621.3900186121464]	0.8757622826164488	0	0	0	0	0	0.047375	0.125	0	0
59	1.0	25.0	[2, 3]	set()	4.908909622911072	3.9262140656952496	3.8794390904298086	0.0	0	[282.4704863596708, 728.4915018826723]	1.071188853808469	0	0	0	0	0	0.034	0.125	0	0
368	1.0	25.0	[3, 3, 3, 3]	set()	5.675008846443211	4.303487971497798	4.258366803757019	0.0	0	[53.45215096428068, 173.10994991142704, 639.9022340774536, 649.3520346334378]	1.1777650479352255	0	0	0	0	0	0.367125	1.625	0	0
492	1.0	25.0	[3, 2]	set()	3.4168667289536256	2.6185364458825675	2.8034941596142846	0.0	0	[17.658899072557688, 35.78786337642503]	0.1791216945061632	0	0	0	0	0	0.127125	0.5	0	0
121	1.0	25.0	[3]	set()	3.2716921660561757	3.10039139970361	3.122699789831093	0.0	0	[661.9863919913769]	0.6397091154357217	0	0	0	0	0	0.16525	0.25	0	0
309	1.0	25.0	[2, 2, 3, 2]	set()	6.972459768142993	4.931716255829974	5.254798068228153	0.0	0	[380.89743885211647, 704.9414106474135, 856.7695636302233, 885.6945015847615]	1.3694036609471085	0	0	0	0	0	0.036000000000000004	0.5	0	0
247	1.0	25.0	[3, 3, 3]	set()	8.617098703763165	7.37452810271261	7.546469508738561	0.0	0	[59.96179115027189, 97.51753824414432, 843.6604560843837]	0.800612932397257	0	0	0	0	0	0.039125	0.5	0	0
493	1.0	25.0	[3]	set()	3.073027276743802	2.777445953939152	2.830339200960089	0.0	0	[138.7840793468058]	0.40275008175688715	0	0	0	0	0	0.01725	0.125	0	0
184	1.0	25.0	[2, 2, 3]	set()	4.056222658053946	3.3747958622355214	3.3661150144011223	0.0	0	[16.934254206717014, 268.5082648914756, 839.1991436947137]	1.030224277906613	0	0	0	0	0	0.125	0.5	0	0
369	1.0	25.0	[3]	set()	3.0771211312520377	2.8186742615062705	2.8149623607875522	0.0	0	[462.1023449581117]	0.6902719593540507	0	0	0	0	0	0.06725	0.125	0	0
60	1.0	25.0	[3, 2, 3, 3]	set()	5.830587280938499	4.277516737509739	4.196775616680448	0.0	0	[136.23366470189157, 324.6647210387028, 652.4084149859846, 746.1712071672082]	1.5216263020413043	0	0	0	0	0	0.233	1.125	0	0
122	1.0	25.0	[3, 3, 3]	set()	6.131366324354343	5.176145365485916	4.9719217798156965	0.0	0	[714.1545647118685, 729.2810007929802, 832.4090815149248]	0.8374644079815086	0	0	0	0	0	0.054875	0.375	0	0
494	1.0	25.0	[3]	set()	1.6423988876949176	1.4625758166198692	1.4610367335850514	0.0	0	[616.2891094572842]	0.6658515981522535	0	0	0	0	0	0.404	0.75	0	0
185	1.0	25.0	[3, 3, 3, 3]	set()	4.39590417956093	3.3691619367255536	3.4854012783642565	0.0	0	[243.52469202131036, 637.7860954962671, 761.8837575428188, 878.319498617202]	1.4765835995302952	0	0	0	0	0	0.32475	2.0	0	0
61	1.0	25.0	[2, 3]	set()	3.4215806686415733	3.1349787820274115	3.1703970544052056	0.0	0	[38.59991825519504, 915.6970041804016]	0.44915382272813775	0	0	0	0	0	0.36437499999999995	1.0	0	0
123	1.0	25.0	[3]	set()	3.183169281857548	2.6438435754922813	2.6929425077837075	0.0	0	[702.53861322999]	0.6086979714421865	0	0	0	0	0	0.0	0.0	0	0
370	1.0	25.0	[3, 2, 2, 3]	set()	6.99445805451753	4.8130933149388415	4.85854795403179	0.0	0	[47.85509500652552, 67.7966175135225, 193.66401992738247, 859.923108946532]	1.0302751968746717	0	0	0	0	0	0.142625	0.75	0	0
495	1.0	25.0	[3]	set()	4.365157061990571	4.110313695833052	4.1500910974906065	0.0	0	[345.0113255530596]	0.644303636189501	0	0	0	0	0	0.168125	0.375	0	0
371	1.0	25.0	[3]	set()	2.989396636821586	2.755994977542861	2.7724409459130737	0.0	0	[576.8585142213851]	0.6812857455646479	0	0	0	0	0	0.0	0.0	0	0
