iter	recomb_rate	mut_rate	recomb_type	recomb_node	ARG_length_1	ARG_length_2	ARG_length_3	ARG_length_4	root_height_change	bp	bp_pos_deviation	rank_stat	info_sites_global	confounding_info_sites	consistent_info_sites	weighted_consistent_info_sites	rf_dist	no_neu_recurr_mut	no_adv_recurr_mut	info_sites_imbalance
124	1.0	12.5	[3]	{2}	1.4375280407097342	1.3712264947761823	1.3458389548080087	0.0	0	146.22122794389725	353.77877205610275	1.0914103126634984	16	12	14	8.277212279438972	2.21330445499692	0	0	12
434	1.0	12.5	[3]	{1}	2.0516584070393775	1.7270955945941875	1.773298834354074	0.0	0	359.34450943022966	140.65549056977034	2.466666666666667	14	10	12	8.195689018860458	2.2049253814712544	0	0	10
372	1.0	12.5	[3]	{2}	3.769444858296167	3.341933306045436	3.276533542302272	0.0	0	939.8218346759676	439.8218346759676	1.1696595437458979	28	16	22	11.752206975832584	3.7442952255065274	0	0	16
310	1.0	12.5	[1]	{2}	3.831363686347299	3.001694078143017	3.0016940781430175	0.0	0	538.9173100702465	38.91731007024646	0.8100925873009824	15	3	9	6.54424806978926	0.0	0	0	3
248	1.0	12.5	[2]	{2}	0.7244580669393064	0.5686364614714753	0.5690712581182492	0.0	0	330.51423355937004	169.48576644062996	0.5773502691896258	5	3	4	2.91302846711874	0.20940761203129543	0	0	3
186	1.0	12.5	[1]	{2}	1.3304952402815853	1.0094225782270376	1.0094225782270376	0.0	0	745.190717279911	245.19071727991104	nan	0	0	0	0.0	0.0	0	0	0
62	1.0	12.5	[2]	{0}	1.6227189760628453	1.4355289858966043	1.3659981304694382	0.0	0	803.2882974948734	303.2882974948734	0.37047928681747416	16	2	9	6.4795585125256325	0.7838952804338859	0	0	2
496	1.0	12.5	[2]	{2}	3.2097518394516453	2.6679454042901907	2.548017806084336	0.0	0	722.4349896423519	222.43498964235187	0.1315587028960544	29	1	15	11.140825051788239	1.4822998596552666	0	0	1
0	1.0	12.5	[1]	{0}	2.595694203959553	2.0784406636863104	2.0784406636863104	0.0	0	758.7303956970572	258.73039569705725	0.2072940478671954	28	4	15	9.726426438726484	0.0	0	0	2
311	1.0	12.5	[1]	{2}	1.9581797033511212	1.6434387749671475	1.6434387749671475	0.0	0	976.1325696017592	476.1325696017592	0.282842712474619	14	4	9	4.095806873584167	0.0	0	0	4
249	1.0	12.5	[1]	{1}	5.90279512246405	4.518555721005623	4.518555721005623	0.0	0	514.4625171087682	14.462517108768225	0.35659298328764727	20	2	11	8.335462517108768	0.0	0	0	2
125	1.0	12.5	[2]	{1}	1.9706810571627744	1.4933992013291044	1.4997807809903425	0.0	0	638.2605405524373	138.2605405524373	1.0	8	0	4	2.725	0.5605964415554732	0	0	0
187	1.0	12.5	[1]	{1}	1.7592716001258948	1.441931033278443	1.441931033278443	0.0	0	568.9690448343754	68.96904483437538	nan	1	1	1	0.9800309551656247	0.0	0	0	1
435	1.0	12.5	[2]	{2}	1.7048079277505195	1.335599100398758	1.360262328961763	0.0	0	409.6355123911053	90.3644876088947	0.944911182523068	11	5	8	6.054271024782211	0.7807889068912606	0	0	5
63	1.0	12.5	[1]	{0}	1.5719922519466272	1.3855207377410899	1.3855207377410899	0.0	0	186.18735438212752	313.8126456178725	0.7715167498104595	13	5	9	5.046686189439147	0.0	0	0	5
373	1.0	12.5	[3]	{0}	2.2925916987927777	2.002608343746873	2.0772149950935574	0.0	0	239.64318493381143	260.3568150661886	2.546624062881496	16	14	15	10.60250229453668	3.148725168232491	0	0	14
497	1.0	12.5	[1]	{2}	2.971377036544663	2.174916103587395	2.174916103587395	0.0	0	532.2389826178551	32.23898261785507	0.621966321647047	18	0	9	6.186761017382144	0.0	0	0	0
1	1.0	12.5	[1]	{2}	1.283244274526809	0.9663619667409283	0.9663619667409284	0.0	0	148.8631647080183	351.1368352919817	0.2581988897471611	14	4	9	5.613315823540091	0.0	0	0	4
436	1.0	12.5	[3]	{0}	3.5952617037601065	3.2315401083224313	3.2793173752161033	0.0	0	657.4251730926335	157.4251730926335	5.619035968686381	45	43	44	32.273299307629465	4.966460691897789	0	0	43
188	1.0	12.5	[1]	{1}	1.7355545837876707	1.4760091599822485	1.4760091599822485	0.0	0	551.4647313393652	51.464731339365244	nan	1	1	1	0.6765352686606347	0.0	0	0	1
312	1.0	12.5	[1]	{1}	1.0669023150096117	0.9153673123766359	0.9153673123766359	0.0	0	387.65717577189207	112.34282422810793	0.0	3	1	2	1.5593143515437842	0.0	0	0	1
126	1.0	12.5	[2]	{0}	2.5114882224451045	2.1956769385963293	2.2460994025391994	0.0	0	744.1615303978324	244.1615303978324	0.12838814775327387	27	11	19	11.360930922441185	1.1968680202494666	0	0	11
250	1.0	12.5	[2]	{2}	1.8542472052693728	1.4393860409072954	1.564861349840042	0.0	0	905.3389420732856	405.3389420732856	0.0	20	18	19	10.769237984754144	0.9472942588273278	0	0	18
64	1.0	12.5	[3]	{2}	2.4766893034909123	1.8754546424919738	1.90640266822779	0.0	0	787.674107355997	287.67410735599697	0.21004201260420147	16	0	8	5.073303570576012	0.49866568223010077	0	0	0
498	1.0	12.5	[3]	{0}	1.3650861052326826	1.057602018000022	1.076106358522928	0.0	0	871.1110656149685	371.11106561496854	0.42640143271122083	10	2	6	4.184555737540125	0.46819623832113516	0	0	2
374	1.0	12.5	[2]	{0}	1.5980890006347563	1.4650488194002753	1.479406281521736	0.0	0	816.4336949121207	316.4336949121207	1.2780193008453875	19	13	16	10.216928271230312	0.7257345160057135	0	0	13
2	1.0	12.5	[3]	{2}	3.8789500485433113	3.172061843796844	3.2520815064875292	0.0	0	685.2432587184012	185.2432587184012	2.1111946516469904	34	20	27	18.155378084350374	3.1749224744158555	0	0	20
127	1.0	12.5	[3]	{1}	2.993210256383623	2.340025987224709	2.305600153885309	0.0	0	189.94079250842333	310.0592074915767	0.15256428831468233	28	12	20	14.450052680134775	0.596569562262467	0	0	12
313	1.0	12.5	[1]	{1}	3.343065141279757	3.0602910083542376	3.0602910083542376	0.0	0	635.8213236089796	135.82132360897958	1.0	26	8	17	11.884608087519183	0.0	0	0	8
437	1.0	12.5	[2]	{0}	2.278973931161296	1.7108724167728888	1.9517765353789902	0.0	0	59.92235313169658	440.0776468683034	1.61245154965971	14	12	13	9.621145884448662	1.359702328252292	0	0	12
189	1.0	12.5	[2]	{1}	0.8524419795794745	0.6744281219505951	0.7358473209516888	0.0	0	42.71898395381868	457.2810160461813	nan	1	1	1	0.6197189839538186	0.44394023627908624	0	0	1
251	1.0	12.5	[1]	{0}	0.8039869146455343	0.6133531695734808	0.6133531695734808	0.0	0	699.6061997488141	199.6061997488141	0.4629100498862757	6	0	3	1.5673938002511858	0.0	0	0	0
499	1.0	12.5	[3]	{2}	2.2440064202917602	1.7254361615067713	1.8586475993348714	0.0	0	208.5839817300439	291.4160182699561	0.3594253787238923	21	15	18	9.25651167114079	1.8622600340553839	0	0	15
65	1.0	12.5	[1]	{2}	2.5409093124527518	1.9001525764010578	1.9001525764010583	0.0	0	146.7245053499937	353.2754946500063	0.8783100656536799	6	4	5	2.9446225267499684	0.0	0	0	4
375	1.0	12.5	[1]	{1}	1.6581074915436949	1.6175621468421162	1.6175621468421162	0.0	0	217.87483640946448	282.1251635905355	1.414213562373095	5	5	5	2.480624509228394	0.0	0	0	5
3	1.0	12.5	[1]	{0}	3.220531299052487	2.73992816513654	2.73992816513654	0.0	0	342.2544456552714	157.7455543447286	0.5	7	1	4	2.0830177826210856	0.0	0	0	1
128	1.0	12.5	[3]	{1}	3.850759659688219	3.082158984352309	3.1669258282237513	0.0	0	587.0560619514436	87.05606195144355	3.127070742495511	31	21	26	17.927663628291338	3.204552760992195	0	0	21
438	1.0	12.5	[3]	{0}	4.491354846504159	3.8007705441258257	3.8708480102484857	0.0	0	573.8090029917657	73.80900299176574	4.04808242473552	33	27	30	21.056909970082337	4.9680983402544285	0	0	27
314	1.0	12.5	[2]	{0}	4.0970896945142385	3.591476879933498	3.5680112007100995	0.0	0	576.9296917133033	76.92969171330333	1.362061803007615	41	1	21	15.40747647402063	1.8244939533405375	0	0	1
190	1.0	12.5	[2]	{1}	1.35782507883907	1.0807270663536572	1.081767230495115	0.0	0	495.4122449271381	4.58775507286191	1.2666666666666666	14	6	10	7.673	0.6295808621413967	0	0	6
252	1.0	12.5	[1]	{0}	3.624536826152492	3.0039555307989283	3.0039555307989283	0.0	0	125.7988077122718	374.2011922877282	nan	1	1	1	0.17779880771227186	0.0	0	0	1
66	1.0	12.5	[1]	{0}	2.4719010929440546	1.9804153324344413	1.9804153324344411	0.0	0	101.42708336934449	398.5729166306555	0.2581988897471611	9	3	6	3.740708333477378	0.0	0	0	3
376	1.0	12.5	[3]	{2}	2.606422539570036	2.3434174732861637	2.3303940619121293	0.0	0	615.9171836916357	115.91718369163573	2.4585451886114367	33	19	26	19.539	3.11696825674752	0	0	19
4	1.0	12.5	[1]	{1}	0.7976797607261481	0.5736640175774648	0.5736640175774645	0.0	0	937.1450101025404	437.14501010254037	1.0	2	0	1	0.8358549898974597	0.0	0	0	0
129	1.0	12.5	[1]	{0}	3.343442225376946	2.7932361132539754	2.793236113253976	0.0	0	405.6203819345683	94.37961806543171	2.1933784650417927	10	4	7	4.283620381934568	0.0	0	0	4
439	1.0	12.5	[2]	{1}	2.1110469928626454	1.7767444056635089	1.7441338683521677	0.0	0	381.4135247375816	118.58647526241839	0.5449492609130661	21	3	12	8.251308197900652	0.963604103197347	0	0	3
315	1.0	12.5	[3]	{2}	3.0197510592366155	2.7138365202218124	2.6317328593050338	0.0	0	651.4439487364143	151.4439487364143	2.872529994870127	20	12	16	10.956224205054342	3.4774954529417914	0	0	12
377	1.0	12.5	[3]	{0}	0.5795922873379253	0.48943691673230094	0.5179138942047297	0.0	0	29.7086788341403	470.2913211658597	1.414213562373095	5	3	4	1.9358347153365614	0.7263092114331634	0	0	3
67	1.0	12.5	[3]	{2}	3.2505899726771843	2.7635651545548257	2.732054533880433	0.0	0	163.69843971915543	336.30156028084457	0.7559289460184544	20	14	17	10.79147659578733	2.4465939505318133	0	0	14
191	1.0	12.5	[2]	{1}	1.2721477876413414	1.0300481934200616	1.0273263488455222	0.0	0	481.284290086478	18.715709913522005	1.184313050927584	13	5	9	6.46742145043239	0.5366834639000627	0	0	5
253	1.0	12.5	[1]	{0}	2.6630140745272013	1.9667627586002523	1.9667627586002523	0.0	0	150.58795688673854	349.41204311326146	0.0	5	1	3	2.7624120431132613	0.0	0	0	1
5	1.0	12.5	[2]	{0}	3.732304847443525	3.114851163921746	3.110223707174314	0.0	0	492.8345342632383	7.165465736761689	2.1547564146816156	32	16	24	17.86365465736762	1.88987114035393	0	0	16
130	1.0	12.5	[2]	{2}	1.9716107702369525	1.8218697855958634	1.6747025646793072	0.0	0	171.25010071322322	328.7498992867768	0.12126781251816648	16	6	11	7.173751107845455	1.1365542624552603	0	0	6
68	1.0	12.5	[3]	{1}	1.2149363261851143	1.075849658975831	1.0735601778489372	0.0	0	509.6404934301973	9.640493430197296	2.593355007722319	16	14	15	11.761640493430198	1.5363493520071834	0	0	14
378	1.0	12.5	[3]	{1}	1.3363916050452564	1.181225951007566	1.226276972909714	0.0	0	916.3029014598578	416.3029014598578	0.18257418583505536	14	12	13	8.208668083941564	1.9000830829006496	0	0	12
440	1.0	12.5	[2]	{1}	0.9699289619501936	0.838916978511715	0.840598887787523	0.0	0	476.800229633227	23.19977036677301	1.0	7	3	5	4.254400688899681	0.42813121385913533	0	0	3
192	1.0	12.5	[1]	{2}	2.615775309388991	2.0957006145421477	2.0957006145421477	0.0	0	639.2674867529422	139.2674867529422	1.161895003862225	7	1	4	2.9115349735058844	0.0	0	0	1
316	1.0	12.5	[1]	{1}	4.233698822227515	3.67180730114709	3.67180730114709	0.0	0	158.69035990908742	341.3096400909126	nan	0	0	0	0.0	0.0	0	0	0
254	1.0	12.5	[2]	{0}	3.1055397974757843	2.437090073722442	2.4746990600493266	0.0	0	308.07437445037067	191.92562554962933	0.5460189062319482	27	9	18	13.10718999120593	1.1178852053216113	0	0	9
6	1.0	12.5	[1]	{1}	4.620541850027898	3.68905586506869	3.68905586506869	0.0	0	864.0062576159835	364.0062576159835	0.6880329612324521	16	4	10	7.711974969536065	0.0	0	0	4
131	1.0	12.5	[1]	{2}	5.657895703092258	4.090946615747651	4.090946615747651	0.0	0	237.04981664195657	262.95018335804343	1.0	2	2	2	1.2610000000000001	0.0	0	0	2
69	1.0	12.5	[2]	{2}	2.13685297659985	1.9524466577892479	1.8000083868537673	0.0	0	909.0121637564152	409.01216375641525	1.1109841197270618	19	5	13	8.700841871166602	1.1042805232975905	0	0	7
379	1.0	12.5	[1]	{1}	2.111183611557286	1.5017556752907208	1.5017556752907208	0.0	0	472.2163819242269	27.78361807577312	1.3416407864998738	4	0	2	1.3714327638484538	0.0	0	0	0
441	1.0	12.5	[2]	{0}	1.0094129134349927	0.8649154535942996	0.8638847202965854	0.0	0	465.8713990356773	34.128600964322686	1.3035722838802226	12	2	7	5.450643004821614	0.3893797153992696	0	0	2
193	1.0	12.5	[3]	{2}	2.7279793132801586	2.309722480851563	2.3091385869663146	0.0	0	501.4533817302436	1.4533817302436205	2.3333333333333335	24	14	19	14.199173672111705	2.5069812852215647	0	0	14
317	1.0	12.5	[2]	{2}	1.4362047111571505	1.1230532864556309	1.1389942430063908	0.0	0	875.3080805763602	375.3080805763602	0.3779644730092272	11	3	7	4.041843435965479	0.46336621019294083	0	0	3
255	1.0	12.5	[1]	{0}	2.0686062047955436	1.6883511722585398	1.6883511722585398	0.0	0	980.7653434108944	480.7653434108944	0.7006490497453707	14	10	12	5.409346565891056	0.0	0	0	10
7	1.0	12.5	[2]	{2}	2.1695147218519333	1.8330757203509347	1.8462754947120859	0.0	0	195.1078672427684	304.8921327572316	1.6431676725154982	19	11	15	9.88040227415599	0.8048113937393415	0	0	11
194	1.0	12.5	[3]	{0}	2.1745301295782835	1.9081477410559327	1.7675205877502345	0.0	0	202.01995014213023	297.98004985786974	0.23570226039551587	15	1	8	6.280079800568521	1.5649187180620603	0	0	1
132	1.0	12.5	[2]	{2}	3.343320530810372	2.899570709625709	2.7387626636150557	0.0	0	929.1018890216948	429.1018890216948	0.8106434833777776	22	6	14	7.661573553696273	1.4418573226807865	0	0	6
442	1.0	12.5	[1]	{1}	1.53831127847147	1.4611999179455466	1.4611999179455466	0.0	0	898.269449127838	398.269449127838	0.6405126152203485	12	2	7	5.41265275436081	0.0	0	0	2
380	1.0	12.5	[1]	{2}	2.1124979491959426	1.4811555970068246	1.4811555970068246	0.0	0	386.4771188236773	113.5228811763227	nan	0	0	0	0.0	0.0	0	0	0
318	1.0	12.5	[2]	{0}	1.005901519367594	0.9344307803455477	0.931605303018984	0.0	0	222.1014890819788	277.8985109180212	0.6546536707079772	8	2	5	3.996507445409894	0.4388218426029303	0	0	2
256	1.0	12.5	[1]	{0}	1.071767613312323	0.7293924187433654	0.7293924187433654	0.0	0	132.0285084657371	367.9714915342629	1.224744871391589	3	1	2	1.334057016931474	0.0	0	0	1
70	1.0	12.5	[2]	{2}	4.214591921541136	3.503650905581428	3.3344143682346568	0.0	0	8.886454626917839	491.11354537308216	0.14969623771302396	33	9	21	10.455615547165277	1.571715983607519	0	0	9
8	1.0	12.5	[2]	{2}	0.9963288466452973	0.8375907278081596	0.8566363336538633	0.0	0	347.3713675048202	152.62863249517977	0.5222329678670935	10	0	5	3.9143713675048204	0.48325587474434756	0	0	0
195	1.0	12.5	[1]	{0}	1.6226372527218265	1.2673003376274703	1.2673003376274703	0.0	0	230.42641393840316	269.57358606159687	1.224744871391589	3	1	2	1.237	0.0	0	0	1
443	1.0	12.5	[1]	{0}	5.129643069261411	3.686553229985897	3.686553229985897	0.0	0	264.10778844729066	235.89221155270934	0.0	6	2	4	2.3984311537891627	0.0	0	0	2
133	1.0	12.5	[1]	{1}	1.2750393982252421	1.0718619904061324	1.0718619904061324	0.0	0	90.00077657401562	409.9992234259844	1.0434983894999017	8	2	5	2.6050038828700783	0.0	0	0	2
381	1.0	12.5	[2]	{2}	1.1266399687946114	0.8394674133661921	0.8700058753016147	0.0	0	920.9691029973328	420.9691029973328	1.6984155512168937	12	4	8	3.200247176021338	0.3792291291562056	0	0	4
319	1.0	12.5	[1]	{2}	2.6877201375529394	2.0509598728874714	2.0509598728874714	0.0	0	224.42381526343524	275.57618473656476	1.9379255804998177	8	2	5	2.1741190763171763	0.0	0	0	2
257	1.0	12.5	[2]	{0}	2.513657237759216	2.0251184967373477	2.0577525020009424	0.0	0	204.0004178415984	295.9995821584016	1.6383560438182507	18	14	16	9.45200584978238	0.9111740565358727	0	0	14
71	1.0	12.5	[3]	{1}	1.8814034286632402	1.5599637732287062	1.5890721053630639	0.0	0	867.4022636841983	367.40226368419826	3.0568684048294332	17	11	14	7.876977363158017	1.503383687333633	0	0	11
9	1.0	12.5	[1]	{0}	2.7158964386950926	2.262217138004006	2.262217138004006	0.0	0	541.1054869182408	41.105486918240786	nan	6	6	6	4.171367078490555	0.0	0	0	6
196	1.0	12.5	[3]	{2}	2.7766994138158645	2.041667860810224	2.1677517770112638	0.0	0	880.4876839276403	380.4876839276403	0.8247860988423226	20	6	13	6.662635476795956	1.013192233676834	0	0	6
134	1.0	12.5	[1]	{2}	3.374665280713886	3.0516287510346536	3.0516287510346536	0.0	0	7.158439373597503	492.8415606264025	0.5020964452534338	27	7	17	8.697693469351156	0.0	0	0	7
382	1.0	12.5	[3]	{2}	0.9240355283172971	0.7229330014286616	0.7140289685751934	0.0	0	623.7622699700296	123.76226997002959	1.7566201313073597	9	3	6	4.21152453994006	0.2399632259284959	0	0	3
444	1.0	12.5	[2]	{0}	1.6315061801939599	1.3551168551074535	1.3533667571827073	0.0	0	473.5233879182488	26.476612081751227	1.3587324409735149	15	5	10	7.523859672490508	0.6037134354149412	0	0	5
258	1.0	12.5	[3]	{2}	0.9556566853415913	0.8177084089615088	0.7732384330887452	0.0	0	288.2785205729306	211.72147942706943	0.21320071635561041	10	2	6	3.938671123437584	0.662007335344749	0	0	2
72	1.0	12.5	[2]	{0}	3.4741033144016735	2.782317316715386	2.7359328961014673	0.0	0	729.5818692073226	229.5818692073226	0.43795912116108715	25	3	14	9.988672523170711	1.2009199311286785	0	0	3
320	1.0	12.5	[2]	{1}	2.0222835035173814	1.7271246169885583	1.7223921648493874	0.0	0	515.3904384933412	15.390438493341208	1.8053804297822111	18	6	12	8.900561753973365	1.018743415399785	0	0	6
10	1.0	12.5	[1]	{0}	0.9963827306732388	0.8110696333487555	0.8110696333487554	0.0	0	309.23015577718616	190.76984422281384	nan	2	2	2	1.1074603115543722	0.0	0	0	2
197	1.0	12.5	[3]	{0}	2.3645727505193395	2.033301212850359	2.067738546908806	0.0	0	205.63301001675427	294.36698998324573	2.6234238965856185	16	16	16	10.362330100167542	2.4714596297165166	0	0	16
445	1.0	12.5	[3]	{0}	1.0061712227017676	0.8501789435810921	0.8832229455360437	0.0	0	27.79914508573711	472.2008549142629	0.29277002188455997	6	4	5	1.9289957254286856	1.098734928054795	0	0	4
383	1.0	12.5	[1]	{2}	1.6727808533616888	1.3146906161914769	1.3146906161914769	0.0	0	334.00600031018257	165.99399968981743	0.8164965809277261	11	5	8	5.786963998138904	0.0	0	0	5
259	1.0	12.5	[3]	{0}	1.331998659767513	0.9945090294288179	1.014841259970892	0.0	0	54.62933634407818	445.3706636559218	0.5222329678670935	10	2	6	2.8615173453763125	0.17239050063216838	0	0	2
135	1.0	12.5	[1]	{2}	5.280290581265991	4.612618136089813	4.612618136089813	0.0	0	960.5013988912106	460.50139889121056	nan	1	1	1	0.43049860110878946	0.0	0	0	1
321	1.0	12.5	[2]	{2}	4.002047687653928	3.5237029220419562	3.4146140274531445	0.0	0	167.4056961201131	332.59430387988687	1.3416407864998738	34	20	27	15.932142403002825	1.741584058795517	0	0	20
73	1.0	12.5	[1]	{0}	1.6650709484708284	1.3923511214881412	1.3923511214881412	0.0	0	859.4386056065559	359.43860560655594	nan	0	0	0	0.0	0.0	0	0	0
11	1.0	12.5	[3]	{2}	1.8777923638760492	1.6495326298395838	1.5942593629877608	0.0	0	877.4114828556776	377.4114828556776	1.292710232126877	22	14	18	10.156239240020513	1.6337743113887093	0	0	14
198	1.0	12.5	[3]	{1}	5.0003415557769095	4.260215519827922	4.426095356423467	0.0	0	760.8423219062388	260.8423219062388	4.886547185844245	60	46	53	36.248626596156505	6.042652636510569	0	0	46
446	1.0	12.5	[3]	{2}	2.576177759213212	2.188656110906295	2.058953723858574	0.0	0	785.080631962046	285.080631962046	0.7142857142857143	13	5	8	5.926677472151815	1.469530611503473	0	0	3
384	1.0	12.5	[3]	{1}	0.9181700983255943	0.7046326793246764	0.7058366578250845	0.0	0	473.67338580079377	26.326614199206233	1.0	2	0	1	0.7816733858007938	0.18340504412861286	0	0	0
136	1.0	12.5	[3]	{0}	2.015573082472316	1.6668910993009098	1.691298860222083	0.0	0	826.5900525730103	326.5900525730103	1.0190493307301363	15	11	13	7.953329316550866	1.5116875502733085	0	0	11
260	1.0	12.5	[3]	{0}	1.480913826137345	1.1391178952167365	1.2206329132364493	0.0	0	997.4805996753277	497.48059967532765	0.3418817293789138	10	4	7	3.8076358022727064	1.0434360211739586	0	0	4
322	1.0	12.5	[2]	{0}	0.7085174144269526	0.6218318180721893	0.5723750273368104	0.0	0	867.3913069069386	367.39130690693855	1.0434983894999017	8	2	5	3.497043465465307	0.35273243598017034	0	0	2
74	1.0	12.5	[1]	{2}	3.6023513324791296	3.0165928873489074	3.0165928873489074	0.0	0	842.3958043567836	342.39580435678363	nan	0	0	0	0.0	0.0	0	0	0
12	1.0	12.5	[1]	{1}	5.264862335928264	4.457348134817357	4.457348134817357	0.0	0	641.2041182629764	141.2041182629764	nan	1	1	1	0.9717958817370236	0.0	0	0	1
447	1.0	12.5	[3]	{1}	0.8418240073566918	0.7639801507567521	0.7222579409444079	0.0	0	850.9548036381602	350.95480363816023	1.0660035817780522	10	2	6	2.8292711781710387	0.8460014858263416	0	0	2
385	1.0	12.5	[3]	{1}	2.1071698083633525	1.6664904984995441	1.6451334079614865	0.0	0	801.2673929333687	301.2673929333687	0.29277002188455997	9	1	5	4.451267392933369	0.5889392269187896	0	0	1
199	1.0	12.5	[2]	{0}	3.348695707663267	2.8173807119551078	2.7782801547635794	0.0	0	428.8581341970712	71.1418658029288	1.5613417365949005	30	8	19	14.720993060620502	1.653546185108693	0	0	8
137	1.0	12.5	[1]	{0}	1.12029622078687	0.8276787224918023	0.8276787224918023	0.0	0	976.3849293813108	476.3849293813108	1.224744871391589	3	1	2	1.7142301412373784	0.0	0	0	1
261	1.0	12.5	[1]	{1}	2.0793720573221712	1.5789685853687332	1.5789685853687332	0.0	0	592.5314920023084	92.53149200230837	0.5683985600588051	12	2	7	5.230405523993074	0.0	0	0	2
75	1.0	12.5	[3]	{1}	1.2762720546673076	1.0573767494438362	1.0591643557168715	0.0	0	247.1781417261809	252.8218582738191	0.6666666666666666	8	4	6	4.7970688503570855	0.8227531337183687	0	0	4
323	1.0	12.5	[2]	{0}	1.7179771134380677	1.3262935059404943	1.3431227007620472	0.0	0	65.06161158904433	434.93838841095567	0.7807200583588266	17	3	10	6.4326161158904425	0.5228274285862291	0	0	3
13	1.0	12.5	[3]	{2}	1.1086065493828063	0.8597396075165198	0.9101973672084633	0.0	0	897.731936071068	397.73193607106805	0.0	7	1	4	2.006072255715728	0.7568033782645718	0	0	1
448	1.0	12.5	[1]	{1}	2.5908545289724367	2.414849648652754	2.414849648652754	0.0	0	371.2192228995264	128.78077710047359	0.03962144258751637	20	6	13	10.247534560296685	0.0	0	0	6
200	1.0	12.5	[1]	{2}	2.0464053551183654	1.7128438025365997	1.7128438025365997	0.0	0	245.70517195388675	254.29482804611325	0.8332380897952963	19	3	11	6.6059362036772065	0.0	0	0	3
386	1.0	12.5	[1]	{2}	2.934595924120633	2.503179053643536	2.503179053643536	0.0	0	423.8963345997036	76.10366540029639	nan	1	1	1	0.44389633459970357	0.0	0	0	1
138	1.0	12.5	[1]	{2}	2.542329576159704	1.8203396499011233	1.820339649901123	0.0	0	525.1186955720186	25.118695572018623	0.7071067811865475	5	1	3	2.3136439132839444	0.0	0	0	1
262	1.0	12.5	[1]	{1}	1.614909326077238	1.5572866322276606	1.5572866322276606	0.0	0	299.2375520989299	200.76244790107012	0.3721042037676254	14	4	9	5.776662864692509	0.0	0	0	4
76	1.0	12.5	[3]	{0}	0.6970103455125771	0.5434524417979169	0.5446159566832711	0.0	0	543.4049121104181	43.40491211041808	1.5	7	1	4	2.6228098242208358	0.20167164516039032	0	0	1
14	1.0	12.5	[3]	{2}	1.6836698712956262	1.4730029612609843	1.4714623559152158	0.0	0	512.2580712195486	12.258071219548583	3.2716515254078793	17	15	16	13.010516142439098	1.7953605132363346	0	0	15
324	1.0	12.5	[2]	{1}	1.336492690167836	1.206702814334741	1.2096542280429872	0.0	0	57.34847276471555	442.65152723528445	0.2656844656620286	19	13	16	8.625878618706018	0.5480754612382637	0	0	13
449	1.0	12.5	[3]	{1}	1.5589249602602089	1.3975639003779228	1.4171558195918657	0.0	0	632.3893652297556	132.38936522975564	3.0464244212496006	18	16	17	13.044389365229753	2.1316839025968553	0	0	16
387	1.0	12.5	[3]	{1}	5.038543741277466	4.422762127172759	4.380657563336263	0.0	0	662.176749901846	162.17674990184605	4.2273832604543005	59	43	51	35.68458125245384	5.073619514394089	0	0	43
201	1.0	12.5	[2]	{1}	1.5787340252862294	1.2265692910224006	1.290669321408391	0.0	0	768.9556514378637	268.9556514378637	1.0914103126634984	16	6	11	6.755310439934954	0.739631676612003	0	0	6
139	1.0	12.5	[1]	{2}	6.437339675062702	5.505228725924104	5.505228725924104	0.0	0	510.3529589250684	10.352958925068378	0.2764294762875764	53	7	30	23.260647342801093	0.0	0	0	7
263	1.0	12.5	[2]	{2}	2.54624903376703	2.037001886978307	2.0718225291466403	0.0	0	782.7047354076058	282.70473540760577	2.3917019244124247	20	0	10	5.720181058369577	0.9218676582123837	0	0	0
77	1.0	12.5	[3]	{1}	2.811971364008372	2.280605813593235	2.3563595539539666	0.0	0	31.24584606848657	468.75415393151343	1.944222209522358	19	11	15	8.220195998890324	2.1406547949056667	0	0	11
15	1.0	12.5	[3]	{1}	1.7938010238295419	1.3897197427392136	1.4236680268057111	0.0	0	284.60236289538443	215.39763710461557	1.2792042981336627	10	4	7	4.629602362895385	0.7841455760020601	0	0	4
202	1.0	12.5	[1]	{2}	3.60272204450989	2.8260317333231173	2.8260317333231173	0.0	0	796.0851523093879	296.0851523093879	1.4194453757806869	24	8	16	8.692148476906121	0.0	0	0	8
264	1.0	12.5	[3]	{0}	1.332251811382815	1.0565703259727948	1.0724127909224794	0.0	0	388.7337241321802	111.26627586781979	1.5716505559714824	12	4	8	6.14346744826436	0.7281748077312337	0	0	4
140	1.0	12.5	[2]	{0}	1.344848378835927	1.0622966781703838	1.1096459465067614	0.0	0	755.803199019283	255.80319901928306	1.5491933384829668	27	7	17	12.003345616672187	0.6223221331509761	0	0	7
325	1.0	12.5	[1]	{1}	3.6236431732208025	2.5255852538073826	2.5255852538073826	0.0	0	197.5047686137259	302.4952313862741	nan	1	1	1	0.9035047686137259	0.0	0	0	1
388	1.0	12.5	[3]	{2}	1.0674995738266222	0.8935424916823996	0.8921614942146808	0.0	0	482.2977993171662	17.70220068283379	0.3872983346207417	7	3	5	3.8778933979514987	0.810307267050655	0	0	3
450	1.0	12.5	[2]	{2}	2.5833901010098757	1.9601982049917244	1.959209631792106	0.0	0	534.493412123993	34.49341212399304	0.3263569759322527	25	1	13	10.364532939380036	0.6961743495949504	0	0	1
78	1.0	12.5	[2]	{0}	2.8620093215884874	2.4917070871377103	2.513444728903221	0.0	0	188.8928092084825	311.1071907915175	2.1526419295572294	22	10	16	9.34928494733572	1.1523119399554824	0	0	10
16	1.0	12.5	[1]	{1}	3.8344900485137092	3.2783252876160245	3.2783252876160245	0.0	0	718.0910632014275	218.09106320142746	nan	0	0	0	0.0	0.0	0	0	0
326	1.0	12.5	[1]	{1}	1.990185597928703	1.530434741215329	1.5304347412153287	0.0	0	70.11762331239879	429.8823766876012	0.9622504486493763	17	5	11	6.675588116561994	0.0	0	0	5
141	1.0	12.5	[2]	{2}	1.6201189454473501	1.365069172454671	1.4377590420773025	0.0	0	763.0268298089504	263.0268298089504	1.4288690166235207	17	15	16	10.524624382674695	0.9040587136866589	0	0	15
203	1.0	12.5	[1]	{0}	1.1508230376769935	0.9264631978578923	0.9264631978578923	0.0	0	120.04456762224436	379.95543237775564	0.7071067811865475	5	3	4	1.7991782704889774	0.0	0	0	3
389	1.0	12.5	[1]	{2}	3.828083041928812	3.258561948892737	3.258561948892737	0.0	0	309.7714111208916	190.22858887910837	1.224744871391589	3	3	3	2.6622285888791084	0.0	0	0	3
451	1.0	12.5	[2]	{1}	1.2509146621174314	1.0204072315851016	1.101490993643296	0.0	0	860.2735325694084	360.2735325694084	nan	8	6	7	4.122085272014141	0.7010953302566931	0	0	6
265	1.0	12.5	[1]	{1}	5.188949014491833	3.6078103431557675	3.607810343155768	0.0	0	188.10992827638984	311.89007172361016	0.7302967433402214	11	1	6	3.618439713105559	0.0	0	0	1
79	1.0	12.5	[3]	{1}	1.7286118696183614	1.577483945705325	1.4387538162872249	0.0	0	127.23978073336184	372.76021926663816	1.4774627424162583	22	6	14	8.428918245866896	1.5105292015608565	0	0	6
17	1.0	12.5	[3]	{2}	4.044582006446292	3.4920665052666235	3.5142430677898444	0.0	0	354.71189953386784	145.28810046613216	2.2477650127287667	43	31	37	28.102949890211224	3.9990910366803294	0	0	31
327	1.0	12.5	[1]	{1}	1.2622116126130347	0.9830113805713543	0.9830113805713542	0.0	0	14.631221070885658	485.36877892911434	nan	0	0	0	0.0	0.0	0	0	0
204	1.0	12.5	[3]	{0}	1.228772275279523	1.0734436423379294	1.0584474106350061	0.0	0	677.3853672202677	177.38536722026765	1.0206207261596576	11	3	7	4.981385367220268	1.1794860435727188	0	0	3
390	1.0	12.5	[2]	{2}	0.9135627667137524	0.7783694323783875	0.7779550181857325	0.0	0	513.8908792287111	13.890879228711128	1.718675697694639	12	0	6	4.6436547246277335	0.3510071814195197	0	0	0
452	1.0	12.5	[1]	{0}	2.3925439692895756	2.1399209338806746	2.1399209338806746	0.0	0	962.1276843827218	462.1276843827218	0.16993235521110622	16	8	12	8.121723156172783	0.0	0	0	8
142	1.0	12.5	[2]	{2}	4.286931598154887	3.443429542143719	3.4557367658337226	0.0	0	245.91011996380985	254.08988003619015	0.6559519440123629	44	8	26	18.5292023992762	1.3607074636693053	0	0	8
266	1.0	12.5	[2]	{0}	1.679642958991626	1.357164330514372	1.3489972425484473	0.0	0	844.647252233699	344.64725223369896	1.6035674514745464	13	7	10	5.4795274776630105	0.53287271091162	0	0	7
80	1.0	12.5	[1]	{1}	1.9713207443406762	1.6890310735245975	1.6890310735245975	0.0	0	652.7198068797588	152.71980687975883	nan	0	0	0	0.0	0.0	0	0	0
18	1.0	12.5	[1]	{1}	2.7472567693320022	2.4326092107625756	2.4326092107625756	0.0	0	301.34867201559246	198.65132798440754	0.6611119160302901	28	2	15	11.073835392171516	0.0	0	0	2
328	1.0	12.5	[2]	{0}	1.31898233265451	1.0473919169421302	1.0633207085690763	0.0	0	558.055424131453	58.05542413145304	1.7677669529663687	7	3	5	3.207944575868547	0.6782016937720428	0	0	3
205	1.0	12.5	[1]	{2}	4.555231676576918	3.8281373461075248	3.8281373461075248	0.0	0	904.5513896271586	404.55138962715864	0.0	3	1	2	0.9828972207456828	0.0	0	0	1
453	1.0	12.5	[1]	{2}	2.9478966111842233	2.330989364112214	2.3309893641122135	0.0	0	437.9987395368517	62.0012604631483	0.0	3	1	2	1.561	0.0	0	0	1
391	1.0	12.5	[2]	{2}	2.3982500808582747	1.9536319239811597	1.9528220967449983	0.0	0	497.7524634450674	2.2475365549325943	0.7895420339517227	13	3	8	5.080019707560539	1.1140147714533954	0	0	3
143	1.0	12.5	[1]	{0}	5.028330054187038	3.7974123176405943	3.7974123176405943	0.0	0	598.2840810902417	98.28408109024167	1.2686700948330931	17	7	12	9.147000000000002	0.0	0	0	7
81	1.0	12.5	[3]	{2}	1.2795901556558578	0.9799359861017212	0.9777676812933089	0.0	0	660.7993051875383	160.79930518753827	1.0434983894999017	8	4	6	4.271401389624923	0.15808505731704192	0	0	4
267	1.0	12.5	[1]	{0}	1.536879811539773	1.1314164097358246	1.1314164097358246	0.0	0	440.82708191126585	59.17291808873415	0.4629100498862757	6	0	3	2.2858270819112656	0.0	0	0	0
19	1.0	12.5	[3]	{2}	1.7524195748040037	1.6502210826842276	1.5587433695203372	0.0	0	873.9013290032744	373.90132900327444	1.10377696422087	18	6	13	9.945493354983627	2.200086870305924	0	0	8
329	1.0	12.5	[2]	{0}	4.882287265362356	4.206811954965535	4.214752021430803	0.0	0	830.3557524923235	330.3557524923235	0.6796863993846612	42	18	30	15.917038930214941	1.7976432856913758	0	0	18
392	1.0	12.5	[3]	{2}	1.4269971526368612	1.2564340802089768	1.146370773301272	0.0	0	127.68445909023283	372.31554090976715	0.18257418583505536	11	1	6	4.150737836360931	0.9046016233409808	0	0	1
144	1.0	12.5	[3]	{2}	1.3536911291349647	1.009139427823393	1.1209511938007715	0.0	0	174.94728905148804	325.05271094851196	1.6383560438182507	18	12	15	9.904314757669344	1.189443189268705	0	0	12
206	1.0	12.5	[2]	{0}	3.071475089713293	2.4606754143390184	2.5341391686291614	0.0	0	99.90887460298836	400.09112539701164	1.5726559551430037	32	20	26	12.950812990471723	1.1820191789413403	0	0	20
454	1.0	12.5	[1]	{0}	1.8726840101315598	1.5584263731616455	1.5584263731616455	0.0	0	82.1908270008862	417.8091729991138	1.1055415967851332	17	3	10	6.138908270008861	0.0	0	0	3
82	1.0	12.5	[2]	{1}	1.8440070778172442	1.4434123020346363	1.4447632680550626	0.0	0	525.0651894602925	25.06518946029246	1.4142135623730951	15	3	9	5.9189348105397075	0.5766578264485287	0	0	3
20	1.0	12.5	[3]	{0}	1.5752615138894974	1.3867921253425588	1.3759431255353767	0.0	0	399.861992103979	100.13800789602101	2.6457513110645903	11	11	11	7.349585976311936	1.66431640060134	0	0	11
268	1.0	12.5	[2]	{1}	1.4200698641096103	1.3744284791193624	1.369224768873861	0.0	0	322.3255721386522	177.6744278613478	nan	12	8	10	7.363255721386523	0.688477733271786	0	0	8
330	1.0	12.5	[1]	{1}	6.080764477413133	4.173382082614928	4.173382082614928	0.0	0	450.00781677663326	49.99218322336674	nan	0	0	0	0.0	0.0	0	0	0
145	1.0	12.5	[3]	{1}	1.9790845902433065	1.7136883737262596	1.7116224870532348	0.0	0	594.9440468102694	94.94404681026936	2.1105794120443453	17	9	13	8.812167859569193	1.840231346102716	0	0	9
207	1.0	12.5	[3]	{0}	3.284192078321925	3.0267194681644094	2.9773917124911273	0.0	0	369.02867862954736	130.97132137045264	3.7164913147090353	25	23	24	16.951172071777286	4.490611435428156	0	0	23
455	1.0	12.5	[3]	{2}	2.738057091739498	2.276159508460632	2.2684601398097746	0.0	0	582.0433355402201	82.04333554022014	0.2886751345948129	15	3	9	7.6183033487815415	1.8131837121977759	0	0	3
393	1.0	12.5	[2]	{1}	3.6326830070859324	3.528801793346118	3.477617534242727	0.0	0	66.72847410663962	433.2715258933604	0.38984058779272523	46	30	38	20.85768201605231	1.7794104015145855	0	0	30
83	1.0	12.5	[3]	{2}	1.713165182895626	1.4074726151012436	1.407553346194503	0.0	0	512.9677397198975	12.967739719897509	1.6406939844773856	16	8	12	9.920064520560205	0.98766120531317	0	0	8
21	1.0	12.5	[1]	{0}	1.8908530309487936	1.4073961269880977	1.4073961269880972	0.0	0	921.2912917137146	421.2912917137146	1.3416407864998738	4	2	3	2.5461261248588563	0.0	0	0	2
269	1.0	12.5	[1]	{0}	1.796459050793823	1.3185919919817397	1.3185919919817397	0.0	0	105.99850490689278	394.0014950931072	0.21320071635561041	10	2	6	3.605991029441357	0.0	0	0	2
331	1.0	12.5	[2]	{0}	1.453369994158292	1.2132008209469596	1.2212880193687368	0.0	0	28.350362787023187	471.6496372129768	0.06726727939963124	16	8	12	4.633204353444278	0.5117496450868971	0	0	8
146	1.0	12.5	[1]	{2}	3.925915552575204	3.422395109143872	3.4223951091438725	0.0	0	258.68364167399704	241.31635832600296	1.6224988852084405	36	4	20	13.163469133391976	0.0	0	0	4
208	1.0	12.5	[2]	{0}	1.104846786890748	1.0101276250628677	1.026115315751988	0.0	0	239.7275466937572	260.2724533062428	1.0206207261596576	17	7	12	7.087730560325086	0.5351186714152062	0	0	7
456	1.0	12.5	[1]	{1}	2.690678707567704	2.3877086379722003	2.3877086379722003	0.0	0	766.9646483846009	266.9646483846009	0.506944777064531	21	1	12	7.431353516153991	0.0	0	0	3
394	1.0	12.5	[1]	{0}	1.898476030189631	1.8091826392512662	1.8091826392512662	0.0	0	572.6612948346883	72.6612948346883	1.2792042981336627	10	4	7	5.342983884504065	0.0	0	0	4
84	1.0	12.5	[3]	{1}	3.045935433522825	2.564853662650205	2.6361440620509127	0.0	0	149.96639755554497	350.033602444455	2.3443770806130777	29	21	25	14.561428758444263	3.0172071972175103	0	0	21
22	1.0	12.5	[1]	{2}	3.56250659102541	3.3650230724224706	3.3650230724224706	0.0	0	533.2722302991897	33.27223029918969	0.1709408646894569	32	8	20	14.186644315212968	0.0	0	0	8
270	1.0	12.5	[1]	{2}	1.1944488565173148	0.9172703639394827	0.9172703639394827	0.0	0	25.705174542963505	474.2948254570365	1.224744871391589	3	1	2	0.21041034908592693	0.0	0	0	1
332	1.0	12.5	[1]	{0}	3.346557659028029	2.478092343343389	2.478092343343389	0.0	0	296.24682338908315	203.75317661091685	nan	0	0	0	0.0	0.0	0	0	0
147	1.0	12.5	[3]	{1}	2.8669174076621413	2.374138402119079	2.3381381395795264	0.0	0	794.3098586983979	294.3098586983979	1.9476622986935046	33	19	26	18.846281695619226	1.6259216241603545	0	0	19
209	1.0	12.5	[2]	{1}	2.5516718292826805	2.2216947777705207	2.1797494787325493	0.0	0	270.2680295333266	229.73197046667337	0.50709255283711	13	3	8	6.730072118133307	1.086497202549385	0	0	3
457	1.0	12.5	[1]	{2}	2.8906962834917254	2.121423655602976	2.121423655602976	0.0	0	327.9701480641961	172.0298519358039	1.3416407864998738	4	2	3	1.7729104441925885	0.0	0	0	2
395	1.0	12.5	[1]	{1}	1.9567745404262709	1.7326950080790773	1.7326950080790773	0.0	0	498.0737906880677	1.9262093119323254	nan	0	0	0	0.0	0.0	0	0	0
85	1.0	12.5	[1]	{1}	2.2501196594213164	1.7334897413789232	1.7334897413789228	0.0	0	839.0199006535113	339.0199006535113	1.3333333333333333	8	4	6	3.4439203973859547	0.0	0	0	4
23	1.0	12.5	[1]	{2}	4.481876205509694	3.507565468232059	3.5075654682320585	0.0	0	666.6964534670115	166.69645346701145	0.2886751345948129	8	0	4	2.867607093065977	0.0	0	0	0
271	1.0	12.5	[1]	{2}	2.4447089267822597	1.801655367457546	1.801655367457546	0.0	0	825.8510543964803	325.8510543964803	1.0606601717798212	7	3	5	3.241446836810559	0.0	0	0	3
333	1.0	12.5	[3]	{2}	0.7776752561533804	0.6134182437185467	0.6147783496986494	0.0	0	33.872758504003286	466.1272414959967	1.5491933384829668	7	3	5	3.061363792520017	0.255093146299748	0	0	3
148	1.0	12.5	[3]	{1}	1.0212800491682728	0.8639616400278276	0.8214317601731136	0.0	0	180.28975534252825	319.7102446574718	1.7008401285415224	11	1	6	3.678579510685057	0.5768001143250674	0	0	1
458	1.0	12.5	[1]	{1}	1.78439960842175	1.7120116498745983	1.7120116498745983	0.0	0	116.43555713817476	383.5644428618252	nan	17	17	17	10.32140447134897	0.0	0	0	17
210	1.0	12.5	[2]	{1}	0.7549233852029531	0.6857724468705639	0.6983080104263746	0.0	0	825.1968163531274	325.19681635312736	nan	10	8	9	4.0112286528218535	0.35939393860541136	0	0	8
396	1.0	12.5	[2]	{0}	1.7456749453039277	1.3884041691907512	1.3849865856682255	0.0	0	479.39136903733015	20.60863096266985	nan	9	3	6	4.839651785776019	0.6779817454078279	0	0	3
86	1.0	12.5	[2]	{2}	1.6949298438550708	1.3369380564282347	1.3643579882974854	0.0	0	128.1234291382134	371.8765708617866	0.39477101697586137	13	7	10	5.058234291382134	0.5906270254782304	0	0	7
24	1.0	12.5	[3]	{2}	1.685867120604866	1.4521036835854086	1.4495666484705225	0.0	0	518.6847257427871	18.684725742787123	0.4442616583193193	18	6	12	9.399891645543278	1.6171116979518934	0	0	6
272	1.0	12.5	[1]	{1}	2.2880843576458822	2.072276865586315	2.072276865586315	0.0	0	129.2380215600133	370.7619784399867	1.4605934866804429	11	1	6	2.27942812936008	0.0	0	0	1
334	1.0	12.5	[3]	{1}	4.585410931671973	3.7782187336339073	3.8207472161375398	0.0	0	536.1821327824146	36.182132782414556	1.9641855032959654	35	17	26	20.127814406611026	4.228912239426938	0	0	17
149	1.0	12.5	[1]	{0}	1.2272960273287512	0.9794305721668566	0.9794305721668566	0.0	0	99.90024683065712	400.0997531693429	1.4142135623730951	11	5	8	5.186201974645257	0.0	0	0	5
211	1.0	12.5	[3]	{1}	3.2376531756936684	2.5071777844954064	2.488157980212822	0.0	0	134.0177410747856	365.9822589252144	0.6622661785325219	18	2	10	6.811141928598284	0.5313139850050567	0	0	2
459	1.0	12.5	[1]	{0}	1.5073600625130898	1.3306628297898564	1.3306628297898564	0.0	0	474.6891444083303	25.31085559166968	0.23145502494313785	15	1	8	6.247865133550018	0.0	0	0	1
397	1.0	12.5	[2]	{1}	1.8418860164748807	1.5548821182123405	1.511419603604725	0.0	0	655.7189237792045	155.7189237792045	0.0	15	3	9	6.273967533545569	0.8695853481945366	0	0	3
87	1.0	12.5	[2]	{0}	1.952174420790433	1.7714856796352483	1.7604503257253867	0.0	0	545.9969800431281	45.99698004312813	1.2780783085929937	16	6	11	7.531021139698103	1.0242778640705112	0	0	6
25	1.0	12.5	[3]	{1}	2.3853026298883337	1.9202618309234574	1.953553828308096	0.0	0	988.2482457906008	488.2482457906008	0.944911182523068	11	5	8	4.396510525256395	1.3848014666908277	0	0	5
273	1.0	12.5	[1]	{1}	2.700961800689094	2.1478883711815158	2.1478883711815167	0.0	0	79.94607952423394	420.05392047576606	0.0	15	3	9	3.680514715718106	0.0	0	0	3
335	1.0	12.5	[1]	{0}	1.930476979483994	1.5938254647825176	1.5938254647825176	0.0	0	681.5266211051494	181.5266211051494	1.5491933384829668	4	2	3	2.0234733788948507	0.0	0	0	2
150	1.0	12.5	[3]	{2}	3.3622486695103224	2.697372609087033	2.6443312108025023	0.0	0	285.1750566624105	214.8249433375895	0.0668153104781061	23	3	13	8.776925623286516	1.2280628818555805	0	0	3
212	1.0	12.5	[2]	{1}	3.0913999656821014	2.857367806540223	2.8355366793324723	0.0	0	921.927741728723	421.92774172872305	0.0	24	16	20	11.276300648882987	1.3415780850009904	0	0	16
460	1.0	12.5	[1]	{0}	1.1431328160863314	0.9219735170618482	0.9219735170618482	0.0	0	152.99804997630417	347.0019500236958	1.0	2	2	2	1.3519999999999999	0.0	0	0	2
398	1.0	12.5	[3]	{1}	1.9411063966041153	1.6864479724148365	1.5891927652780975	0.0	0	203.41926370747387	296.5807362925261	1.1320835321293155	18	6	12	7.920354109659791	1.3948252669462042	0	0	6
26	1.0	12.5	[1]	{1}	3.1055949544052233	2.6456085710754973	2.6456085710754973	0.0	0	680.5841098539531	180.58410985395312	1.3055824196677337	10	2	7	5.627247670438141	0.0	0	0	4
88	1.0	12.5	[1]	{0}	0.8727349312537542	0.783677264981065	0.783677264981065	0.0	0	615.0317511055619	115.03175110556185	nan	3	3	3	2.181095253316686	0.0	0	0	3
274	1.0	12.5	[2]	{0}	0.8405799155775457	0.6666982710651683	0.6543535849584415	0.0	0	695.1105205807835	195.1105205807835	0.0	6	2	4	2.442557917676866	0.2973338499643207	0	0	2
336	1.0	12.5	[2]	{0}	1.7353295844302017	1.336351960916919	1.4593662769544253	0.0	0	805.6681740563363	305.6681740563363	1.4288690166235207	17	11	14	8.379645563211293	0.9941454631393601	0	0	11
151	1.0	12.5	[2]	{0}	2.335954305306481	1.837343006547538	1.8213612909857386	0.0	0	160.58311564847827	339.41688435152173	1.469693845669907	19	7	13	8.582081809539348	0.7004699384167612	0	0	7
213	1.0	12.5	[1]	{1}	3.5793568996097385	3.2472063659575063	3.2472063659575063	0.0	0	684.9893587641418	184.9893587641418	0.25923792368260634	35	5	20	13.688191542245445	0.0	0	0	5
399	1.0	12.5	[1]	{1}	1.1877908757322526	0.83799998942342	0.83799998942342	0.0	0	383.2217906601727	116.7782093398273	nan	1	1	1	0.8427782093398273	0.0	0	0	1
461	1.0	12.5	[1]	{0}	4.127860615087041	3.319704653213453	3.319704653213453	0.0	0	803.2470773905516	303.24707739055157	nan	2	2	2	0.9745058452188969	0.0	0	0	2
89	1.0	12.5	[3]	{2}	0.5370623922867724	0.4181760436989762	0.4167107953813153	0.0	0	413.529182318598	86.47081768140202	1.0	2	2	2	1.6600000000000001	0.128257012938615	0	0	2
27	1.0	12.5	[3]	{1}	3.7886163339574477	3.29988365018756	3.27935100348233	0.0	0	331.87586651183665	168.12413348816335	2.3495798457511365	41	29	35	24.4426414637249	3.625237920206135	0	0	29
275	1.0	12.5	[1]	{0}	1.5334395862154175	1.3112046570206228	1.3112046570206228	0.0	0	209.85506055876613	290.1449394412339	1.5	7	5	6	3.9134202422350644	0.0	0	0	5
337	1.0	12.5	[3]	{0}	0.8650751345057673	0.7081137583227829	0.7479480869576056	0.0	0	212.82661496661603	287.17338503338397	1.3416407864998738	4	4	4	2.626653229933232	0.9318456589742907	0	0	4
152	1.0	12.5	[1]	{0}	3.636488087112128	3.165214087895641	3.165214087895641	0.0	0	125.99326856434344	374.00673143565655	0.953820966476532	26	4	15	8.590899028465152	0.0	0	0	4
400	1.0	12.5	[3]	{0}	3.7221690023303857	3.015374278642258	2.992213674869328	0.0	0	619.9849403928965	119.98494039289653	1.9373297998138452	20	6	13	9.138075298035517	1.7977246409530139	0	0	6
28	1.0	12.5	[3]	{2}	4.630206712069073	3.642605130037073	3.834473016844842	0.0	0	145.8481124136597	354.1518875863403	2.7650721696367815	40	36	38	23.257747147582464	3.4363110914148782	0	0	36
214	1.0	12.5	[2]	{1}	1.5369061777267756	1.4143253572492815	1.3153962931037666	0.0	0	120.3929476905614	379.6070523094386	0.4898979485566356	15	1	8	4.425143581524491	0.8075523355609224	0	0	1
462	1.0	12.5	[2]	{0}	4.118006819346764	3.9202263450114234	3.9204640387619674	0.0	0	480.0133209209889	19.986679079011083	1.5202339001321838	51	5	28	21.6767602234222	1.8733532376407176	0	0	5
90	1.0	12.5	[2]	{2}	1.960724729221321	1.7320867395886004	1.744203446454184	0.0	0	871.9085727352649	371.9085727352649	0.9128709291752769	14	6	10	5.739731418117881	0.7964208817025846	0	0	6
276	1.0	12.5	[3]	{0}	1.2371588301939114	1.0009851882210357	1.0313400170421185	0.0	0	618.2223344221711	118.22233442217112	1.414213562373095	5	1	3	2.171222334422171	1.084527681595551	0	0	1
338	1.0	12.5	[3]	{1}	1.2200855950212923	1.0522756068890562	1.0423646970733698	0.0	0	455.1201101858169	44.879889814183116	1.7008401285415224	11	7	9	6.843879889814184	1.2392358725070212	0	0	7
153	1.0	12.5	[1]	{2}	2.317591721340235	1.67946476572765	1.67946476572765	0.0	0	507.776262704283	7.776262704282999	1.3887301496588271	6	2	4	2.9850000000000003	0.0	0	0	2
401	1.0	12.5	[3]	{0}	1.933637126642251	1.4902088898625103	1.527245443338833	0.0	0	760.838570073247	260.83857007324696	0.8249579113843055	15	1	8	5.126322859853506	0.758131112390392	0	0	1
215	1.0	12.5	[3]	{1}	1.3967704376340304	1.1868844604431874	1.2052772396278355	0.0	0	610.555607592687	110.55560759268701	0.6546536707079772	6	4	5	3.753444392407313	1.427962059808034	0	0	4
463	1.0	12.5	[3]	{0}	0.8119504051548433	0.6820262090600714	0.7062142227141914	0.0	0	954.1753495577724	454.1753495577724	nan	9	9	9	5.056421853980048	0.8312683443171933	0	0	9
29	1.0	12.5	[1]	{2}	1.0841218545155709	0.9670667830719681	0.9670667830719681	0.0	0	45.61270144768059	454.3872985523194	1.224744871391589	3	1	2	1.3892254028953612	0.0	0	0	1
91	1.0	12.5	[3]	{2}	3.519740108541462	2.721101450888966	2.7187842500070856	0.0	0	212.76152855716649	287.23847144283354	0.2785430072655778	28	2	15	9.53237681412883	0.6399005163786078	0	0	2
277	1.0	12.5	[1]	{2}	1.3003373862585144	1.1735331015887485	1.1735331015887485	0.0	0	642.6409562118351	142.64095621183515	1.8371173070873836	11	9	10	6.420436175152659	0.0	0	0	9
339	1.0	12.5	[3]	{2}	1.4269086950019032	1.1239928516839983	1.1023159281295427	0.0	0	719.8326867073774	219.83268670737743	0.23354968324845687	14	2	8	5.735003879755735	0.3556817174174338	0	0	2
154	1.0	12.5	[1]	{2}	0.6965216978221591	0.6132601082629279	0.6132601082629279	0.0	0	247.41750326938927	252.58249673061073	nan	4	0	2	1.7991649934612215	0.0	0	0	0
402	1.0	12.5	[1]	{0}	1.1493636407356287	0.823277263179442	0.823277263179442	0.0	0	41.01068712770939	458.9893128722906	nan	1	1	1	0.8940106871277094	0.0	0	0	1
216	1.0	12.5	[1]	{2}	1.6469603567320692	1.3861832772646885	1.3861832772646885	0.0	0	807.4585378635675	307.45853786356747	0.0	5	1	3	2.745458537863567	0.0	0	0	1
464	1.0	12.5	[2]	{0}	4.114196945447224	3.1939989510004607	3.2247932618165076	0.0	0	686.5341251250356	186.53412512503564	1.061988488107183	27	5	16	12.285136500500144	1.3327815301672454	0	0	5
92	1.0	12.5	[3]	{1}	1.5823371271942763	1.4252515890260207	1.4001276188895093	0.0	0	893.5523487161845	393.5523487161845	1.0120486274099798	14	10	12	7.943476512838155	1.770837141569848	0	0	10
30	1.0	12.5	[2]	{1}	1.2467694311254685	1.0319239979405697	1.0634113691392826	0.0	0	826.0281034745276	326.0281034745276	0.43915503282683993	13	5	9	5.885803275678307	0.5366053560354699	0	0	5
278	1.0	12.5	[1]	{2}	3.8823179324418855	3.1721669461591757	3.1721669461591757	0.0	0	374.51245123520494	125.48754876479506	0.5855400437691199	13	3	8	5.846024902470409	0.0	0	0	3
340	1.0	12.5	[2]	{2}	1.4054473198285056	1.0950017213884675	1.111460971727396	0.0	0	655.3278313949704	155.32783139497042	1.0	7	1	4	2.5016886744201186	0.5147019041924417	0	0	1
155	1.0	12.5	[1]	{0}	2.163043312417018	1.951611405112541	1.951611405112541	0.0	0	559.2894162982702	59.289416298270226	0.5097970656333186	16	2	9	6.597552918508647	0.0	0	0	2
403	1.0	12.5	[3]	{0}	4.7448772849244865	3.976246296931767	3.90744912220626	0.0	0	121.5496773365885	378.4503226634115	2.978568348999248	42	20	31	16.21144386939518	2.97211580812071	0	0	20
217	1.0	12.5	[1]	{1}	1.593626417368851	1.183801308181879	1.183801308181879	0.0	0	232.0313211530447	267.9686788469553	nan	1	1	1	0.4790313211530447	0.0	0	0	1
93	1.0	12.5	[2]	{2}	1.4365355864920626	1.2280214826570293	1.218962687510622	0.0	0	325.9357956703752	174.06420432962477	1.2535663410560174	10	2	6	4.470614774022252	0.5527377320283653	0	0	2
465	1.0	12.5	[1]	{0}	2.827161694957168	2.554702945975959	2.554702945975959	0.0	0	822.0743553247303	322.0743553247303	2.108270664503302	32	12	22	15.006364182855933	0.0	0	0	12
31	1.0	12.5	[1]	{2}	1.3790947537638925	1.2740725932865087	1.2740725932865087	0.0	0	493.0115772876889	6.988422712311092	1.5811388300841895	11	3	7	5.147942113561556	0.0	0	0	3
279	1.0	12.5	[1]	{1}	3.2243608247868	2.2852255038340257	2.2852255038340257	0.0	0	796.951865311712	296.951865311712	1.5491933384829668	9	5	7	4.396144404064864	0.0	0	0	5
341	1.0	12.5	[1]	{2}	3.5250780088266747	3.2725198271277063	3.2725198271277063	0.0	0	393.1763735599816	106.82362644001842	1.04530972146685	31	7	19	13.79235109763965	0.0	0	0	7
156	1.0	12.5	[2]	{1}	1.0593563118898364	0.8740113726466868	0.9046561306714663	0.0	0	65.06883702240884	434.93116297759116	1.5666989036012806	10	10	10	4.61855069617927	0.4454368441600048	0	0	10
218	1.0	12.5	[3]	{0}	2.1181537944185895	1.9968394668952443	1.8614048921064463	0.0	0	84.86759616062045	415.13240383937955	0.17566201313073596	24	10	17	11.103543557766827	2.508560656587559	0	0	10
404	1.0	12.5	[1]	{2}	3.336622102037294	2.747232871635786	2.747232871635786	0.0	0	25.24388744495809	474.7561125550419	1.4638501094227998	17	3	10	2.9514388744495808	0.0	0	0	3
94	1.0	12.5	[3]	{1}	4.133831239929415	3.5566707412840524	3.5728995046027228	0.0	0	724.6030042879283	224.60300428792834	0.45175395145262565	34	22	28	19.91452789708972	3.852463923348879	0	0	22
466	1.0	12.5	[1]	{0}	1.3983185761857757	0.9604675178397892	0.9604675178397892	0.0	0	353.504350874573	146.495649125427	nan	1	1	1	0.612504350874573	0.0	0	0	1
32	1.0	12.5	[2]	{0}	1.2216161964389223	0.9758119650475976	0.9807217059638449	0.0	0	376.0048011317849	123.99519886821508	0.0	10	4	7	5.158024005658925	0.4095098256710591	0	0	4
280	1.0	12.5	[1]	{0}	4.076578215983557	3.0170158426157054	3.0170158426157054	0.0	0	986.825006082654	486.825006082654	0.9128709291752769	11	1	6	2.2780499635040763	0.0	0	0	1
342	1.0	12.5	[1]	{0}	4.07870030559792	3.2767337431425068	3.2767337431425068	0.0	0	947.16312084347	447.16312084347	1.0606601717798212	7	1	4	2.73134751662612	0.0	0	0	1
157	1.0	12.5	[1]	{1}	1.733678948774576	1.2864632069438522	1.2864632069438522	0.0	0	667.5283834338188	167.52838343381882	0.7027642214999339	14	2	8	5.852943233132363	0.0	0	0	2
219	1.0	12.5	[2]	{1}	1.314637339196718	0.9490227351074652	1.0630416446407707	0.0	0	943.845137488097	443.84513748809695	0.5	7	3	5	2.911774312559515	0.6626119209900578	0	0	3
405	1.0	12.5	[1]	{1}	0.6352365900073542	0.5710819431470561	0.5710819431470561	0.0	0	573.9394968841225	73.93949688412249	0.592156525463792	13	1	7	5.4706974844206115	0.0	0	0	1
95	1.0	12.5	[1]	{2}	0.8909478526029604	0.7825639458876089	0.7825639458876089	0.0	0	332.44397351518273	167.55602648481727	0.0	3	1	2	1.8780000000000001	0.0	0	0	1
467	1.0	12.5	[1]	{2}	2.0551535046674916	1.7246868895946434	1.7246868895946434	0.0	0	599.8051101341844	99.80511013418436	0.48038446141526137	12	0	6	3.6229999999999998	0.0	0	0	0
33	1.0	12.5	[1]	{0}	0.8844250248103227	0.7461130079168752	0.7461130079168752	0.0	0	907.009643036872	407.00964303687203	nan	1	1	1	0.404990356963128	0.0	0	0	1
281	1.0	12.5	[2]	{2}	1.0213220200758888	0.8447652469378899	0.8536878664497912	0.0	0	222.753498936072	277.246501063928	0.0	5	1	3	2.598246501063928	0.3752098397052735	0	0	1
343	1.0	12.5	[3]	{1}	2.3713893927336374	1.9670138640404233	2.0158699713287804	0.0	0	705.1765872165561	205.17658721655607	2.7300945311597404	22	14	18	13.069940476700665	2.136740774260298	0	0	14
406	1.0	12.5	[3]	{2}	1.0940256467384035	0.9016675006355842	0.898157257065263	0.0	0	533.1834848038852	33.18348480388522	2.169950108502349	16	10	13	9.809550454411655	0.7268870253333141	0	0	10
158	1.0	12.5	[2]	{0}	3.0607734237659034	2.4357151709745244	2.6355848925837293	0.0	0	926.2766381725668	426.2766381725668	1.2344267996967353	27	17	22	10.20191396020353	1.5740714515092347	0	0	17
96	1.0	12.5	[3]	{2}	1.6706736334648182	1.2266516921699333	1.3601399006678865	0.0	0	875.0394021626562	375.0394021626562	0.20412414523193154	17	15	16	8.4293695653975	1.2130085619957642	0	0	15
220	1.0	12.5	[1]	{2}	1.3014077677357128	0.9817091331786083	0.9817091331786082	0.0	0	309.34317456558347	190.65682543441653	0.0	6	2	4	2.541372698262334	0.0	0	0	2
468	1.0	12.5	[1]	{2}	2.634623507642231	2.042900796007139	2.042900796007139	0.0	0	650.4291300661862	150.4291300661862	1.1338934190276817	11	1	6	4.4030000000000005	0.0	0	0	1
34	1.0	12.5	[2]	{2}	2.348519566945351	1.8095089058802394	1.8904834641166375	0.0	0	195.22414170205596	304.77585829794407	0.0	11	1	6	4.155896566808225	0.9819092854310671	0	0	1
282	1.0	12.5	[3]	{1}	3.1275746035967495	2.8460947573098636	2.8560346805176873	0.0	0	830.4958883672953	330.49588836729527	3.2212642254053834	35	33	34	25.123082232654088	4.112905607336806	0	0	33
344	1.0	12.5	[3]	{2}	1.065232538759139	0.8770484006618731	0.8855454652134909	0.0	0	654.8475350718945	154.84753507189453	0.944911182523068	11	5	8	5.981999999999999	0.747842236724681	0	0	5
407	1.0	12.5	[1]	{2}	1.9350902297328505	1.767797371559862	1.767797371559862	0.0	0	315.05138659849763	184.94861340150237	0.19586518668589048	22	2	12	8.245411092787979	0.0	0	0	2
159	1.0	12.5	[1]	{0}	3.5346711403096887	2.644846982767123	2.644846982767124	0.0	0	296.4357906021178	203.56420939788222	0.4472135954999579	14	2	8	5.999999999999999	0.0	0	0	2
97	1.0	12.5	[1]	{2}	1.994143062816815	1.4471187575435402	1.4471187575435402	0.0	0	835.7253093272448	335.72530932724476	nan	0	0	0	0.0	0.0	0	0	0
221	1.0	12.5	[2]	{0}	2.121704213751518	1.7870586980399312	1.8009389160291387	0.0	0	643.957881256938	143.95788125693798	1.4289915348674007	16	4	10	7.96042118743062	0.8365054134563554	0	0	4
469	1.0	12.5	[1]	{2}	3.8632713082714245	2.922799910061161	2.922799910061161	0.0	0	229.3715924024582	270.6284075975418	1.4433756729740645	8	0	4	2.3017431848049164	0.0	0	0	0
35	1.0	12.5	[2]	{0}	2.5345717690977594	2.0840455356277463	1.9985910298937266	0.0	0	770.5852314829826	270.58523148298264	1.4288690166235207	17	1	9	6.343732916653156	1.0471187810916072	0	0	1
283	1.0	12.5	[3]	{2}	1.7800806542132732	1.3975844239399284	1.3813858745126086	0.0	0	402.7848872356117	97.21511276438832	1.9844852778949553	10	6	8	6.188569774471223	0.5372289067298793	0	0	6
345	1.0	12.5	[1]	{2}	4.095220464457525	3.271425707338598	3.271425707338598	0.0	0	785.251253284514	285.25125328451395	0.32025630761017426	12	2	7	4.954246240146459	0.0	0	0	2
408	1.0	12.5	[3]	{1}	1.6878090688720802	1.3405157041448028	1.326168883935512	0.0	0	42.509806575253606	457.4901934247464	1.0954451150103321	11	3	7	3.7325490328762685	0.5138565003105016	0	0	3
160	1.0	12.5	[3]	{2}	2.0205401865032395	1.7618308169530081	1.6799596175495206	0.0	0	225.836273515597	274.163726484403	0.4472135954999579	14	6	10	7.387345094062387	1.6150573803018293	0	0	6
98	1.0	12.5	[1]	{2}	2.125769226369641	1.9638623597656157	1.9638623597656157	0.0	0	225.72404681704936	274.2759531829506	0.5773502691896258	5	1	3	2.0147240468170495	0.0	0	0	1
222	1.0	12.5	[1]	{0}	1.795166065416314	1.665520200470557	1.6655202004705572	0.0	0	487.1686778496951	12.831322150304914	0.7765802747153208	25	5	15	11.181506033549084	0.0	0	0	5
470	1.0	12.5	[1]	{2}	2.183516538797568	1.6422860437288818	1.6422860437288818	0.0	0	641.6894558351487	141.6894558351487	0.7348469228349533	9	1	5	3.223310544164851	0.0	0	0	1
36	1.0	12.5	[2]	{2}	3.7497536941103466	2.9803392610533352	2.980368303578161	0.0	0	500.3888430073857	0.3888430073856739	1.6744689169543143	23	9	16	12.71077768601477	1.1801810466003335	0	0	9
284	1.0	12.5	[2]	{1}	1.4329125579516109	1.1711891488304451	1.2725474106490606	0.0	0	85.47189668752253	414.52810331247747	nan	11	9	10	6.022718966875225	0.8006059450445694	0	0	9
346	1.0	12.5	[2]	{1}	0.9079297366631505	0.7521490287986479	0.7364352681396704	0.0	0	788.324227090925	288.324227090925	0.8164965809277261	11	1	6	3.23505463745445	0.33697071293655817	0	0	1
409	1.0	12.5	[1]	{1}	2.1576422817468526	1.8102147778375133	1.8102147778375133	0.0	0	838.7831207364798	338.78312073647976	2.1213203435596424	7	3	5	2.832650637790561	0.0	0	0	3
161	1.0	12.5	[1]	{1}	1.266890790967729	1.0286163051841555	1.0286163051841555	0.0	0	555.3763397037983	55.376339703798294	0.4472135954999579	4	0	2	1.513	0.0	0	0	0
99	1.0	12.5	[2]	{1}	3.6769491893960407	2.8571535262901273	2.9582542754377985	0.0	0	329.916428308934	170.08357169106603	0.3055050463303894	20	6	13	9.113080711398274	1.7141977549986338	0	0	6
223	1.0	12.5	[2]	{1}	1.139283573811712	0.9453604453637181	0.8906415181279925	0.0	0	882.8354603610933	382.8354603610933	1.5491933384829668	7	3	5	4.033822698194534	0.4639303970076788	0	0	3
471	1.0	12.5	[1]	{1}	3.855429406043293	2.9748624439777114	2.9748624439777114	0.0	0	545.092802029103	45.09280202910304	0.12471164898158099	30	0	15	11.366092802029105	0.0	0	0	0
37	1.0	12.5	[3]	{1}	4.671404251875333	3.6605969793469937	3.618061385699974	0.0	0	285.0742738228291	214.92572617717087	0.31835726998350666	36	8	22	15.65689128587395	1.1139739141430778	0	0	8
285	1.0	12.5	[3]	{0}	2.818989551169315	2.151020339056527	2.151569965099151	0.0	0	364.8788402788341	135.1211597211659	0.42857142857142855	13	3	8	6.25	0.3026900671615743	0	0	3
347	1.0	12.5	[3]	{0}	2.419022780776184	2.2658014273790803	2.242085629450535	0.0	0	860.7718700077385	360.77187000773847	2.4647515087732477	23	21	22	11.751106339860709	3.4882846233678517	0	0	21
162	1.0	12.5	[3]	{1}	2.46395578088412	2.422081627704559	2.320171495711829	0.0	0	885.5406595394015	385.54065953940153	2.0238577025077626	29	27	28	17.141105490133167	4.041967719919898	0	0	27
100	1.0	12.5	[3]	{2}	1.7565013378301735	1.337742754907784	1.4524718144921962	0.0	0	849.549752427265	349.54975242726505	0.7071067811865476	11	9	10	6.000601980581879	1.408986030774928	0	0	9
410	1.0	12.5	[2]	{0}	3.854366066552593	3.2612332709958824	3.2563858558432752	0.0	0	491.7116672731936	8.288332726806402	1.0371510893471572	30	6	19	14.755748325448483	1.9140508628645732	0	0	8
224	1.0	12.5	[1]	{2}	0.6510874343901203	0.49555524584593663	0.4955552458459367	0.0	0	732.1819765493274	232.18197654932737	nan	2	2	2	1.5583639530986548	0.0	0	0	2
38	1.0	12.5	[3]	{1}	1.4729640718176018	1.1435911806718346	1.1350783226615007	0.0	0	799.7085643000901	299.7085643000901	0.0	7	3	5	3.2088743070997303	0.27124593667863467	0	0	3
286	1.0	12.5	[3]	{1}	1.4569406557068534	1.3006316132816518	1.2623821843054608	0.0	0	931.5547773148865	431.55477731488645	1.6666666666666667	8	4	6	2.2816713361106813	1.4460452295889699	0	0	4
472	1.0	12.5	[2]	{2}	3.607181866007945	2.781911656432331	2.813258551695975	0.0	0	399.2064334452152	100.79356655478477	0.7919849388524858	30	0	15	11.101380699664354	1.3206685717796733	0	0	0
348	1.0	12.5	[2]	{1}	1.3417869999591097	1.0740327297043135	1.074666215637939	0.0	0	479.7719216439873	20.228078356012702	0.14907119849998599	8	2	5	3.343315764931962	0.4350898740397328	0	0	2
163	1.0	12.5	[1]	{0}	2.3805376386909	1.9437555278617347	1.9437555278617347	0.0	0	740.0025431998074	240.0025431998074	0.5773502691896258	8	0	4	2.3099949136003852	0.0	0	0	0
411	1.0	12.5	[1]	{2}	1.4067837038054851	1.172769899942253	1.172769899942253	0.0	0	170.31071078963578	329.6892892103642	1.8516401995451028	6	6	6	5.632378578420728	0.0	0	0	6
101	1.0	12.5	[2]	{2}	1.413922866664275	1.3020829053866483	1.3061127560554897	0.0	0	402.53635752014816	97.46364247985184	nan	10	4	7	5.292245497358962	0.640498542735927	0	0	4
39	1.0	12.5	[3]	{2}	1.2826178319678654	1.1174836775883212	1.056021141678051	0.0	0	979.2995725292712	479.29957252927125	0.4082482904638631	11	5	8	4.12060341976583	0.8806962136526463	0	0	5
225	1.0	12.5	[2]	{1}	2.5446024866589285	1.9645739487539051	2.0122200346340735	0.0	0	643.77759443596	143.77759443596005	1.5971914124998496	14	2	8	4.36188962225616	1.071306209956895	0	0	2
287	1.0	12.5	[1]	{2}	1.328018947880306	1.0870259885658913	1.0870259885658913	0.0	0	413.0587996914983	86.94120030850172	1.4142135623730951	11	7	9	6.444411597840489	0.0	0	0	7
473	1.0	12.5	[1]	{1}	5.048939389700391	3.9905612052973396	3.9905612052973396	0.0	0	555.7431085035205	55.74310850352049	nan	4	2	3	2.3537706744894384	0.0	0	0	2
349	1.0	12.5	[1]	{2}	3.6716990771093654	3.0634845222272826	3.0634845222272826	0.0	0	916.1200141534208	416.1200141534208	0.8798826901281197	30	4	17	10.338439816005529	0.0	0	0	4
164	1.0	12.5	[3]	{1}	1.8781759619402352	1.6868439383930944	1.7012951425463343	0.0	0	145.84516803734004	354.15483196265996	1.4126128673922562	16	14	15	8.522296848410742	2.3821101322084277	0	0	14
412	1.0	12.5	[1]	{1}	1.2371947336158509	1.0410730849549936	1.0410730849549934	0.0	0	243.51236084476116	256.48763915523887	1.224744871391589	3	1	2	1.6949999999999998	0.0	0	0	1
102	1.0	12.5	[1]	{0}	2.0434826313254844	1.870386039391508	1.870386039391508	0.0	0	209.1471801977605	290.85281980223954	0.14083575804390608	21	1	11	7.7680302613843235	0.0	0	0	1
226	1.0	12.5	[3]	{0}	1.8092661416988647	1.4262713511213367	1.4403945365319784	0.0	0	657.4791308958083	157.47913089580834	2.0	13	3	8	5.0530834764167665	0.7572423437290553	0	0	3
40	1.0	12.5	[2]	{2}	3.1220396340013004	2.6627896610587634	2.647342555982824	0.0	0	161.31611284799874	338.68388715200126	0.6408069008390093	25	11	18	10.102425579871984	1.1319319505860514	0	0	11
288	1.0	12.5	[3]	{2}	3.146781789332252	2.591231240406728	2.5850366888613454	0.0	0	941.1320532672108	441.13205326721084	1.56130751596868	29	19	23	11.91596277485415	1.813645172178302	0	0	17
474	1.0	12.5	[1]	{0}	4.019009528145016	3.414140828848124	3.414140828848124	0.0	0	584.6284432336688	84.6284432336688	0.8660254037844387	35	15	25	19.76657335149497	0.0	0	0	15
350	1.0	12.5	[1]	{0}	2.200023565335677	1.747278890803826	1.747278890803826	0.0	0	792.2045311424881	292.2045311424881	1.7677669529663687	7	3	5	3.154795468857512	0.0	0	0	3
165	1.0	12.5	[2]	{0}	4.046987191677293	3.444682436477378	3.4184795990050514	0.0	0	191.1737045738846	308.8262954261154	1.4459976109624424	32	4	18	13.804	1.47983252647224	0	0	4
413	1.0	12.5	[1]	{0}	5.357509415999125	3.62849397932514	3.628493979325139	0.0	0	296.0069989785552	203.9930010214448	nan	0	0	0	0.0	0.0	0	0	0
103	1.0	12.5	[3]	{2}	3.4510469352131654	3.317105982158064	3.3403324015887383	0.0	0	172.46693233028054	327.53306766971946	4.610349135253877	46	46	46	30.121074105247864	6.087290805999607	0	0	46
227	1.0	12.5	[1]	{1}	3.012067872337189	2.8348986571857964	2.8348986571857964	0.0	0	561.2310362048447	61.23103620484471	1.473139127471974	35	5	20	14.471303420722483	0.0	0	0	5
41	1.0	12.5	[1]	{0}	1.6900938895124376	1.374383886824193	1.374383886824193	0.0	0	663.7777704745531	163.7777704745531	nan	1	1	1	0.8807777704745531	0.0	0	0	1
289	1.0	12.5	[1]	{1}	2.4839140786782004	2.3572890527248314	2.3572890527248314	0.0	0	636.567804031074	136.56780403107405	0.5008354224706334	22	0	11	7.737296587906777	0.0	0	0	0
475	1.0	12.5	[1]	{0}	0.705517611832357	0.5975853710179995	0.5975853710179995	0.0	0	707.6039218809456	207.60392188094556	nan	2	0	1	0.8046039218809455	0.0	0	0	0
351	1.0	12.5	[2]	{2}	1.6891134056368107	1.4783724794585014	1.3483584253173992	0.0	0	995.7883993629366	495.7883993629366	0.8660254037844387	8	0	4	1.2158464025482534	0.766038705671984	0	0	0
166	1.0	12.5	[1]	{1}	1.1599369850523058	0.8712536482082043	0.8712536482082041	0.0	0	581.1963391024619	81.19633910246193	0.35355339059327373	7	1	4	3.3369999999999997	0.0	0	0	1
104	1.0	12.5	[1]	{1}	2.101907996957732	1.7561705686578826	1.7561705686578826	0.0	0	143.95691454410553	356.04308545589447	nan	1	1	1	0.9489569145441056	0.0	0	0	1
414	1.0	12.5	[2]	{0}	2.298361211862468	1.6640887163687132	1.8762635319752397	0.0	0	999.1166794206948	499.1166794206948	0.7071067811865476	11	7	9	5.641949885213746	1.152183557529191	0	0	7
228	1.0	12.5	[1]	{1}	4.455368965928008	3.2989356470739835	3.2989356470739835	0.0	0	459.3462347984314	40.6537652015686	1.2666666666666666	14	6	10	7.8486924695968625	0.0	0	0	6
42	1.0	12.5	[3]	{1}	5.55296050671914	4.248041509739781	4.411375077325367	0.0	0	137.19733501784503	362.80266498215497	1.958173223755948	51	25	38	26.416341370392594	2.42343704855279	0	0	25
290	1.0	12.5	[1]	{2}	2.075111812893359	1.6692478080913151	1.6692478080913151	0.0	0	557.2806154377759	57.28061543777585	1.0190493307301363	12	2	7	5.78703569193557	0.0	0	0	2
476	1.0	12.5	[3]	{2}	0.8592166131630621	0.6865411185813488	0.6815985330730636	0.0	0	451.3832861557603	48.61671384423971	1.5491933384829668	9	5	7	5.560616713844239	0.39915291290148736	0	0	5
352	1.0	12.5	[1]	{0}	1.9903036777217635	1.8995914685309627	1.8995914685309627	0.0	0	869.5463801268488	369.5463801268488	0.0	7	5	6	4.396814479492605	0.0	0	0	5
167	1.0	12.5	[1]	{2}	2.557004402962736	2.2735712938125365	2.2735712938125365	0.0	0	447.79002806171775	52.20997193828225	nan	1	1	1	0.7062099719382823	0.0	0	0	1
415	1.0	12.5	[2]	{0}	2.9875582527142917	2.609610854612443	2.5959691480927765	0.0	0	677.6691428385675	177.6691428385675	0.09335200560186732	33	7	20	14.212632000260054	1.1789715399087755	0	0	7
105	1.0	12.5	[2]	{2}	1.1165862097323138	0.8054433034182591	0.9010760400325302	0.0	0	123.0369892437011	376.9630107562989	0.2182178902359924	8	4	6	3.173221935462206	0.5964755625209868	0	0	4
43	1.0	12.5	[3]	{2}	1.335038707398114	1.2295843018292782	1.223622486509171	0.0	0	447.540107415989	52.459892584011016	3.3763886032268267	18	14	16	11.386919785168022	1.892392854078497	0	0	14
229	1.0	12.5	[3]	{2}	4.196466109206166	3.556855374949403	3.4945953620898895	0.0	0	123.755561420694	376.244438579306	2.1106247516091683	29	19	24	15.992577859889717	2.9434438046711073	0	0	19
291	1.0	12.5	[1]	{0}	2.560353315623805	2.1243309553657075	2.1243309553657075	0.0	0	921.1445832625031	421.14458326250315	1.5	7	3	5	2.617277083687484	0.0	0	0	3
477	1.0	12.5	[2]	{1}	2.274898493196321	1.889720304785353	1.8889283901374183	0.0	0	438.503666780889	61.49633321911102	1.0	8	0	4	3.0550073335617776	0.7643565722651848	0	0	0
353	1.0	12.5	[2]	{0}	1.7654658558602936	1.3378544157543553	1.426279631820104	0.0	0	743.1640650611371	243.16406506113708	0.46291004988627577	19	7	13	8.972195284327492	0.907190962113378	0	0	7
168	1.0	12.5	[1]	{0}	1.4225505631779984	1.2196038965281693	1.2196038965281693	0.0	0	648.9067119546235	148.90671195462346	0.5773502691896258	5	1	3	2.0662798641361295	0.0	0	0	1
230	1.0	12.5	[3]	{2}	2.235498052717095	2.1632153161409877	2.1663506265170995	0.0	0	406.7460293881595	93.25397061184049	3.9686269665968856	23	23	23	17.378730146940796	3.951437895613084	0	0	23
106	1.0	12.5	[2]	{1}	1.5551756078349523	1.5272654440459565	1.5273109262863525	0.0	0	496.668072650209	3.3319273497909876	nan	12	4	8	6.511655418798328	0.7633735521715865	0	0	4
416	1.0	12.5	[2]	{1}	2.6238460160024464	2.3773764028830526	2.39803147977377	0.0	0	47.67970368266106	452.32029631733894	2.0517185654026813	28	20	24	13.218312888383865	1.131773185602293	0	0	20
44	1.0	12.5	[2]	{0}	2.5636905663869647	2.3054286934236083	2.359225388443076	0.0	0	947.3173434380442	447.3173434380442	0.289121654791456	18	10	14	8.518557191867382	1.1976452722694781	0	0	10
292	1.0	12.5	[3]	{2}	2.24522666481914	1.7466471370886363	1.7399412656120132	0.0	0	862.5621842220426	362.56218422204256	0.4082482904638631	11	3	7	3.283064710445702	0.46666591896263854	0	0	3
478	1.0	12.5	[2]	{1}	4.45198630330025	3.6578649765060547	3.711780959129377	0.0	0	758.145515108481	258.14551510848105	2.2587697572631282	34	4	20	13.25408969783038	1.694646685390285	0	0	6
354	1.0	12.5	[2]	{2}	2.5269716586158437	2.069384054662782	2.118687671905962	0.0	0	336.77482372149825	163.22517627850175	1.7550294029241231	25	11	18	12.64064894232899	1.1572607428687673	0	0	11
231	1.0	12.5	[3]	{2}	3.2833932576328757	2.7645254350730024	2.66086573384797	0.0	0	845.2215904835612	345.22159048356116	0.2876779808912305	28	10	19	12.567119323713701	1.8868363662658898	0	0	10
169	1.0	12.5	[1]	{1}	2.732583089450403	2.4302102711558184	2.4302102711558184	0.0	0	730.5693533271551	230.5693533271551	nan	2	0	1	0.5824306466728448	0.0	0	0	0
417	1.0	12.5	[3]	{0}	3.6375896692918213	2.8487445163358167	2.856218741158183	0.0	0	348.1751091312617	151.8248908687383	0.43452409462674085	24	4	14	10.649050654787573	1.0734411589933242	0	0	4
107	1.0	12.5	[1]	{1}	4.663034983666557	4.3433952313485635	4.3433952313485635	0.0	0	610.8033014461398	110.80330144613981	1.0606601717798212	7	3	5	3.7011966985538605	0.0	0	0	3
45	1.0	12.5	[1]	{1}	3.8841866395464644	3.158772357542202	3.158772357542201	0.0	0	582.9715100117028	82.97151001170278	0.4472135954999579	4	2	3	2.335971510011703	0.0	0	0	2
293	1.0	12.5	[1]	{0}	1.367760747841074	1.0620320958372609	1.0620320958372607	0.0	0	191.06951914727688	308.9304808527231	nan	0	0	0	0.0	0.0	0	0	0
479	1.0	12.5	[2]	{1}	1.7679599785217792	1.4011916671196352	1.4075920747894382	0.0	0	479.5503278728575	20.44967212714249	1.5491933384829668	9	1	5	3.7604496721271428	0.8365954737222445	0	0	1
355	1.0	12.5	[3]	{2}	1.3317621692425685	1.220986508584858	1.2211973160274665	0.0	0	470.77925386838615	29.22074613161385	2.4570850780437663	22	16	19	14.381545222921297	1.7862198200807455	0	0	16
232	1.0	12.5	[3]	{0}	1.4894751690018482	1.4309810374970322	1.4042109534109732	0.0	0	862.8890388645232	362.8890388645232	0.10540925533894598	17	9	13	8.075998650219292	2.370605951060563	0	0	9
170	1.0	12.5	[3]	{2}	1.4938324046952598	1.26126454028365	1.2548144522315483	0.0	0	646.6561127454042	146.65611274540424	0.6793662204867574	12	4	8	5.549751098036766	1.119502227575232	0	0	4
418	1.0	12.5	[2]	{1}	2.594846394077103	2.069977793467565	2.0687049622140323	0.0	0	504.841621266678	4.841621266677976	0.06726727939963124	16	0	8	5.735267029866577	1.0341753670135172	0	0	0
108	1.0	12.5	[1]	{0}	1.4473850934181178	1.2592774076712687	1.2592774076712687	0.0	0	271.96762012317777	228.03237987682223	0.16012815380508713	12	2	7	5.370902860369533	0.0	0	0	2
46	1.0	12.5	[2]	{2}	2.8900308715450693	2.3892614364678684	2.5005432117768036	0.0	0	923.4945809002966	423.49458090029657	1.7415057006117316	24	18	21	10.28759212469496	1.3182980222547982	0	0	18
294	1.0	12.5	[1]	{2}	2.638568432895128	1.963904579611879	1.963904579611879	0.0	0	812.5041839666665	312.50418396666646	1.7146428199482247	9	5	7	4.700495816033333	0.0	0	0	5
480	1.0	12.5	[1]	{2}	2.930192154574362	2.838716945181175	2.838716945181175	0.0	0	552.3521080613136	52.35210806131363	1.414213562373095	5	3	4	3.095295783877373	0.0	0	0	3
356	1.0	12.5	[1]	{2}	6.455287921018427	4.695503453673589	4.695503453673588	0.0	0	797.5502042099833	297.55020420998335	2.0207259421636903	8	2	5	2.92634938737005	0.0	0	0	2
233	1.0	12.5	[1]	{2}	0.4858277428963709	0.37115881899502345	0.3711588189950234	0.0	0	759.3962112441659	259.3962112441659	nan	0	0	0	0.0	0.0	0	0	0
171	1.0	12.5	[1]	{2}	1.7457630263024686	1.5115963071484813	1.511596307148481	0.0	0	448.509632376954	51.490367623045984	0.5773502691896258	5	3	4	2.987	0.0	0	0	3
419	1.0	12.5	[1]	{0}	1.7790958315000822	1.2904993322000873	1.2904993322000873	0.0	0	13.600919861346483	486.3990801386535	nan	3	3	3	1.7158027595840393	0.0	0	0	3
109	1.0	12.5	[2]	{1}	0.5852012015421308	0.5241436467030226	0.5306156520458206	0.0	0	182.77336563915011	317.22663436084986	nan	9	9	9	6.059960290752351	0.2584168859310343	0	0	9
47	1.0	12.5	[1]	{1}	2.663043753142321	1.9103212719868894	1.9103212719868896	0.0	0	211.60380076617	288.39619923383	nan	1	1	1	0.60160380076617	0.0	0	0	1
295	1.0	12.5	[2]	{2}	2.279937751350635	1.8709052249889075	1.8694309127718827	0.0	0	518.2531296741217	18.253129674121737	1.3339459376998313	16	0	8	6.132000000000001	0.8102324169353212	0	0	0
481	1.0	12.5	[3]	{0}	1.61949327465646	1.329053119727019	1.3457509337939084	0.0	0	454.09757154993713	45.90242845006287	0.9486832980505138	11	7	9	6.29468300084956	1.412815375256796	0	0	7
357	1.0	12.5	[2]	{0}	2.3983561141303373	2.2867659925949217	2.288270186782815	0.0	0	511.4408840890974	11.44088408909738	0.4811252243246881	26	6	16	12.250827622752636	1.2205674751699094	0	0	6
172	1.0	12.5	[3]	{2}	3.51607134184145	3.005300757569571	3.002512833671538	0.0	0	621.8402974773198	121.84029747731984	3.4188007777236704	22	18	20	13.83127762018144	2.946556406662576	0	0	18
234	1.0	12.5	[2]	{1}	2.2046134951527687	1.7246535369000937	1.7193173683478116	0.0	0	705.4096083156765	205.40960831567645	1.7051956801764152	12	4	8	4.844361566737294	0.6429888045381839	0	0	4
110	1.0	12.5	[3]	{0}	0.8946513713097419	0.7481130013356518	0.730183627509331	0.0	0	215.833984548226	284.166015451774	1.3887301496588271	6	4	5	3.2155019536446776	0.5366555074579757	0	0	4
420	1.0	12.5	[1]	{0}	3.4511072512052055	2.591969845354365	2.591969845354365	0.0	0	334.04158195480704	165.95841804519296	1.0	2	0	1	0.928958418045193	0.0	0	0	0
48	1.0	12.5	[1]	{0}	0.7097600686607957	0.6396935026842439	0.6396935026842439	0.0	0	148.03937752731144	351.96062247268856	1.5275252316519468	6	2	4	2.522078755054623	0.0	0	0	2
482	1.0	12.5	[3]	{1}	2.8382483504448532	2.307839204878554	2.3334964385008337	0.0	0	42.37393871881068	457.6260612811893	0.43090341070895904	22	10	16	8.522983019500971	1.6945473416840267	0	0	10
296	1.0	12.5	[1]	{0}	0.8815566172310094	0.8488336977426745	0.8488336977426745	0.0	0	507.53922550939023	7.539225509390235	nan	11	1	6	4.938235353056341	0.0	0	0	1
358	1.0	12.5	[1]	{1}	1.958972919238399	1.439824633638875	1.4398246336388745	0.0	0	373.4459551051259	126.5540448948741	0.0	3	1	2	1.2440000000000002	0.0	0	0	1
173	1.0	12.5	[2]	{1}	3.0755031340506296	2.440298727332949	2.5348905133562	0.0	0	817.224508151412	317.224508151412	1.536058958563442	26	4	15	8.854081394031645	1.2953245643793567	0	0	4
235	1.0	12.5	[3]	{0}	1.677060279886326	1.3864799260849305	1.3417192407331209	0.0	0	649.873276706785	149.87327670678496	1.4696938456699067	9	7	8	6.087	0.9700491274490026	0	0	7
111	1.0	12.5	[3]	{1}	3.1361375299563727	2.6429727639914553	2.7044149417471868	0.0	0	882.853765739128	382.853765739128	2.309630172644862	26	20	23	10.724778450956569	2.9789790699560093	0	0	20
421	1.0	12.5	[3]	{0}	1.4099021047101872	1.1162411780234376	1.2405972760242125	0.0	0	83.64964416250587	416.35035583749413	0.19738550848793068	13	9	11	6.102846797462552	1.7640469579048152	0	0	9
49	1.0	12.5	[3]	{0}	1.1652821448493262	1.0330204099631073	1.0081621591759553	0.0	0	702.4793436285108	202.47934362851083	1.5491933384829668	9	5	7	4.611561969114468	1.196373721624169	0	0	5
483	1.0	12.5	[1]	{2}	1.8963164898262896	1.55584488529506	1.5558448852950597	0.0	0	760.4798283427954	260.4798283427954	nan	0	0	0	0.0	0.0	0	0	0
297	1.0	12.5	[1]	{1}	1.6886202950602693	1.4519955641986608	1.4519955641986608	0.0	0	5.961573217064142	494.03842678293586	0.565685424949238	14	6	10	3.7756157321706407	0.0	0	0	6
236	1.0	12.5	[3]	{1}	2.1971119236457923	1.784890241852425	1.8065048607142753	0.0	0	280.95905762165785	219.04094237834215	2.466666666666667	14	10	13	10.386122827135027	1.368045785536963	0	0	12
359	1.0	12.5	[1]	{2}	2.4708214332024574	1.996911180929366	1.996911180929366	0.0	0	77.61623966507614	422.38376033492386	0.1889822365046136	11	3	7	3.551313677655533	0.0	0	0	3
112	1.0	12.5	[3]	{2}	2.3236520458605403	1.9589238214680356	1.9555178621563638	0.0	0	493.9916459843516	6.008354015648422	1.5849169449810416	18	10	14	11.161000000000001	2.2691012330406015	0	0	10
174	1.0	12.5	[2]	{0}	3.281225675839896	2.8339619563927636	2.7989606060227015	0.0	0	541.4217887446284	41.42178874462843	1.6649670821416813	31	5	18	13.628374309957026	2.0033462925713783	0	0	5
422	1.0	12.5	[1]	{2}	2.9058224577469476	2.149102018599989	2.149102018599989	0.0	0	270.62776777893305	229.37223222106695	1.414213562373095	5	3	4	2.9462555355578663	0.0	0	0	3
50	1.0	12.5	[2]	{1}	1.1650264731246487	1.1198170842943809	1.0037120547669334	0.0	0	972.7182101923972	472.71821019239724	1.5285739960952043	12	4	8	4.053254318460822	0.6668103199916725	0	0	4
484	1.0	12.5	[2]	{2}	2.3426854794706573	2.029705491929948	1.9653141880933915	0.0	0	83.82038748823106	416.17961251176894	1.238459330218414	24	10	17	11.262946587299927	0.9486914343947059	0	0	10
298	1.0	12.5	[2]	{2}	1.3066759708504292	1.1051416355260635	1.0878907542235305	0.0	0	867.6361958496273	367.63619584962726	0.592156525463792	13	1	7	5.921908587548882	0.4814765524118013	0	0	1
237	1.0	12.5	[3]	{1}	2.021644682957533	1.5750099093124197	1.5551032318197993	0.0	0	900.489995488897	400.48999548889697	0.2809757434745082	18	2	10	5.137100045111031	0.3606635614945838	0	0	2
360	1.0	12.5	[1]	{2}	0.4379934422736834	0.4115368905566005	0.4115368905566005	0.0	0	976.1297791264952	476.12977912649524	1.224744871391589	3	1	2	1.2047404417470096	0.0	0	0	1
175	1.0	12.5	[3]	{0}	2.889245969141547	2.282463608596641	2.2856528838370207	0.0	0	141.8015407398343	358.1984592601657	1.8156825980064075	25	13	19	10.194023111097515	0.9586509101143166	0	0	13
113	1.0	12.5	[1]	{2}	0.48140671963953274	0.39804103540923336	0.3980410354092333	0.0	0	246.08106492087245	253.91893507912755	nan	0	0	0	0.0	0.0	0	0	0
423	1.0	12.5	[2]	{2}	1.865648046636688	1.6288821334517198	1.602744391149571	0.0	0	605.5839818436652	105.58398184366524	1.734017930074018	21	11	16	13.06967185474932	0.9174744176571767	0	0	11
51	1.0	12.5	[1]	{1}	6.47983605700348	4.6500269962772185	4.650026996277219	0.0	0	182.1934576146305	317.80654238536954	1.0	2	0	1	0.8948065423853695	0.0	0	0	0
299	1.0	12.5	[3]	{1}	2.354936519624266	2.053712090626541	1.8885394195582572	0.0	0	44.25569553859532	455.7443044614047	1.774488524564057	20	4	12	6.053556955385953	1.3411202327262306	0	0	4
485	1.0	12.5	[2]	{1}	3.0754646096138796	2.8963951829142927	2.8868858696649684	0.0	0	704.8370691481978	204.83706914819777	0.05892556509887897	31	9	20	13.169932755332441	1.395577355673177	0	0	9
238	1.0	12.5	[1]	{2}	2.5991387278111344	2.0193630164283145	2.0193630164283145	0.0	0	855.5605611763895	355.56056117638946	0.5222329678670935	10	4	7	4.970318316470832	0.0	0	0	4
361	1.0	12.5	[3]	{2}	2.01749192770827	1.8906372005990797	1.6840307571281203	0.0	0	71.78754732012749	428.2124526798725	1.2509255832441892	17	7	12	8.025725283920764	1.8497803273687425	0	0	7
114	1.0	12.5	[1]	{0}	1.687930712563793	1.1965417628670536	1.1965417628670534	0.0	0	648.3674850314856	148.36748503148556	nan	0	0	0	0.0	0.0	0	0	0
176	1.0	12.5	[1]	{2}	5.319500959308215	3.849565419981043	3.849565419981043	0.0	0	638.0123449489474	138.01234494894743	nan	2	2	2	0.8979753101021052	0.0	0	0	2
424	1.0	12.5	[1]	{1}	0.8416834480056975	0.750742288895652	0.750742288895652	0.0	0	826.2952521909028	326.29525219090283	1.9364916731037085	7	1	4	2.7578189912363884	0.0	0	0	1
300	1.0	12.5	[3]	{2}	4.872397561151849	4.118987865074791	4.085129377979731	0.0	0	135.89419377967715	364.10580622032285	1.408021043467411	52	20	36	24.100672263152898	3.5396404483852506	0	0	20
52	1.0	12.5	[1]	{0}	3.3649193069984	2.9694461466858515	2.9694461466858515	0.0	0	472.1814733929932	27.81852660700679	nan	3	1	2	1.3586370532140135	0.0	0	0	1
486	1.0	12.5	[1]	{0}	6.960140721279629	6.697065028586948	6.697065028586948	0.0	0	347.26715832948685	152.73284167051315	0.10846522890932808	16	2	9	6.720732841670512	0.0	0	0	2
239	1.0	12.5	[3]	{2}	3.5604939302786978	2.9797401203410665	2.89919686517751	0.0	0	597.6700696628541	97.67006966285408	2.7971565930249933	32	6	19	13.114329930337146	2.65525757417347	0	0	6
362	1.0	12.5	[1]	{2}	2.6934108560478185	2.4630801314362074	2.4630801314362074	0.0	0	571.2284878827631	71.22848788276315	0.1188643277625491	20	2	11	7.915142439413816	0.0	0	0	2
177	1.0	12.5	[1]	{2}	3.871182716434092	2.989149491642357	2.989149491642357	0.0	0	732.6861843466759	232.68618434667587	nan	1	1	1	0.9493138156533242	0.0	0	0	1
115	1.0	12.5	[2]	{1}	5.008329174566554	3.9194620860693576	3.936023529306128	0.0	0	446.18785683996975	53.812143160030246	1.1871389053046002	40	8	24	18.563502854719758	1.7396229942279127	0	0	8
425	1.0	12.5	[1]	{0}	2.4094971331233905	1.7839187720197716	1.7839187720197716	0.0	0	16.359672881662846	483.64032711833715	1.414213562373095	5	3	4	2.0564386915266515	0.0	0	0	3
301	1.0	12.5	[3]	{2}	1.8448517788080925	1.434357601964214	1.439124465540171	0.0	0	549.1160836536437	49.11608365364373	0.21081851067789195	17	1	9	6.503419581731782	0.5409380577664704	0	0	1
53	1.0	12.5	[1]	{2}	4.315435774457171	3.3728823535144707	3.37288235351447	0.0	0	713.6336755938828	213.6336755938828	0.42640143271122083	10	0	5	3.496366324406117	0.0	0	0	0
487	1.0	12.5	[2]	{1}	2.9986214987700412	2.5254744248446195	2.5473307892731	0.0	0	67.57655018009245	432.42344981990755	0.5	31	17	24	10.807684103962035	1.0985639325414092	0	0	17
240	1.0	12.5	[2]	{0}	1.8785878463257675	1.6094357013574863	1.6541921406161113	0.0	0	205.3666086867452	294.63339131325483	2.1602468994692865	27	13	20	12.514132521614433	0.8668037399710062	0	0	13
363	1.0	12.5	[1]	{2}	1.8803193825584716	1.681853324585775	1.681853324585775	0.0	0	230.84283946082	269.15716053918004	nan	2	0	1	0.34784283946081995	0.0	0	0	0
178	1.0	12.5	[1]	{0}	3.8841845731975546	3.401594916167343	3.401594916167343	0.0	0	374.6968114282936	125.30318857170641	0.8783100656536799	26	0	13	8.770664925711229	0.0	0	0	0
426	1.0	12.5	[3]	{1}	1.3607328176237776	1.0470178408476767	1.1069141207291189	0.0	0	723.3900416176766	223.39004161767662	nan	8	6	7	3.7222697086762637	0.9590402765849143	0	0	6
116	1.0	12.5	[2]	{2}	2.6651058333118165	2.166044457084739	2.2115164794637634	0.0	0	779.4347391463816	279.4347391463816	0.9662404926596548	28	12	20	11.564044173657894	1.0416921573910938	0	0	12
302	1.0	12.5	[2]	{0}	2.0721036589562574	1.746088623101057	1.7464071826670022	0.0	0	916.2493492476642	416.2493492476642	1.0606601717798214	15	3	9	4.127755856771022	0.7111206626518696	0	0	3
54	1.0	12.5	[1]	{0}	3.2211870148891943	2.3119750960465337	2.3119750960465337	0.0	0	868.0552872829139	368.0552872829139	0.0	9	1	5	2.961834138151258	0.0	0	0	1
488	1.0	12.5	[3]	{2}	2.2229510353592365	2.0977825207194964	2.079314817925627	0.0	0	805.3797490429133	305.3797490429133	0.5262013605584338	22	14	18	9.668924015313387	3.3572868808939265	0	0	14
241	1.0	12.5	[1]	{1}	1.912639778419314	1.6227118645770304	1.6227118645770304	0.0	0	138.58710625208914	361.41289374791086	0.13055824196677338	15	7	11	7.294109743764625	0.0	0	0	7
117	1.0	12.5	[3]	{0}	4.069262156792464	3.405794139880042	3.6129936395057953	0.0	0	824.3741015903652	324.37410159036517	2.1225826586630596	34	30	32	19.827776952289042	5.127143261226864	0	0	30
364	1.0	12.5	[1]	{2}	2.1390792519429613	1.7897834474482952	1.7897834474482952	0.0	0	846.9265575986356	346.92655759863555	0.4898979485566356	9	1	5	3.228220327204093	0.0	0	0	1
179	1.0	12.5	[1]	{0}	1.3985919076037296	1.1121502139154122	1.1121502139154122	0.0	0	352.19804057851434	147.80195942148566	0.2581988897471611	14	0	7	4.9549902028925725	0.0	0	0	0
427	1.0	12.5	[1]	{1}	6.953385466910934	5.346664113966598	5.346664113966597	0.0	0	443.5400045476854	56.459995452314615	0.18560646746692377	37	1	19	13.961780031833799	0.0	0	0	1
303	1.0	12.5	[3]	{0}	4.7352771357758385	3.7492138128949124	3.79695737854494	0.0	0	374.747465364635	125.25253463536501	2.820642722852162	42	20	30	22.2734847921878	2.3451746528396256	0	0	18
55	1.0	12.5	[1]	{2}	2.9929666703095625	2.583377571264231	2.583377571264231	0.0	0	346.6161238029599	153.38387619704008	1.2282647202130073	20	8	14	9.007696742817759	0.0	0	0	8
489	1.0	12.5	[2]	{1}	0.8545239985154517	0.6969944966456493	0.7158340854521138	0.0	0	654.2340954765677	154.23409547656775	0.3333333333333333	8	2	5	4.035297713570296	0.4107213992127065	0	0	2
242	1.0	12.5	[3]	{2}	3.2408779525947624	2.4832282361104974	2.4935940096640152	0.0	0	542.3634499311447	42.363449931144714	1.415055105775373	27	9	18	13.434	0.7481710803740106	0	0	9
365	1.0	12.5	[1]	{2}	1.7236390000236828	1.215005961648525	1.215005961648525	0.0	0	870.7893001846969	370.7893001846969	nan	1	1	1	0.2722106998153031	0.0	0	0	1
118	1.0	12.5	[2]	{0}	2.7441215143655056	2.376326896232672	2.4039847741930815	0.0	0	729.2439849115908	229.24398491159081	1.3805850345393378	18	10	14	9.815048120707273	1.1525722336737914	0	0	10
180	1.0	12.5	[2]	{2}	1.1805939817430242	0.9917404433810192	0.965192259618909	0.0	0	189.8428606800735	310.1571393199265	1.0	19	3	11	8.615585746120662	0.46049118254877464	0	0	3
428	1.0	12.5	[2]	{1}	2.569105600567416	2.2037953923548415	2.080537159806629	0.0	0	977.1937357727438	477.1937357727438	1.2344267996967353	20	4	12	3.245675170727074	1.0542824537940338	0	0	4
304	1.0	12.5	[2]	{2}	2.6857385004352636	2.3178859340418643	2.285555128237676	0.0	0	596.6469389386475	96.64693893864751	0.9801960588196068	23	5	14	10.81158775575459	1.2772107596069522	0	0	5
56	1.0	12.5	[3]	{0}	3.4506646267197074	2.9259693965819924	2.896069135080831	0.0	0	128.08236852288246	371.91763147711754	1.2602520756252087	23	15	19	11.748070790797476	2.544960168462944	0	0	15
490	1.0	12.5	[1]	{2}	4.74281409341415	3.4044161626569576	3.4044161626569567	0.0	0	695.5029191449285	195.50291914492846	0.4082482904638631	11	3	7	5.054485404275358	0.0	0	0	3
243	1.0	12.5	[2]	{0}	2.730248174736511	2.0742980017813424	2.0700747793553047	0.0	0	625.3478266298771	125.34782662987709	1.3228756555322951	11	5	8	5.593999999999999	0.7386427195202286	0	0	5
366	1.0	12.5	[1]	{0}	3.3585548391659117	2.6811061642308767	2.6811061642308767	0.0	0	896.1422699503601	396.14226995036006	1.4216373066218218	18	2	10	5.884146380297839	0.0	0	0	2
119	1.0	12.5	[1]	{1}	1.0438230322766813	0.9477072487032379	0.9477072487032379	0.0	0	857.7362166251987	357.7362166251987	0.0	11	5	8	4.59311026699841	0.0	0	0	5
181	1.0	12.5	[1]	{1}	2.8363547825666453	2.581297166599575	2.581297166599575	0.0	0	735.3065109346062	235.3065109346062	0.15877683720748895	20	4	12	7.185321868784725	0.0	0	0	4
429	1.0	12.5	[3]	{0}	3.254239940771351	2.870759278068893	2.7993287700078495	0.0	0	673.1325704604387	173.13257046043873	2.919076635403967	33	25	29	19.647276584014296	3.281767466559929	0	0	25
305	1.0	12.5	[3]	{1}	1.8345180347876078	1.5272352675976335	1.447637020651514	0.0	0	38.988467771559954	461.01153222844005	1.0327955589886444	9	3	6	3.81593080662936	0.7466479473577501	0	0	3
57	1.0	12.5	[2]	{2}	1.9436606088942767	1.5988527785199056	1.6241360002041862	0.0	0	294.1826472524553	205.8173527475447	0.6054055145966812	16	4	10	5.971461178019642	0.7751486987728964	0	0	4
491	1.0	12.5	[2]	{1}	1.3805894841016872	1.059769610573865	1.055786331040827	0.0	0	660.1351278368384	160.13512783683836	nan	3	1	2	1.7357297443263233	0.39036607834685033	0	0	1
244	1.0	12.5	[3]	{1}	2.70362797059943	2.3966985952309967	2.404357138191291	0.0	0	654.0251702535897	154.02517025358975	1.0286889997472795	27	13	20	15.0347482974641	3.0628119535444	0	0	13
367	1.0	12.5	[1]	{1}	1.6276214034856387	1.2610910548076433	1.2610910548076433	0.0	0	995.0995177496224	495.09951774962235	1.4285714285714286	13	1	7	3.261303375752644	0.0	0	0	1
430	1.0	12.5	[3]	{1}	3.811450298213384	3.628692673305341	3.227962822737948	0.0	0	966.4386454969645	466.43864549696445	1.3339459376998315	33	17	25	13.326911153569817	3.8141273989541835	0	0	17
182	1.0	12.5	[3]	{1}	1.9854027088468023	1.5936846020953208	1.5821540931378535	0.0	0	546.0975938476622	46.09759384766221	1.0190493307301363	12	0	6	3.7871951876953247	0.9949490476510994	0	0	0
120	1.0	12.5	[1]	{2}	2.738692269850487	2.178405222988852	2.178405222988852	0.0	0	910.5214106384664	410.52141063846636	0.6154574548966636	23	3	13	8.39026448297687	0.0	0	0	3
306	1.0	12.5	[1]	{0}	3.4475631447314785	2.394663593829326	2.394663593829326	0.0	0	451.24184153974056	48.75815846025944	nan	0	0	0	0.0	0.0	0	0	0
58	1.0	12.5	[1]	{2}	1.0279320737713746	0.7262035430472826	0.7262035430472826	0.0	0	664.1456810757518	164.14568107575178	1.224744871391589	3	1	2	1.346	0.0	0	0	1
492	1.0	12.5	[1]	{0}	1.2298674756312655	1.0500357152606283	1.0500357152606283	0.0	0	291.3008416071534	208.69915839284658	nan	1	1	1	0.48330084160715336	0.0	0	0	1
245	1.0	12.5	[3]	{0}	2.3968613476367735	1.8587456627332237	1.8824730309728976	0.0	0	767.236091895029	267.23609189502895	0.2581988897471611	9	1	5	2.285819540524855	0.7674041998036065	0	0	1
431	1.0	12.5	[3]	{2}	2.895449687304488	2.4402839304749624	2.4409112266333084	0.0	0	489.4445613026619	10.555438697338104	1.6813850549228073	28	10	19	14.585666316092015	2.2140204042681577	0	0	10
121	1.0	12.5	[2]	{2}	0.8128196447938496	0.6545592754036818	0.6514444212747037	0.0	0	297.06787574104965	202.93212425895035	1.3416407864998738	4	2	3	2.7850678757410496	0.26038384010980425	0	0	2
368	1.0	12.5	[1]	{2}	4.812783980942524	3.7687621018792674	3.7687621018792674	0.0	0	727.9072785750031	227.90727857500315	0.14907119849998599	8	2	5	4.101907278575003	0.0	0	0	2
183	1.0	12.5	[2]	{1}	6.3583209263059	5.957794788639819	5.851346625328318	0.0	0	831.9399065803736	331.93990658037364	0.24689123138208519	72	34	53	28.92518495124019	2.9928712054656534	0	0	34
307	1.0	12.5	[3]	{1}	1.6626854236473774	1.4725048778680248	1.4552704031424288	0.0	0	391.6466983500868	108.35330164991319	3.2403703492039297	15	11	13	9.68294009505026	1.8251088241993174	0	0	11
59	1.0	12.5	[1]	{1}	1.4258228294380726	1.3694367410015988	1.3694367410015988	0.0	0	411.2206697463989	88.77933025360107	1.0	7	1	4	3.540117321014404	0.0	0	0	1
493	1.0	12.5	[1]	{0}	3.162177045930695	2.749538767090302	2.7495387670903026	0.0	0	580.9026644565165	80.9026644565165	1.3416407864998738	4	0	2	1.2730000000000001	0.0	0	0	0
246	1.0	12.5	[1]	{0}	5.504315899764512	5.001718272636573	5.001718272636573	0.0	0	635.1206444669515	135.1206444669515	1.1211711704233345	43	3	23	17.830949044061825	0.0	0	0	3
369	1.0	12.5	[3]	{2}	2.084431622678218	1.5794694269202407	1.5926868445521702	0.0	0	345.33373173326254	154.66626826673746	0.7505683356701914	18	0	9	6.644333731733263	0.32036268206091345	0	0	0
432	1.0	12.5	[2]	{0}	3.3702829275375894	2.9054530243155634	2.8319254949118875	0.0	0	275.5659823305905	224.4340176694095	0.19312181983410703	32	12	22	13.881187681950628	1.4743971539985659	0	0	12
184	1.0	12.5	[3]	{2}	3.7487530310884325	3.166887175842182	3.073689990486845	0.0	0	623.4684325754642	123.46843257546425	2.6423130363032654	31	15	23	17.856405297726393	2.851827755734283	0	0	15
122	1.0	12.5	[2]	{1}	1.9150970001538778	1.519500527261635	1.493924914135904	0.0	0	913.2243813946844	413.2243813946844	1.3228756555322951	11	5	8	5.3171024744212625	0.5982692119607012	0	0	5
308	1.0	12.5	[2]	{1}	2.5609036568091654	2.093462320732017	2.1069064516216924	0.0	0	793.6453085858375	293.6453085858375	1.2089410496539776	25	11	18	11.617965679798273	0.872238194405155	0	0	11
60	1.0	12.5	[3]	{0}	3.1582694274475562	2.816689635887438	2.7936438189947985	0.0	0	335.9588519670069	164.04114803299308	1.7415057006117316	24	18	21	15.364382779505103	3.5400220121922885	0	0	18
494	1.0	12.5	[2]	{1}	1.6659036632310484	1.4930444759994814	1.4925218548923667	0.0	0	558.5276237688959	58.527623768895864	1.5932550136313832	12	8	10	7.375779009848833	0.6684995009057039	0	0	8
247	1.0	12.5	[1]	{0}	0.5766714758094674	0.4922693909609281	0.49226939096092803	0.0	0	691.0674520768225	191.06745207682252	0.0	3	1	2	1.592	0.0	0	0	1
370	1.0	12.5	[1]	{0}	0.9431797678543203	0.7103261272088939	0.7103261272088938	0.0	0	181.81174737401307	318.18825262598693	1.5491933384829668	4	0	2	1.0886234947480262	0.0	0	0	0
185	1.0	12.5	[1]	{2}	3.9969651460894826	3.944851728612783	3.944851728612783	0.0	0	719.7324021253735	219.73240212537348	0.3651483716701107	11	3	6	4.493535195749253	0.0	0	0	1
433	1.0	12.5	[2]	{0}	3.0228048294502265	2.653564602782808	2.669234243413383	0.0	0	407.275547971949	92.72445202805102	0.9071279877365944	30	10	20	14.228857671607285	1.3268232898169365	0	0	10
123	1.0	12.5	[2]	{0}	2.291138348224941	2.0722937725179933	1.9052457825716793	0.0	0	947.7174857165664	447.71748571656644	1.0	13	1	7	3.546977599984035	1.1327868739181408	0	0	1
309	1.0	12.5	[1]	{2}	0.7944691077550854	0.7174748317708846	0.7174748317708846	0.0	0	773.2040542177856	273.2040542177856	0.5773502691896258	5	1	3	1.774387837346643	0.0	0	0	1
61	1.0	12.5	[3]	{2}	4.654538426326018	3.523578615072009	3.5234329871744654	0.0	0	568.5440918896347	68.54409188963473	0.8229511997978235	27	5	16	11.601559081103652	0.2623579265999385	0	0	5
495	1.0	12.5	[3]	{0}	2.1559907455633986	1.7387746286039003	1.699271466167327	0.0	0	671.994142467156	171.99414246715605	0.5892556509887896	15	7	11	8.863005857532844	0.8879046267682015	0	0	7
371	1.0	12.5	[1]	{2}	2.0426218658383917	1.7537680415497436	1.7537680415497439	0.0	0	253.02642700262368	246.97357299737632	2.0852856613885686	16	8	12	7.215211416020989	0.0	0	0	8
