iter	recomb_rate	mut_rate	recomb_type	recomb_node	ARG_length_1	ARG_length_2	ARG_length_3	ARG_length_4	root_height_change	bp	bp_pos_deviation	rank_stat	info_sites_global	confounding_info_sites	consistent_info_sites	weighted_consistent_info_sites	rf_dist	no_neu_recurr_mut	no_adv_recurr_mut	info_sites_imbalance
186	1.0	62.5	[3]	{1}	0.32592769270917	0.2796199705293766	0.2802938916485883	0.0	0	613.4468563832343	113.44685638323426	1.3587324409735149	12	8	10	7.780212574467062	0.2927253893937296	0	0	8
248	1.0	62.5	[1]	{1}	3.618438966774886	3.0138622165657836	3.0138622165657836	0.0	0	895.560943055898	395.56094305589795	0.28867513459481287	39	5	22	13.159903024993838	0.0	0	0	5
124	1.0	62.5	[1]	{0}	7.266411873661811	5.112709853295121	5.112709853295121	0.0	0	750.7655103690922	250.76551036909223	0.49884659592632397	30	6	18	13.486875917047266	0.0	0	0	6
496	1.0	62.5	[3]	{2}	1.4356894845524542	1.3858775994908101	1.394233520319071	0.0	0	184.0943698771298	315.9056301228702	5.334909798094248	81	75	78	46.235718493856496	2.5661819418717298	0	0	75
310	1.0	62.5	[2]	{1}	2.786667983150525	2.237964179577715	2.2568163977743465	0.0	0	236.07836314477024	263.92163685522974	0.13242981608438675	108	24	66	42.02538833610716	0.9349135265167118	0	0	24
372	1.0	62.5	[2]	{0}	1.8241990968399084	1.4232280867486107	1.4151213883192548	0.0	0	439.5122714340687	60.48772856593132	0.9901475429766743	50	8	29	23.030512271434066	0.6370440394685823	0	0	8
62	1.0	62.5	[2]	{0}	2.0613295840254784	1.6665319985487759	1.6020202546672448	0.0	0	50.78089446760714	449.21910553239286	1.5504168028693592	70	8	39	22.610331306366245	0.7149641005931678	0	0	8
434	1.0	62.5	[1]	{2}	3.284220208825903	2.8981540679765048	2.8981540679765048	0.0	0	617.060137912631	117.06013791263103	1.066663441687591	37	1	19	13.00657903461158	0.0	0	0	1
0	1.0	62.5	[1]	{1}	1.3313417958258613	0.9265437777762714	0.9265437777762714	0.0	0	75.57359151542187	424.42640848457813	nan	1	1	1	0.1125735915154219	0.0	0	0	1
187	1.0	62.5	[3]	{2}	1.0346142036682069	0.8962242886940666	0.8819235334550436	0.0	0	327.64107012189925	172.35892987810075	2.9905383859861554	37	27	32	22.372257121950387	0.9306738278768378	0	0	27
249	1.0	62.5	[3]	{2}	2.51521639816455	2.227428400470346	2.189153824366885	0.0	0	635.0603483151644	135.06034831516445	3.6799426611116375	94	62	78	57.245948157284396	2.7053209027853375	0	0	62
125	1.0	62.5	[3]	{2}	1.4184227280162398	1.077309792912468	1.077809926963056	0.0	0	222.36894420348108	277.6310557965189	1.2198750911856666	27	5	16	10.902213665220886	0.11374448170505569	0	0	5
311	1.0	62.5	[3]	{1}	2.980282667051031	2.2676964342705093	2.5143237999571157	0.0	0	184.18664950877428	315.8133504912257	4.867027232625206	123	103	113	68.74798510529844	3.0138220095083468	0	0	103
435	1.0	62.5	[3]	{1}	1.3078763848104722	1.0594164293319235	1.0745764085660752	0.0	0	918.2358745019884	418.2358745019884	1.9907517331632447	51	25	38	21.318395513944328	0.78560039839207	0	0	25
373	1.0	62.5	[1]	{2}	2.244750332112094	1.556059802394485	1.556059802394485	0.0	0	410.4442838579416	89.55571614205837	2.0207259421636903	8	4	6	4.691111432284117	0.0	0	0	4
497	1.0	62.5	[2]	{2}	3.072626836260398	2.311958822107062	2.569383166328964	0.0	0	39.41087890416384	460.58912109583616	1.1055415967851332	119	99	109	52.910964042745526	1.5919721026647942	0	0	99
63	1.0	62.5	[2]	{0}	2.703187062552245	2.4292135967757655	2.420108462221932	0.0	0	454.8416854813695	45.158314518630505	2.4460496773097207	112	16	64	47.037749435558915	1.2701419104044187	0	0	16
1	1.0	62.5	[1]	{2}	1.6166578167281773	1.3333674502660664	1.3333674502660664	0.0	0	853.1572767533362	353.1572767533362	0.3768445758127966	51	3	27	17.470697188179944	0.0	0	0	3
188	1.0	62.5	[2]	{1}	1.9321289305137772	1.72433251551121	1.7315740535200415	0.0	0	750.6931377574801	250.69313775748014	0.4849832073729531	86	36	61	40.428649974368525	0.7943956522121276	0	0	36
312	1.0	62.5	[3]	{0}	3.440523076484349	2.889528693548804	2.8938743661823234	0.0	0	513.1688232067972	13.168823206797242	5.298849098885898	124	76	100	77.46129882869123	2.8378535071348225	0	0	76
126	1.0	62.5	[1]	{1}	1.9737753825804043	1.499471780587136	1.499471780587136	0.0	0	943.71333764866	443.71333764865994	1.224744871391589	3	1	2	1.1485733247026801	0.0	0	0	1
250	1.0	62.5	[2]	{2}	1.8880737887216719	1.5727648160493846	1.5730309835582654	0.0	0	504.229694372043	4.229694372043014	1.190279401287231	87	17	52	36.590027946326884	0.6919223968879782	0	0	17
374	1.0	62.5	[3]	{0}	2.113211447926188	1.6927890023532386	1.7229892067761519	0.0	0	345.1187626924366	154.88123730756342	3.7466561222996475	80	38	59	42.487969067310914	1.2996343982185596	0	0	38
498	1.0	62.5	[1]	{0}	2.013384862868381	1.3760525362962963	1.3760525362962963	0.0	0	95.40828736498952	404.5917126350105	1.224744871391589	3	1	2	1.288816574729979	0.0	0	0	1
436	1.0	62.5	[1]	{0}	2.2611854909726268	1.7067398044591227	1.7067398044591227	0.0	0	427.2499168291688	72.7500831708312	1.3643820804812932	23	9	16	12.104499500975013	0.0	0	0	9
64	1.0	62.5	[2]	{1}	1.3781378559413953	1.1890258464784367	1.1838368888449544	0.0	0	546.3959239423275	46.3959239423275	1.2912996123019957	53	3	28	22.522126630961893	0.6066087691300092	0	0	3
2	1.0	62.5	[1]	{0}	5.1276820128723495	4.327780995689416	4.327780995689416	0.0	0	120.6636717543006	379.3363282456994	0.41853933527826886	110	4	57	34.72721054192634	0.0	0	0	4
313	1.0	62.5	[1]	{2}	1.9341937432283767	1.5956977238264338	1.595697723826434	0.0	0	402.0761561114341	97.9238438885659	1.5614401167176533	27	5	16	10.365304624445736	0.0	0	0	5
251	1.0	62.5	[3]	{2}	2.6871860124806934	2.4222791306302125	2.380698721737465	0.0	0	855.8500951621681	355.85009516216815	3.988537666842889	114	68	91	57.804244766080764	3.0393218029167217	0	0	68
127	1.0	62.5	[2]	{2}	1.0396655237809473	0.7353466441196279	0.8458767179253073	0.0	0	970.9537220187484	470.9537220187484	2.7920341232611294	32	22	27	15.091249505493794	0.5607380854959855	0	0	22
189	1.0	62.5	[2]	{1}	1.7536484993678836	1.3234881945870483	1.339952152632708	0.0	0	105.25986296124756	394.74013703875244	1.75356389001531	57	19	38	23.17231561475992	0.5048362485180016	0	0	19
499	1.0	62.5	[3]	{1}	0.7022227179652589	0.6116415503874906	0.6115553033043615	0.0	0	967.2128728125244	467.21287281252444	0.11547005383792514	29	19	24	12.472891052499415	0.6792907177589618	0	0	19
437	1.0	62.5	[3]	{2}	3.8880010990761065	3.0369780695565334	3.1580061286073136	0.0	0	815.4632176738232	315.46321767382324	2.5899809029385152	127	61	94	58.066206939570606	2.319694322388119	0	0	61
375	1.0	62.5	[2]	{1}	2.79583300572563	2.4641355523001676	2.4839884992975985	0.0	0	955.5495453532784	455.5495453532784	0.35855546084394907	112	90	101	53.179595010025444	1.129652211144546	0	0	90
65	1.0	62.5	[1]	{1}	3.3602576809639326	2.530721199262073	2.530721199262073	0.0	0	944.4216510746628	444.4216510746628	0.7463494871958827	36	8	22	12.703566978506744	0.0	0	0	8
3	1.0	62.5	[3]	{1}	1.3838453196656435	1.2914324632463594	1.1711991684898886	0.0	0	86.78246731869876	413.21753268130124	1.9178609894208962	57	17	37	18.81025648687966	1.3574899519438963	0	0	17
314	1.0	62.5	[3]	{0}	3.0783394560952884	2.6294320402103146	2.65972888749723	0.0	0	425.502150086686	74.49784991331398	5.93963180852927	129	83	106	77.72705160208045	3.2144751914054157	0	0	83
128	1.0	62.5	[1]	{1}	2.0805125882065054	1.5880795133330325	1.5880795133330325	0.0	0	287.11817180737853	212.88182819262147	0.9496714704969829	20	0	10	6.9692363436147575	0.0	0	0	0
252	1.0	62.5	[1]	{2}	3.4157097137832606	2.610658927302717	2.610658927302717	0.0	0	327.2089217789471	172.79107822105289	0.679659059783796	40	2	21	15.729298139568417	0.0	0	0	2
376	1.0	62.5	[3]	{2}	1.0539017455176576	0.8426688654982352	0.8433400947244475	0.0	0	503.70252365246415	3.7025236524641514	2.9813205614371787	52	20	36	27.297784858085222	0.6045999371583504	0	0	20
190	1.0	62.5	[2]	{0}	2.3469533361489257	2.1034113949290223	1.9221499826181883	0.0	0	987.5552102457732	487.5552102457732	1.0782539491916403	94	14	54	23.633018646728246	1.1204494918908228	0	0	14
438	1.0	62.5	[3]	{0}	2.942407687606357	2.2484342266746316	2.384947645618552	0.0	0	302.04819957725704	197.95180042274296	4.29046918403279	108	60	84	57.36331357970832	2.114764629202277	0	0	60
66	1.0	62.5	[1]	{0}	1.4552946224604042	1.186274177057986	1.186274177057986	0.0	0	751.3854540884495	251.38545408844948	0.09705231721239391	27	3	15	11.799843637734652	0.0	0	0	3
4	1.0	62.5	[1]	{0}	0.7386858714596585	0.6653217049767258	0.6653217049767258	0.0	0	55.18206488341093	444.81793511658907	0.05892556509887897	31	21	26	16.910733686968687	0.0	0	0	21
315	1.0	62.5	[1]	{1}	1.4799988691941326	1.044368574538884	1.044368574538884	0.0	0	414.60713744163513	85.39286255836487	1.0	7	3	5	2.900821412324905	0.0	0	0	3
253	1.0	62.5	[1]	{1}	1.491414893422566	1.1057451574507327	1.1057451574507322	0.0	0	781.2744830735028	281.2744830735028	1.0415476122441203	15	3	9	7.196176550779492	0.0	0	0	3
377	1.0	62.5	[3]	{1}	2.5881674639458945	2.1372867722500963	2.15315053223921	0.0	0	580.4048792924732	80.4048792924732	4.075824539772578	99	49	74	55.93519024141503	1.8934979482700893	0	0	49
129	1.0	62.5	[1]	{0}	3.391776771461446	3.1724972430891496	3.1724972430891496	0.0	0	830.6821982841939	330.6821982841939	2.7300945311597404	55	17	36	21.440356034316117	0.0	0	0	17
191	1.0	62.5	[2]	{1}	1.547243891817139	1.2693758556609025	1.224355544940166	0.0	0	706.6858075559139	206.68580755591393	1.8364665009122396	54	6	30	19.989513539552693	0.668553638312995	0	0	6
439	1.0	62.5	[2]	{0}	2.7804212889153934	2.1572080599531382	2.1665956409797187	0.0	0	231.15501599386332	268.84498400613666	0.805746565670551	88	12	50	30.93382070372999	0.8113031894772842	0	0	12
67	1.0	62.5	[1]	{0}	1.8367202718218405	1.5402644279546935	1.5402644279546935	0.0	0	70.25473355315626	429.74526644684374	0.5687726295695543	61	9	35	19.844896740147846	0.0	0	0	9
5	1.0	62.5	[3]	{0}	1.9003047059560305	1.7035830529995564	1.7197350203013009	0.0	0	425.3106536343694	74.68934636563063	6.892770356180501	85	73	79	60.65879588270931	2.5723072306458876	0	0	73
316	1.0	62.5	[2]	{1}	0.9236550614827393	0.8582325960818225	0.8468086832435177	0.0	0	37.38417709246278	462.6158229075372	1.0018416221862119	34	24	29	17.373372781496496	0.4096753204761391	0	0	24
254	1.0	62.5	[1]	{1}	1.393887598377677	0.9721412606447666	0.9721412606447667	0.0	0	380.20180724561214	119.79819275438786	0.29277002188455997	9	1	5	4.284009036228061	0.0	0	0	1
378	1.0	62.5	[1]	{0}	1.3049652113741426	1.0799301887843837	1.0799301887843837	0.0	0	125.637574121356	374.362425878644	1.01204862740998	26	2	14	7.264650889456274	0.0	0	0	2
130	1.0	62.5	[2]	{2}	2.248992670585836	1.894564533823172	1.9239990318113653	0.0	0	759.0125037822872	259.01250378228724	1.750810748248265	103	41	72	44.00027478062734	0.9131439206229581	0	0	41
440	1.0	62.5	[1]	{1}	2.794359590744216	2.3599049547852116	2.3599049547852116	0.0	0	906.9767105393112	406.97671053931117	1.447806019762949	42	4	23	13.026535657595844	0.0	0	0	4
192	1.0	62.5	[1]	{2}	3.9849367458770772	2.833821987512384	2.833821987512384	0.0	0	485.2975099347532	14.70249006524682	0.7225916412701	26	2	14	10.284619920521974	0.0	0	0	2
68	1.0	62.5	[3]	{1}	1.4575623481227642	1.3065542211910621	1.3065954744538253	0.0	0	501.8726617563516	1.8726617563515902	5.36345621686166	73	57	65	48.51485395580717	1.7294189188556717	0	0	57
6	1.0	62.5	[2]	{2}	3.1784037228870092	2.7813059175375052	2.8771213618624527	0.0	0	796.5405117720366	296.54051177203655	1.4061892072047046	129	73	101	60.700813428744695	1.61103030828929	0	0	73
317	1.0	62.5	[3]	{2}	2.368005039995283	1.859021379545661	1.8666746692090048	0.0	0	203.3216378185898	296.6783621814102	1.0269088371442314	73	13	43	31.519467842916026	0.7511637023260583	0	0	13
255	1.0	62.5	[3]	{2}	1.5917295505991986	1.3291868712380608	1.3953430590851652	0.0	0	753.6281675565988	253.62816755659878	4.4498487441882615	63	53	58	40.75238596796245	1.8732064460656557	0	0	53
441	1.0	62.5	[3]	{1}	1.722098768454007	1.497212437454584	1.4838782015826155	0.0	0	361.5988432429731	138.4011567570269	4.846086042656053	62	40	51	36.886389589186756	1.6347778315930235	0	0	40
379	1.0	62.5	[1]	{2}	2.997533805003969	2.3145963344288	2.3145963344288	0.0	0	314.23194240778685	185.76805759221315	1.2292725943057183	33	3	18	12.169463884815574	0.0	0	0	3
193	1.0	62.5	[3]	{1}	1.4859798816104908	1.2272266324382715	1.2098849798424935	0.0	0	134.5219223294407	365.4780776705593	1.4796600756234317	54	18	36	25.472482291247697	0.8106497769658771	0	0	18
131	1.0	62.5	[2]	{0}	3.534838156748303	2.5361206394744866	2.842403570275824	0.0	0	65.31040812842548	434.6895918715745	2.311220749121254	120	82	101	54.40410958845728	1.7795859742666482	0	0	82
69	1.0	62.5	[3]	{2}	2.7400244990861697	2.072668150047332	2.231506893185643	0.0	0	830.7028238195926	330.7028238195926	2.718662067942084	102	60	81	47.907505156448124	1.8922147334875479	0	0	60
7	1.0	62.5	[1]	{2}	2.93232155558502	2.4165163210619913	2.4165163210619913	0.0	0	507.4162906967104	7.416290696710405	0.04006683379765067	49	5	27	19.98191403487697	0.0	0	0	5
318	1.0	62.5	[3]	{1}	0.7551136322121814	0.6245802426359717	0.6354605104384392	0.0	0	846.4209330268204	346.4209330268204	1.8509324911937013	31	19	25	16.436844138544053	0.5844099413466206	0	0	19
256	1.0	62.5	[3]	{1}	2.408581847509912	2.1360319839180275	2.0128673653734217	0.0	0	972.828703932464	472.828703932464	0.8991204081865278	87	35	61	36.97210646798463	1.9119324860050166	0	0	35
442	1.0	62.5	[1]	{1}	2.0859528059847143	1.8591084548171548	1.8591084548171548	0.0	0	33.05049007758498	466.949509922415	1.2298800925361817	69	25	47	26.847272053491324	0.0	0	0	25
194	1.0	62.5	[1]	{2}	3.5479956657424765	2.4577928937785423	2.4577928937785414	0.0	0	215.44033428654075	284.55966571345925	1.737137605034077	37	5	21	13.971963008578868	0.0	0	0	5
380	1.0	62.5	[2]	{2}	2.324363962707867	1.8107237985169136	1.783223808864381	0.0	0	301.19852162897587	198.80147837102413	0.13514747567989718	72	4	38	27.374588173031807	0.7593707266608307	0	0	4
132	1.0	62.5	[1]	{2}	1.742814099411454	1.191139941931556	1.1911399419315558	0.0	0	498.8586395047605	1.1413604952394962	nan	1	1	1	0.5218586395047605	0.0	0	0	1
70	1.0	62.5	[2]	{2}	2.374889068527296	1.7984337644323904	1.9451126788000916	0.0	0	80.11744217947125	419.88255782052875	0.07080514800462759	79	53	66	38.86828141512722	1.1070013369630665	0	0	53
8	1.0	62.5	[2]	{1}	1.845583226948543	1.4158295160594827	1.434670579549722	0.0	0	285.14376748353243	214.85623251646757	0.5168912014375916	66	12	38	25.95016288463772	0.5995704575884812	0	0	10
319	1.0	62.5	[1]	{1}	2.568524408996179	1.8193002739995312	1.8193002739995312	0.0	0	534.682315774262	34.68231577426195	0.7205766921228921	31	1	17	13.134953052677217	0.0	0	0	3
257	1.0	62.5	[2]	{2}	4.664524563848333	4.316857983911483	4.321975441890967	0.0	0	477.4866232182831	22.513376781716886	3.217627473987473	195	41	118	86.27882284320894	2.2170205971896144	0	0	41
195	1.0	62.5	[3]	{0}	3.1889509745608224	2.597141246723761	2.5214859804450134	0.0	0	897.6072394289076	397.60723942890763	1.125867258210782	102	30	66	40.54406698627025	1.2284583764427077	0	0	30
443	1.0	62.5	[1]	{2}	1.3120425680280436	1.152020233039216	1.152020233039216	0.0	0	153.70887704193592	346.2911229580641	0.24954170447254356	38	4	21	12.436633155629039	0.0	0	0	4
381	1.0	62.5	[2]	{2}	2.5732732374188623	2.1536495437162886	2.1010344378644383	0.0	0	597.0600040163845	97.06000401638448	2.882664924838968	89	31	60	46.541960064262156	1.35648625594271	0	0	31
133	1.0	62.5	[1]	{0}	2.746512845661394	2.235809623382641	2.235809623382641	0.0	0	16.16819156333804	483.83180843666196	0.28167151608781216	21	1	11	6.195850107196719	0.0	0	0	1
71	1.0	62.5	[2]	{1}	2.85500915118982	2.5721707425512497	2.47786263600893	0.0	0	911.5211179014296	411.52111790142965	0.6389078817110687	118	44	81	41.2427894499842	1.2795276034577596	0	0	44
9	1.0	62.5	[3]	{2}	2.005169331694441	1.6213117093079255	1.7120871194741418	0.0	0	16.399370972067118	483.6006290279329	0.37883136514113475	77	59	68	36.089358484156435	1.8533883520885006	0	0	59
320	1.0	62.5	[1]	{2}	2.5530204285416116	2.1871859593563863	2.1871859593563867	0.0	0	546.8986895866692	46.89868958666921	1.12622847255367	80	16	48	35.00843144991993	0.0	0	0	16
258	1.0	62.5	[3]	{2}	1.8617392964602302	1.4388424697955986	1.4499452908687727	0.0	0	834.411702118814	334.411702118814	2.437211521390788	43	21	32	20.8942361703366	0.4623276024665889	0	0	21
196	1.0	62.5	[1]	{2}	1.828487215132568	1.5134535491645371	1.5134535491645371	0.0	0	20.133593352511525	479.8664066474885	0.7027642214999339	14	0	7	2.8149351534675806	0.0	0	0	0
444	1.0	62.5	[3]	{0}	1.2160156236469275	1.0545042313179365	1.0550177088068928	0.0	0	489.126950269565	10.873049730435014	4.370794153997034	62	46	54	39.47401560215653	1.1912727184610903	0	0	46
382	1.0	62.5	[3]	{2}	1.4467894351974608	1.1364076434070833	1.1183924526305917	0.0	0	343.3177184779197	156.6822815220803	0.8040302522073697	43	3	23	15.86076577716879	0.38138212939718946	0	0	3
134	1.0	62.5	[1]	{2}	2.7147357970057806	1.9171632723841472	1.9171632723841472	0.0	0	110.22065300494432	389.7793469950557	0.5892556509887896	15	5	10	5.818765224039554	0.0	0	0	5
72	1.0	62.5	[3]	{1}	4.42455333315624	3.937933713904686	4.029473485677216	0.0	0	980.9994844254106	480.9994844254106	2.3851356891147772	191	157	174	96.14808249193429	5.878779466298052	0	0	157
10	1.0	62.5	[1]	{0}	4.495346066818319	3.33058821622663	3.33058821622663	0.0	0	388.922390062362	111.07760993763799	0.2182178902359924	6	0	3	1.915922390062362	0.0	0	0	0
259	1.0	62.5	[1]	{0}	1.8418756933435934	1.4836639290225142	1.4836639290225142	0.0	0	52.390131168067455	447.60986883193254	0.09258200997725514	19	9	14	6.734461836352946	0.0	0	0	9
321	1.0	62.5	[2]	{0}	1.3611743289255107	1.1146893784928156	1.1357868801856492	0.0	0	162.24565217271447	337.7543478272855	2.0165822888193126	51	33	42	24.159860869526863	0.5176637574992622	0	0	33
197	1.0	62.5	[3]	{2}	2.0449974531756916	1.897346420741046	1.8976649061908129	0.0	0	667.7117943763733	167.7117943763733	7.564337043249195	102	92	97	72.49851078557968	2.9132335349577034	0	0	92
445	1.0	62.5	[1]	{2}	1.8224538627811306	1.5199125170530459	1.5199125170530459	0.0	0	129.34382539242506	370.65617460757494	nan	1	1	1	0.9946561746075749	0.0	0	0	1
383	1.0	62.5	[1]	{2}	3.109371269699823	2.3286018901608845	2.3286018901608845	0.0	0	184.58113819360733	315.41886180639267	1.8680045486531396	22	12	17	9.934554796516894	0.0	0	0	12
135	1.0	62.5	[3]	{1}	1.4116151235729215	1.07547402368361	1.1287226838230984	0.0	0	101.12586501054466	398.87413498945534	0.2743894591444345	51	23	37	23.030153545347975	0.6935881296264719	0	0	23
73	1.0	62.5	[3]	{1}	1.2410059925270969	1.128575859021934	1.1296479513156086	0.0	0	475.9034547023475	24.096545297652483	4.106598606201717	48	36	42	32.85503454702348	1.6356391905774654	0	0	36
11	1.0	62.5	[1]	{1}	1.9505691362800464	1.4711195568866795	1.4711195568866797	0.0	0	863.3072464726865	363.30724647268653	0.24771684715343112	31	7	19	9.977162317018959	0.0	0	0	7
322	1.0	62.5	[3]	{1}	0.9597686567141915	0.811565658866689	0.8526500662713866	0.0	0	972.6828909479082	472.68289094790816	0.8926073982886735	47	37	42	21.851684362083674	1.1495060734494131	0	0	37
260	1.0	62.5	[1]	{1}	3.2092012238869287	2.965702498314151	2.965702498314151	0.0	0	67.60242092423141	432.3975790757686	0.45125598196487093	58	10	34	21.556458102181555	0.0	0	0	10
198	1.0	62.5	[1]	{0}	3.39838326348988	2.3446854809816116	2.3446854809816116	0.0	0	919.0909070894122	419.0909070894122	1.1016189057765002	20	2	11	6.229000022016466	0.0	0	0	2
446	1.0	62.5	[3]	{1}	1.102925028237411	0.9216673553939447	0.8879556055867809	0.0	0	981.019563274458	481.01956327445805	2.013848605753807	49	9	29	9.542432665040717	0.5561786227451762	0	0	9
136	1.0	62.5	[3]	{2}	4.601685598439049	3.651363594246398	3.6363053199630473	0.0	0	628.2796477898955	128.27964778989553	3.1318700501726835	133	41	87	62.83904246547071	1.5977152773643897	0	0	41
384	1.0	62.5	[2]	{1}	1.669514367360903	1.5281454767339935	1.560531511597212	0.0	0	884.7172227688134	384.7172227688134	1.1780150933385163	86	64	75	45.58194607448951	0.8099557290771662	0	0	64
74	1.0	62.5	[2]	{1}	2.155993752847706	1.7653463802126157	1.7439782849933614	0.0	0	660.4675792623311	160.46757926233113	0.14133620327050508	76	12	44	31.318167146556075	0.7991428566170424	0	0	12
12	1.0	62.5	[1]	{2}	1.6155037902245681	1.4557120672124226	1.4557120672124226	0.0	0	920.2275183051823	420.22751830518234	0.48237708416934477	58	6	32	18.52662948745489	0.0	0	0	6
323	1.0	62.5	[3]	{2}	2.6797358646118576	2.2049484609475494	2.1938628623588095	0.0	0	572.1411353442818	72.14113534428179	2.898138969436422	101	33	67	51.26442340603285	1.626153141273802	0	0	33
261	1.0	62.5	[1]	{1}	2.9399845587221547	2.1582577607327424	2.1582577607327424	0.0	0	289.4516079686582	210.5483920313418	nan	0	0	0	0.0	0.0	0	0	0
199	1.0	62.5	[1]	{1}	3.0838513021046388	2.2002235713744462	2.2002235713744462	0.0	0	953.5774304531516	453.5774304531516	0.0	7	5	6	3.0895354172810907	0.0	0	0	5
447	1.0	62.5	[1]	{0}	1.9421183082590865	1.4596723661266535	1.4596723661266537	0.0	0	325.71567920967937	174.28432079032063	3.09073317821959	18	12	15	9.248441112887114	0.0	0	0	12
385	1.0	62.5	[2]	{1}	1.321002539241726	1.1170274354910967	1.0858590947663322	0.0	0	888.4353993926197	388.43539939261973	1.2393546707863734	49	9	29	15.835373417614028	0.5055985569981816	0	0	9
137	1.0	62.5	[2]	{1}	1.4014648455382537	1.1969512335285797	1.1461825180689365	0.0	0	67.72657367400825	432.27342632599175	0.060357164028345685	60	12	36	22.124703504916276	0.5628959348258248	0	0	12
75	1.0	62.5	[1]	{0}	1.2925963071100963	1.1256239716804888	1.1256239716804888	0.0	0	893.2995488867164	393.29954888671637	2.0869967789998034	53	31	42	23.948617142304776	0.0	0	0	31
13	1.0	62.5	[3]	{2}	2.3294727269797897	2.124019842486166	2.054909664690619	0.0	0	851.7845389433205	351.7845389433205	5.637540216514521	109	65	87	52.22528128023073	2.658896939764042	0	0	65
324	1.0	62.5	[3]	{2}	4.1459141722667345	3.559649300226585	3.5502556005303996	0.0	0	767.2411522362381	267.2411522362381	5.5253136216090555	156	96	126	84.54411934346335	3.5617104187281594	0	0	96
200	1.0	62.5	[3]	{2}	0.9643661523972182	0.762910966821296	0.8276848693490686	0.0	0	52.488520508632064	447.51147949136794	0.6980100608965332	37	23	30	16.913678574241697	0.9800244783046721	0	0	23
448	1.0	62.5	[3]	{1}	2.3501332492119738	1.6878989907056123	1.8679174383732535	0.0	0	67.08998279646039	432.9100172035396	2.265769534600629	93	63	78	42.4529388645664	1.258373419382832	0	0	63
262	1.0	62.5	[1]	{0}	2.928792913233243	2.3248632830768763	2.3248632830768763	0.0	0	170.3510063234717	329.64899367652833	0.3294128420581391	99	23	61	40.30090132249705	0.0	0	0	23
386	1.0	62.5	[1]	{0}	2.2868732775604443	2.209445432238911	2.209445432238911	0.0	0	34.80527340434492	465.1947265956551	0.4695723887570959	138	116	127	70.56726972235181	0.0	0	0	116
138	1.0	62.5	[2]	{0}	3.7529073668072694	2.9707241351983997	3.008179226767193	0.0	0	420.56555207818747	79.43444792181253	2.592339046797936	106	22	64	45.6365732498765	1.6032475662227204	0	0	22
76	1.0	62.5	[1]	{0}	2.5666450769068443	1.8182151282671444	1.8182151282671444	0.0	0	630.0958329811692	130.09583298116922	1.4263994477758974	23	1	12	8.870425002112984	0.0	0	0	1
14	1.0	62.5	[1]	{2}	2.664998971734078	2.2449712928513508	2.2449712928513508	0.0	0	438.7410539202392	61.25894607976079	1.814636438905988	36	10	23	16.013187377441675	0.0	0	0	10
325	1.0	62.5	[3]	{1}	2.4567566639629916	1.835078173115667	1.9105985997208332	0.0	0	141.10524230636656	358.89475769363344	1.7701555156117073	74	18	47	31.80184154227189	0.7546738062357057	0	0	20
201	1.0	62.5	[3]	{1}	3.366480719445763	2.701749602320085	2.8166446977899415	0.0	0	653.3646741881967	153.36467418819666	3.629087106434189	118	64	91	65.44831900990754	3.083435979144844	0	0	64
449	1.0	62.5	[2]	{0}	0.4611536353566609	0.39807475872718795	0.39777413754165175	0.0	0	523.1243756134063	23.1243756134063	0.30151134457776363	21	1	11	7.698129370706156	0.180197505925077	0	0	1
263	1.0	62.5	[2]	{0}	1.2986273747089054	1.024378504322634	1.0885418548441088	0.0	0	247.30484234169128	252.69515765830872	1.0143783390008614	40	22	31	20.904621058542283	0.6931441946746162	0	0	22
139	1.0	62.5	[2]	{0}	3.0519018774001343	2.8564844747241276	2.8385519866987066	0.0	0	335.28190292418003	164.71809707581997	0.5193445406454879	144	48	95	62.0579617485553	1.421468794431909	0	0	46
77	1.0	62.5	[1]	{0}	2.4266408393962355	2.2764025956933334	2.2764025956933334	0.0	0	396.9022086821497	103.0977913178503	0.3221521474514604	128	18	73	51.624230312246816	0.0	0	0	18
15	1.0	62.5	[1]	{0}	3.6018348300837335	2.926864712100384	2.926864712100384	0.0	0	397.5086582358927	102.49134176410729	0.4898979485566356	9	1	5	3.6125086582358925	0.0	0	0	1
326	1.0	62.5	[3]	{1}	1.213605121878608	1.0405438548845476	1.0409235231445098	0.0	0	492.1030751429498	7.89692485705018	3.78691704962503	47	33	40	30.192412300571796	1.0938354420677958	0	0	33
450	1.0	62.5	[3]	{0}	0.7126211431118035	0.6052222005064586	0.6032150771075725	0.0	0	410.6190528254956	89.3809471745044	1.164627806548727	27	11	19	14.603095264127479	0.5724495886808761	0	0	11
264	1.0	62.5	[3]	{0}	3.015910393158782	2.427354152656858	2.4067496791208542	0.0	0	449.8042427003384	50.19575729966158	2.2278862939987634	97	35	66	50.25795757299662	1.569017446318996	0	0	35
140	1.0	62.5	[3]	{1}	1.3860836228857973	1.1884894905465584	1.1616027170954641	0.0	0	617.5126968882978	117.5126968882978	5.011283970497685	69	45	57	40.23628415289893	1.20511887959591	0	0	45
387	1.0	62.5	[1]	{1}	2.6564339370186683	2.1595501364369274	2.1595501364369274	0.0	0	111.14131310023367	388.8586868997663	0.23892284104323203	67	5	36	20.36752201920747	0.0	0	0	5
202	1.0	62.5	[1]	{0}	1.7505025810658392	1.6296448743143297	1.6296448743143297	0.0	0	251.70442229136825	248.29557770863175	0.29099384762368896	30	2	16	11.90822653374821	0.0	0	0	2
78	1.0	62.5	[1]	{0}	2.8161376408222543	2.1041730907425165	2.104173090742516	0.0	0	874.6498809196055	374.6498809196055	0.3595732599803958	29	5	17	10.532251786205919	0.0	0	0	5
388	1.0	62.5	[1]	{1}	1.5152899353667773	1.079362160165568	1.079362160165568	0.0	0	637.769300956279	137.76930095627904	1.414213562373095	5	1	3	1.8397693009562792	0.0	0	0	1
16	1.0	62.5	[1]	{0}	7.257678623442901	5.571426217423332	5.571426217423332	0.0	0	47.25486086681485	452.74513913318515	1.6041411300547006	104	10	57	28.83801734767482	0.0	0	0	10
327	1.0	62.5	[1]	{2}	1.9037140021450485	1.6137227877716875	1.6137227877716873	0.0	0	214.64219293557107	285.3578070644289	1.7085642859406605	17	1	9	5.494926578806713	0.0	0	0	1
451	1.0	62.5	[1]	{0}	1.7437671562584265	1.6444227108850877	1.6444227108850877	0.0	0	559.3145180027932	59.31451800279319	1.69928858624614	33	9	21	14.247314518002792	0.0	0	0	9
265	1.0	62.5	[1]	{0}	1.4258049436066567	1.3534143961376444	1.3534143961376444	0.0	0	908.3020421676338	408.3020421676338	1.1568149890393364	65	47	56	29.78108563861251	0.0	0	0	47
203	1.0	62.5	[3]	{0}	3.39188617091395	3.198292975824126	3.132732781375214	0.0	0	172.58829553611577	327.41170446388423	6.197024841253816	139	111	125	82.48876898306419	4.910783010408027	0	0	111
141	1.0	62.5	[2]	{0}	3.002597477275536	2.7847044762190776	2.771527774448415	0.0	0	738.3855113293976	238.38551132939756	1.4371629261944445	133	77	105	65.090147446366	1.3255037951581443	0	0	77
17	1.0	62.5	[3]	{0}	1.8997650382969506	1.4743609411003917	1.5490582515247664	0.0	0	814.3363380804658	314.3363380804658	2.2181164855728737	65	43	54	36.201873800620426	1.2315107656338393	0	0	43
389	1.0	62.5	[2]	{2}	2.569914256339083	1.9601104615712908	1.9652073121704452	0.0	0	945.057992823422	445.05799282342196	0.4904205684571604	67	3	35	17.286970251180232	0.6917022884037936	0	0	3
79	1.0	62.5	[1]	{0}	4.278794596748151	3.264657381747679	3.264657381747679	0.0	0	198.23498837649825	301.7650116235018	0.16694514082354445	22	2	12	7.803879907011986	0.0	0	0	2
328	1.0	62.5	[2]	{0}	2.14062621454703	1.9724027892473444	1.9598082717238807	0.0	0	457.852965220809	42.14703477919102	2.686124672814381	108	18	63	46.62173435638844	1.188318500171288	0	0	18
452	1.0	62.5	[1]	{1}	2.7941028684218923	2.3947203687514063	2.3947203687514063	0.0	0	286.55866836197674	213.44133163802326	0.13304884414474477	96	12	54	34.84646407120302	0.0	0	0	12
204	1.0	62.5	[2]	{1}	2.6205895323015715	2.0211733197040678	2.037262314353881	0.0	0	581.7162441089749	81.71624410897493	0.021757131728816846	77	5	41	28.910391361929477	0.923856120668038	0	0	5
266	1.0	62.5	[1]	{2}	1.0085069429317723	0.8694153657831477	0.8694153657831477	0.0	0	174.7082588262856	325.2917411737144	0.05020964452534338	27	5	16	10.295499105915427	0.0	0	0	5
142	1.0	62.5	[2]	{1}	1.54634658149105	1.234372100012549	1.231738225576086	0.0	0	305.6425868999213	194.3574131000787	0.8573949209204403	50	4	27	17.239923977298666	0.47211664039430384	0	0	4
80	1.0	62.5	[1]	{0}	3.719094269812026	3.0927587440943336	3.0927587440943336	0.0	0	832.3657149448991	332.3657149448991	0.7333333333333333	14	4	9	6.247708565495908	0.0	0	0	4
18	1.0	62.5	[1]	{0}	6.024274790832638	5.184534185140177	5.184534185140176	0.0	0	692.7058482542634	192.7058482542634	0.00790043808412256	120	2	61	44.28900057967752	0.0	0	0	2
390	1.0	62.5	[1]	{2}	2.946418675020824	2.6918255082633635	2.6918255082633635	0.0	0	530.6159702595323	30.615970259532332	0.6761234037828132	19	3	11	7.769615970259532	0.0	0	0	3
329	1.0	62.5	[3]	{2}	0.8229453040137367	0.6824408098495478	0.6812862051725878	0.0	0	507.3380952235311	7.338095223531127	3.178671122332429	36	18	27	20.36236666656472	0.669961738546073	0	0	18
453	1.0	62.5	[2]	{1}	0.73763819068969	0.5554869181461731	0.5562557478944955	0.0	0	393.6038063839078	106.3961936160922	1.092606434117874	22	0	11	8.251811419151723	0.19466275455755205	0	0	0
267	1.0	62.5	[1]	{2}	0.4824592202942605	0.3812265724947925	0.3812265724947925	0.0	0	26.433218736201525	473.5667812637985	1.775880063517804	24	6	15	9.715498281043022	0.0	0	0	6
205	1.0	62.5	[2]	{2}	1.1241911187293905	1.0264879173987094	1.024780147745707	0.0	0	615.6703869346529	115.67038693465292	1.2498916361697852	56	2	29	23.000737351758403	0.4774486926453731	0	0	2
143	1.0	62.5	[3]	{0}	4.456644386500918	4.196993299331844	4.150844680363158	0.0	0	631.9745376240462	131.9745376240462	9.53237310909668	186	156	171	126.04384025840643	6.816569325464277	0	0	156
81	1.0	62.5	[1]	{0}	1.199497815320866	1.0146790157493226	1.0146790157493228	0.0	0	957.0976016111672	457.0976016111672	0.5477225575051661	11	1	6	3.2714143903329966	0.0	0	0	1
19	1.0	62.5	[1]	{0}	4.620756752517725	3.513382283617057	3.513382283617057	0.0	0	508.0688172020018	8.06881720200181	1.6586629527115129	83	15	49	36.178793548394005	0.0	0	0	15
391	1.0	62.5	[2]	{0}	1.9981182897934286	1.6721348024025668	1.7415428295604654	0.0	0	208.09006015770137	291.9099398422986	0.922735737730551	98	52	75	47.388673789935204	0.9802557427012247	0	0	52
330	1.0	62.5	[1]	{1}	1.7320446486186722	1.6159034123668135	1.6159034123668135	0.0	0	736.3230939954519	236.32309399545193	0.8146644087222538	69	11	40	25.013953368127346	0.0	0	0	11
268	1.0	62.5	[3]	{2}	1.2228613554982686	1.1028225646411873	1.108930501829978	0.0	0	560.1583854295313	60.158385429531336	6.342689521851204	64	58	61	46.57194098941609	1.6358068177812268	0	0	58
454	1.0	62.5	[2]	{0}	1.8239119343156762	1.5327087103542332	1.5269874584202157	0.0	0	652.0233766641468	152.02337666414678	1.0050890913907349	65	5	35	23.41046233672463	0.6526655187360398	0	0	5
206	1.0	62.5	[1]	{2}	1.2568087407436623	1.1678105474855598	1.1678105474855598	0.0	0	519.549019401893	19.54901940189302	1.5063966175050876	58	2	30	22.007019611962136	0.0	0	0	2
144	1.0	62.5	[2]	{0}	1.312848194177052	1.2956554732218089	1.2941297394393882	0.0	0	701.8131925724447	201.81319257244468	0.3892494720807615	89	49	69	44.85788971250131	0.6452657714136486	0	0	49
20	1.0	62.5	[3]	{2}	1.6530231256546906	1.476289682376658	1.4771969176158894	0.0	0	494.3269374780357	5.673062521964312	5.8489217796468385	61	53	57	42.13436531260982	2.0593564249558063	0	0	53
82	1.0	62.5	[1]	{0}	2.424571165292064	2.049313603532561	2.049313603532561	0.0	0	281.54115681536496	218.45884318463504	1.0216564861048734	87	29	57	41.075105115799225	0.0	0	0	27
392	1.0	62.5	[1]	{0}	4.341126314795109	3.697484778397226	3.697484778397226	0.0	0	670.1475498266518	170.1475498266518	0.4026924998958277	149	23	86	59.78203230936081	0.0	0	0	23
331	1.0	62.5	[3]	{0}	2.4612654657097823	2.1893708142222774	2.209446801062512	0.0	0	597.8582981042564	97.85829810425639	7.001222203607481	108	86	97	72.12610935497659	3.1131352622115096	0	0	86
269	1.0	62.5	[3]	{0}	3.305351973086863	2.845349319459102	2.790752725799726	0.0	0	582.6292713172734	82.62927131727338	5.36870720427439	129	61	94	71.54977562790364	3.1546515282098997	0	0	59
455	1.0	62.5	[1]	{1}	3.8357228693819723	2.9556041899269676	2.9556041899269676	0.0	0	318.57244623824954	181.42755376175046	0.025416428388767447	42	2	22	15.238014247335494	0.0	0	0	2
207	1.0	62.5	[3]	{1}	2.4242523590371086	2.2340207397625322	2.2731449919977234	0.0	0	79.72743199206889	420.2725680079311	3.2123205187628456	119	105	113	57.550015767214816	3.7327383488534815	0	0	107
145	1.0	62.5	[3]	{0}	3.8582210171691136	2.913985979680165	3.048397293391492	0.0	0	221.93585569038987	278.0641443096101	3.2705882352941176	119	53	86	56.05340791866182	1.7212346451278213	0	0	53
21	1.0	62.5	[2]	{1}	0.9439434578541427	0.7797541904447323	0.775754009078247	0.0	0	537.06100047566	37.06100047565997	1.673015692185396	40	10	25	18.430427003329616	0.4117173416752826	0	0	10
83	1.0	62.5	[1]	{2}	0.5000164019753658	0.4865646930759356	0.4865646930759356	0.0	0	842.8932332899421	342.89323328994215	0.0	24	6	15	7.945601500650867	0.0	0	0	6
393	1.0	62.5	[1]	{2}	2.0866013363408995	1.557055371311018	1.557055371311018	0.0	0	414.5117753650993	85.48822463490069	1.3688213114803158	32	12	22	16.127094202920794	0.0	0	0	12
332	1.0	62.5	[1]	{0}	3.769770761871907	3.0727640017407376	3.0727640017407376	0.0	0	854.0172236971557	354.0172236971557	0.7071067811865475	5	3	4	2.050931105211377	0.0	0	0	3
270	1.0	62.5	[1]	{1}	0.7325508403265539	0.5574461399902111	0.5574461399902111	0.0	0	87.65567373484373	412.34432626515627	nan	2	2	2	1.5063113474696874	0.0	0	0	2
208	1.0	62.5	[3]	{2}	2.9969519986739237	2.783341526779342	2.782359052833418	0.0	0	416.2811057176441	83.7188942823559	7.771555113995138	128	104	115	83.9052165857647	4.288895821473693	0	0	102
456	1.0	62.5	[2]	{2}	1.4234573878157841	1.1140739481510962	1.1069042450351458	0.0	0	548.3634606935084	48.36346069350839	1.228784416197605	41	7	24	17.431819235838947	0.5434218307180925	0	0	7
146	1.0	62.5	[2]	{2}	1.0263332488390442	0.8996792207986217	0.9032383380991416	0.0	0	419.5754653774202	80.42453462257981	0.14213381090374028	53	3	28	19.4375093075484	0.4343258373400435	0	0	3
22	1.0	62.5	[3]	{2}	4.993617779444946	4.675508786437733	4.278712166733535	0.0	0	863.1393914110959	363.13939141109586	3.358086889193104	174	62	118	77.75135773251203	5.360674703846133	0	0	62
84	1.0	62.5	[1]	{0}	1.9165093518665408	1.841873611766137	1.841873611766137	0.0	0	455.509401159361	44.490598840638995	0.3959152831931253	77	5	40	28.243169220868495	0.0	0	0	3
394	1.0	62.5	[1]	{2}	6.794535345982249	5.507716236610367	5.507716236610367	0.0	0	757.4428995139897	257.4428995139897	2.0207259421636903	8	4	6	3.792	0.0	0	0	4
333	1.0	62.5	[3]	{0}	2.6329377295040537	2.169113250467211	2.290626312689934	0.0	0	152.8794530313462	347.1205469686538	0.7578820504928127	105	67	86	54.05283843038233	2.877444249958415	0	0	67
271	1.0	62.5	[3]	{2}	1.1721979196731076	0.8940082279486907	0.9328824247497538	0.0	0	927.5823275092988	427.5823275092988	0.5431201803225948	38	6	22	12.517518104832623	0.5207881650816172	0	0	6
209	1.0	62.5	[1]	{0}	2.1656550959612986	1.6443914753028066	1.6443914753028066	0.0	0	479.09776004962623	20.90223995037377	1.6800973997739752	43	15	29	21.345488800248134	0.0	0	0	15
457	1.0	62.5	[1]	{2}	6.153300019509467	5.377139334731871	5.377139334731871	0.0	0	603.7692571990192	103.7692571990192	1.2165954088171251	186	38	112	80.02115199606864	0.0	0	0	38
147	1.0	62.5	[3]	{0}	1.7182094042324492	1.3317103881348977	1.3319623201939317	0.0	0	89.53391970135272	410.4660802986473	0.9267495864139176	63	9	36	19.356949751637877	0.34705590687040716	0	0	9
23	1.0	62.5	[1]	{2}	1.8381529917996344	1.608595178470873	1.608595178470873	0.0	0	954.8022164963186	454.8022164963186	1.7566201313073597	13	3	8	5.149582268029451	0.0	0	0	3
395	1.0	62.5	[3]	{1}	0.5587601695343395	0.43496151752916756	0.4289358667637768	0.0	0	663.1333758123219	163.1333758123219	0.1318760946791574	22	4	13	10.039599872563034	0.11586287560674843	0	0	4
85	1.0	62.5	[1]	{1}	2.3197155000307634	1.8941836831106693	1.8941836831106693	0.0	0	903.9230037014931	403.92300370149314	0.5105296229091595	54	8	31	16.726078900059687	0.0	0	0	8
334	1.0	62.5	[3]	{2}	1.815932738841713	1.43684105751271	1.4370679101996529	0.0	0	961.3733373116702	461.3733373116702	0.08833624405541776	73	9	41	25.401679868714883	0.6014385386135268	0	0	9
272	1.0	62.5	[3]	{1}	1.620832567717723	1.250211036925136	1.2930239833072483	0.0	0	669.5437219459563	169.54372194595635	0.15126584522688322	58	10	34	23.02495067329705	0.8717150783034875	0	0	10
210	1.0	62.5	[2]	{2}	5.7794977728994805	5.059534993419117	4.91600052930616	0.0	0	645.2545397914946	145.2545397914946	2.354863366046362	186	16	101	78.04738165395334	3.0144098396259955	0	0	16
148	1.0	62.5	[1]	{1}	2.624886028603877	2.0717603400122453	2.0717603400122453	0.0	0	745.4539486207068	245.4539486207068	0.588683436707244	18	0	9	6.607638154137879	0.0	0	0	0
458	1.0	62.5	[1]	{0}	1.6368748787884944	1.5810100748994524	1.5810100748994524	0.0	0	693.6784200370312	193.67842003703117	1.0992254353912672	102	36	69	43.382189017444844	0.0	0	0	36
24	1.0	62.5	[1]	{1}	3.57214808632368	2.9128040152734407	2.9128040152734407	0.0	0	231.67407466098663	268.32592533901334	0.39434801258480534	103	35	69	46.88533335974442	0.0	0	0	35
86	1.0	62.5	[3]	{1}	3.8847921234598743	3.3314849183643425	3.3504509189658473	0.0	0	708.8853558525443	208.8853558525443	5.321678854975768	138	84	111	77.51284685152024	3.5856508303774466	0	0	84
396	1.0	62.5	[2]	{0}	1.7272153666459815	1.4215414163087408	1.404308726682577	0.0	0	898.602074244991	398.60207424499094	0.8536352744692441	63	25	44	25.015325327180324	0.5839338580879216	0	0	25
335	1.0	62.5	[1]	{2}	6.572982552170947	4.547085670253637	4.547085670253637	0.0	0	804.0374293923378	304.0374293923378	0.9258200997725514	6	2	4	3.4049251412153243	0.0	0	0	2
273	1.0	62.5	[3]	{2}	2.309238660092073	1.9138901501617225	1.939929601120042	0.0	0	383.2782721146941	116.72172788530588	3.4602133752825064	85	45	65	48.08295680286737	1.8870948542713024	0	0	45
149	1.0	62.5	[3]	{0}	2.821913902543882	2.160290549299863	2.1519102912933	0.0	0	223.7619119696319	276.2380880303681	0.620505227994023	87	11	49	32.499095447119316	0.31413599881517595	0	0	11
211	1.0	62.5	[1]	{0}	2.944613563581144	2.3232425022197605	2.3232425022197605	0.0	0	908.4253546316176	408.42535463161755	1.7676447095355268	79	3	41	24.553112587893388	0.0	0	0	3
459	1.0	62.5	[2]	{0}	1.933391716757439	1.7820823054251986	1.7818547615823566	0.0	0	831.9356902502477	331.9356902502477	0.10454088783900344	72	40	56	32.72247272648662	0.8158444090095075	0	0	40
25	1.0	62.5	[3]	{2}	4.365396411276172	3.5353180306508127	3.427538974731033	0.0	0	952.4097049143164	452.4097049143164	1.5788848890522365	134	26	80	41.28314006582649	1.4661666279057295	0	0	26
87	1.0	62.5	[2]	{2}	1.0834343249109681	0.84988794627163	0.8989333297040982	0.0	0	240.32731633633372	259.67268366366625	1.2393546707863734	49	27	38	24.185474122762685	0.5460900323795066	0	0	27
397	1.0	62.5	[2]	{0}	1.7681053233121093	1.419167928480736	1.3982113891061112	0.0	0	80.78144909814	419.21855090186	0.17118419700436516	62	8	35	21.17778782023862	0.5641482599493728	0	0	8
336	1.0	62.5	[1]	{2}	1.690922951883822	1.297780971260182	1.297780971260182	0.0	0	992.842893116176	492.842893116176	nan	1	1	1	0.33015710688382394	0.0	0	0	1
274	1.0	62.5	[3]	{2}	5.884951078638158	5.035534490524865	5.190026766022761	0.0	0	48.68487361818552	451.3151263818145	2.2184415521964005	212	146	179	100.14663439976425	6.5528234052987955	0	0	146
150	1.0	62.5	[1]	{2}	0.9745018222253743	0.8076288991669722	0.8076288991669722	0.0	0	209.00065661408007	290.99934338591993	1.3464846205335332	47	5	26	15.64401444550976	0.0	0	0	5
212	1.0	62.5	[2]	{2}	2.938509140397566	2.3742892844202945	2.362252310646506	0.0	0	460.4990507941693	39.50094920583069	1.970067707555395	113	21	67	51.5755275269691	1.1977239309771286	0	0	21
460	1.0	62.5	[1]	{2}	5.986094772268751	5.126116897888362	5.126116897888362	0.0	0	887.403070461005	387.403070461005	0.6125525187567953	169	31	100	57.36552979943157	0.0	0	0	31
26	1.0	62.5	[2]	{2}	4.55637174621919	3.823128909193089	3.8475027564742414	0.0	0	164.36894796788692	335.6310520321131	0.4290966370875305	169	49	109	62.94278795288503	1.641937837634455	0	0	49
398	1.0	62.5	[3]	{0}	1.045124832535917	0.8368437335420265	0.8418270111046813	0.0	0	997.4861918017268	497.4861918017268	1.5617577368340176	37	15	26	12.734359013155103	0.47388400996008184	0	0	15
88	1.0	62.5	[2]	{1}	1.3856849420524169	1.0414248351240305	1.1129144938151576	0.0	0	835.8544760849327	335.8544760849327	0.02857142857142857	49	25	37	20.878384384857497	0.6329310548449896	0	0	25
337	1.0	62.5	[1]	{1}	3.188112832936467	2.4492647135672025	2.4492647135672025	0.0	0	343.9151346683502	156.08486533164978	0.47699777957599565	30	2	16	11.687660538673402	0.0	0	0	2
275	1.0	62.5	[2]	{0}	2.401326632707525	1.9173782491669726	1.8547814501473896	0.0	0	19.30720987729728	480.6927901227027	0.32514561839510253	73	11	42	21.850288395091894	0.7843401806098569	0	0	11
151	1.0	62.5	[1]	{2}	1.6450601192413543	1.2809893769649128	1.2809893769649128	0.0	0	535.0700409617275	35.0700409617275	1.3764944032233706	56	10	34	25.451	0.0	0	0	12
213	1.0	62.5	[1]	{2}	0.8789864008596853	0.7228040007346792	0.7228040007346792	0.0	0	217.1784387901425	282.82156120985746	0.29277002188455997	6	2	4	2.9733568775802848	0.0	0	0	2
461	1.0	62.5	[3]	{2}	1.3857706770843186	1.089817379478128	1.1363319680228907	0.0	0	715.8783974591643	215.87839745916426	3.05085107923876	48	32	40	24.475404871143404	0.9914983012752274	0	0	32
89	1.0	62.5	[3]	{2}	1.0643217254030013	0.7868334382895572	0.8136571714271701	0.0	0	4.641294479370117	495.3587055206299	0.4700159919404217	33	3	18	8.812543300628661	0.17747713857668207	0	0	3
27	1.0	62.5	[1]	{0}	2.119294042279208	1.7503868916673029	1.7503868916673029	0.0	0	724.7175686061382	224.71756860613823	0.7171087882915773	51	3	27	20.314541882544756	0.0	0	0	3
399	1.0	62.5	[1]	{0}	1.0473956572489453	0.8791238203028217	0.8791238203028217	0.0	0	947.6171899586916	447.6171899586916	1.6627695665903162	31	7	20	12.60689058074355	0.0	0	0	9
338	1.0	62.5	[3]	{0}	1.62151670283364	1.4537697071678597	1.4584469142546324	0.0	0	589.5574102178216	89.5574102178216	6.197370574036245	79	63	71	51.855064744554475	1.9907008935985289	0	0	63
276	1.0	62.5	[1]	{1}	2.9604964340353472	2.129381145636926	2.129381145636927	0.0	0	707.3958965484053	207.3958965484053	0.39718572223585324	42	8	25	16.11306155177392	0.0	0	0	8
152	1.0	62.5	[3]	{0}	0.6380995280273528	0.5278129380268655	0.5278184308511804	0.0	0	499.83620340935886	0.16379659064114094	2.7730406938511902	20	12	16	11.344344813637438	0.42748470261291366	0	0	12
214	1.0	62.5	[3]	{2}	3.1509551818046404	2.680233748583886	2.6129201930180965	0.0	0	610.1353797130287	110.13537971302867	5.8620672207774485	131	65	98	71.09218772172183	2.608819661918046	0	0	65
462	1.0	62.5	[2]	{2}	1.27213712473678	1.0222369833987046	1.008849766408539	0.0	0	792.0367999467999	292.0367999467999	0.22226033597299083	52	8	30	20.358190401170404	0.41862206037265326	0	0	8
90	1.0	62.5	[2]	{0}	1.315550377569513	1.1347273974382759	1.1185752802796147	0.0	0	889.6994984243065	389.6994984243065	0.7897985036787898	53	19	36	19.76221705357358	0.5022477126079722	0	0	19
400	1.0	62.5	[1]	{2}	2.6794895301110135	2.15751379425375	2.15751379425375	0.0	0	985.841362271458	485.841362271458	0.041570549660527	30	0	15	7.753379565928129	0.0	0	0	0
28	1.0	62.5	[2]	{1}	1.80532375255011	1.5801298567747912	1.5460685243990113	0.0	0	305.3397466428578	194.6602533571422	0.9187643696706268	74	8	41	26.15989113250003	0.8183850106214501	0	0	8
339	1.0	62.5	[1]	{1}	3.5285386409043475	3.186910182014778	3.1869101820147776	0.0	0	334.4218269921839	165.57817300781608	0.6726727939963125	64	10	37	27.641327404882762	0.0	0	0	10
277	1.0	62.5	[1]	{2}	2.5688418246573925	2.4138178998664745	2.4138178998664745	0.0	0	138.74591421335936	361.25408578664064	0.02430950164551371	121	63	92	51.24264045077562	0.0	0	0	63
153	1.0	62.5	[3]	{0}	1.0822186427303433	1.0236116962603334	1.0076657282277184	0.0	0	711.4693720359355	211.46937203593552	4.16671608236645	52	36	44	30.91330627964064	1.6434195370596882	0	0	36
215	1.0	62.5	[1]	{2}	1.7222407105796291	1.6276454366396453	1.6276454366396453	0.0	0	14.169052010402083	485.8309479895979	1.5115710413715797	70	44	57	28.206635964592916	0.0	0	0	44
463	1.0	62.5	[1]	{0}	5.256246645800878	3.773738356853457	3.773738356853457	0.0	0	720.7414270378649	220.74142703786492	0.3872983346207417	14	4	9	6.717292864810675	0.0	0	0	4
29	1.0	62.5	[3]	{2}	0.9840558927119339	0.8583067500882774	0.829585327931673	0.0	0	989.3994375597686	489.39943755976856	0.7077329444614159	57	35	46	24.221625872250648	0.7910343435295059	0	0	35
401	1.0	62.5	[3]	{1}	2.3144078788806643	2.063392056842658	1.8718593110443273	0.0	0	889.3789174035192	389.37891740351915	0.03310121274031322	73	9	41	24.620011395297947	1.5803201687917041	0	0	9
91	1.0	62.5	[1]	{2}	5.828073283061832	4.463482084381178	4.463482084381178	0.0	0	102.79423906467856	397.20576093532145	0.18623641277839525	149	5	77	45.98486010481603	0.0	0	0	5
340	1.0	62.5	[3]	{1}	3.2486035123056394	2.9111307119321683	2.9111561443822582	0.0	0	501.54871796257794	1.548717962577939	7.398149572188475	126	94	110	83.39890256407483	3.8140496962013377	0	0	94
278	1.0	62.5	[3]	{0}	3.840926758182313	2.932716816807862	3.0421383315433532	0.0	0	200.64786332659423	299.35213667340577	0.4407864032715242	121	43	82	54.81687179959567	1.6570738591308707	0	0	43
154	1.0	62.5	[1]	{2}	2.562950064302049	1.8315769967981252	1.8315769967981252	0.0	0	553.7052280269563	53.70522802695632	1.3700337518481096	34	4	19	13.349473859865219	0.0	0	0	4
464	1.0	62.5	[3]	{0}	1.1422015441997735	0.8838699318587662	0.8746878240002809	0.0	0	145.19244525581598	354.807554744184	1.1224048408342289	30	4	17	9.61588667883724	0.17017244841674417	0	0	4
216	1.0	62.5	[1]	{2}	4.89173281860143	3.4445019466934865	3.444501946693487	0.0	0	298.0924332514405	201.90756674855947	1.1183228491057675	42	8	25	16.048016765765844	0.0	0	0	8
402	1.0	62.5	[2]	{0}	1.1226070193388828	0.9276479993003114	0.9265230980277595	0.0	0	597.0443307887763	97.04433078877628	1.7518711622298513	51	1	26	19.04526598473266	0.3768112111085481	0	0	1
30	1.0	62.5	[2]	{0}	1.8406312501185975	1.4966485910993417	1.5121703281965166	0.0	0	726.6316125169396	226.63161251693964	0.42670459765013197	73	29	51	34.000103886805476	0.6603435468814467	0	0	29
92	1.0	62.5	[1]	{0}	1.5022369676579592	1.1792337310918408	1.1792337310918408	0.0	0	297.73133574053645	202.26866425946355	1.586035315303658	39	5	22	14.693238700367509	0.0	0	0	5
341	1.0	62.5	[2]	{2}	2.111136267368475	2.001752270708964	1.9563944564031808	0.0	0	45.93826713971794	454.06173286028206	0.4578685464956301	105	71	88	46.76769097401576	1.0007198196231188	0	0	71
279	1.0	62.5	[1]	{0}	3.5070000597748328	3.0365737731007396	3.0365737731007396	0.0	0	295.30436755158007	204.69563244841993	0.23210354127426377	120	2	61	43.55178298348002	0.0	0	0	2
155	1.0	62.5	[3]	{1}	3.9098609756338725	3.466276632038708	3.492082553218432	0.0	0	711.0301430802792	211.03014308027923	6.243423744283879	170	126	148	103.67964883973818	4.5997800464411345	0	0	126
465	1.0	62.5	[1]	{0}	2.017497141673645	1.9011222204978202	1.9011222204978202	0.0	0	114.33490109629928	385.6650989037007	1.4189629776083936	77	23	50	29.243065846044573	0.0	0	0	23
217	1.0	62.5	[2]	{1}	3.9311314473432066	3.057945001178484	3.239034522729539	0.0	0	62.46096920222044	437.53903079777956	0.25737855611201993	123	77	100	53.928331105008745	1.6873507817027011	0	0	77
31	1.0	62.5	[3]	{1}	1.5937302028296179	1.140969174876889	1.2945914947688704	0.0	0	985.5408819857984	485.54088198579836	1.300671377307132	62	40	51	26.401496782695883	1.1107449431685397	0	0	40
403	1.0	62.5	[1]	{2}	2.3726624177148192	1.9604638672596826	1.9604638672596826	0.0	0	90.23118065670133	409.7688193432987	0.9764807930671371	55	1	28	17.22401069707424	0.0	0	0	1
93	1.0	62.5	[1]	{2}	2.7021638409638524	2.237371369161618	2.237371369161618	0.0	0	684.8324658349156	184.83246583491564	2.279211529192759	32	6	19	12.96650780748576	0.0	0	0	6
342	1.0	62.5	[3]	{2}	1.7225161890308298	1.4622570536358335	1.4170094995671731	0.0	0	653.1339038629085	153.13390386290848	1.7745614452538314	55	23	39	29.801259249782195	1.2964559117011119	0	0	23
280	1.0	62.5	[3]	{1}	1.7701918942519899	1.446867854055434	1.4252602193352475	0.0	0	708.6228171829134	208.62281718291342	1.7151783390347133	63	17	40	29.601017462536696	0.8845031191904658	0	0	17
156	1.0	62.5	[2]	{0}	4.64370916879342	3.856511707106072	3.798349407423209	0.0	0	291.2348620593548	208.76513794064522	0.38430141329300993	153	15	85	57.18132658562063	1.7550964145403063	0	0	17
466	1.0	62.5	[3]	{2}	1.0468310568474948	0.855301969624996	0.8652286408554437	0.0	0	660.4012667667121	160.40126676671207	2.2517050070105746	35	19	27	20.209191132633013	0.7027292747529904	0	0	19
218	1.0	62.5	[3]	{1}	1.0835827784844556	0.7925496457730827	0.8826151135917872	0.0	0	34.62448227219284	465.37551772780716	1.1861605052378226	42	32	37	18.954856879526744	0.7529571255446667	0	0	32
32	1.0	62.5	[1]	{1}	1.026660301459661	0.7605585029572907	0.7605585029572908	0.0	0	708.931730594486	208.931730594486	0.24359938288234503	12	4	8	5.967136538811029	0.0	0	0	4
404	1.0	62.5	[2]	{2}	2.4333659952578097	2.073002710913311	2.145550617966137	0.0	0	77.57843378931284	422.42156621068716	1.3662444198898975	126	82	104	59.338529643774045	1.100610525661914	0	0	82
94	1.0	62.5	[2]	{1}	3.145727211722255	2.8186157107464602	2.8692318708869604	0.0	0	800.0005024950951	300.00050249509513	0.020632815353005762	144	84	114	69.39094472553954	1.4650885162238394	0	0	84
343	1.0	62.5	[1]	{0}	1.7622499133580984	1.6122753187676522	1.6122753187676522	0.0	0	664.5466357003897	164.54663570038974	0.25686910121658724	72	24	48	34.20422784338519	0.0	0	0	24
281	1.0	62.5	[2]	{0}	1.2938272409276275	0.993396024122239	0.9908845123534256	0.0	0	397.1467479132116	102.85325208678842	0.17766726362967536	35	7	21	14.23190772287175	0.36838929109291785	0	0	7
157	1.0	62.5	[3]	{2}	1.081493398847375	0.9489971394926044	0.9424898041428849	0.0	0	189.40837564878169	310.59162435121834	1.788893610832459	44	20	32	21.298900507785383	1.0719094593487484	0	0	20
467	1.0	62.5	[3]	{0}	2.173556332281254	1.7350115418189391	1.7193232252134663	0.0	0	424.3055370170623	75.6944629829377	3.3571361614527078	65	25	45	33.10941694474406	0.9205062518644945	0	0	25
219	1.0	62.5	[2]	{2}	1.4221060312885079	1.1540981223975428	1.139659029055222	0.0	0	668.4897432569414	168.48974325694144	2.23606797749979	62	12	37	25.568571797201407	0.514303178491824	0	0	12
33	1.0	62.5	[3]	{0}	0.942524299729374	0.7617368532318168	0.7539457509207839	0.0	0	400.5439842585474	99.45601574145257	2.7227253043057367	34	20	27	20.087807889809827	0.45475737394631066	0	0	20
405	1.0	62.5	[2]	{1}	1.8950277726401972	1.5457668551191948	1.5840585914565986	0.0	0	871.8464053235948	371.8464053235948	0.18040060614705497	65	35	49	29.928297381732605	0.7395219984199484	0	0	33
344	1.0	62.5	[3]	{2}	3.4242009589309585	2.7761151096756524	2.7945670147782087	0.0	0	148.7910042051226	351.2089957948774	3.427831246761873	131	73	102	61.464116319589316	1.8638686120182155	0	0	73
95	1.0	62.5	[2]	{0}	3.560420054820113	3.021456110573679	3.0595308452964347	0.0	0	379.38675307668746	120.61324692331254	1.3918918918918919	147	39	94	66.39543167844789	1.5949970449509223	0	0	41
282	1.0	62.5	[2]	{0}	4.472336304975547	3.653084867545646	3.6646694953602768	0.0	0	490.3212003409863	9.678799659013691	7.062411203080743	151	85	118	88.47284801363948	2.6254088337556447	0	0	85
158	1.0	62.5	[2]	{0}	1.9730593925567428	1.6741984268237906	1.627311956883219	0.0	0	603.637486230582	103.637486230582	4.112422361014593	75	35	54	40.67454994492233	1.0931906665387217	0	0	33
468	1.0	62.5	[2]	{0}	0.807152923370113	0.6839922240512907	0.6927665784378417	0.0	0	618.7441274523735	118.7441274523735	0.42527015043934235	44	16	30	21.597140941143028	0.36308307108074084	0	0	16
220	1.0	62.5	[2]	{2}	2.713433392683238	2.559740959437603	2.570314626123629	0.0	0	678.3529913518578	178.35299135185778	0.9301619596535007	127	37	82	55.29258462266626	1.2728829835727034	0	0	37
34	1.0	62.5	[2]	{0}	3.0982145103160024	2.838277699484129	2.815753872675675	0.0	0	396.1703435052186	103.82965649478137	0.6131086079941069	128	28	78	54.54592404536531	1.4835771898497339	0	0	28
406	1.0	62.5	[1]	{2}	2.3478143786756895	1.8257273436887487	1.8257273436887487	0.0	0	311.53561966493726	188.46438033506274	1.1152450811996493	73	11	42	29.080427435979246	0.0	0	0	11
345	1.0	62.5	[1]	{1}	3.368156010191501	2.5455792528816046	2.545579252881604	0.0	0	320.1456507667899	179.8543492332101	1.854439906931754	39	9	24	17.1044565076679	0.0	0	0	9
96	1.0	62.5	[1]	{2}	3.9889515872467265	3.0716233669235726	3.0716233669235726	0.0	0	137.69458048045635	362.30541951954365	2.2613350843332274	32	4	18	9.871724126726388	0.0	0	0	4
283	1.0	62.5	[2]	{1}	2.98871812134633	2.569436958383595	2.589733052774073	0.0	0	1.914026914164424	498.0859730858356	0.3063788558985224	125	65	94	51.14891852993144	1.1361221670891244	0	0	63
159	1.0	62.5	[1]	{1}	2.9272241780660178	2.8690780391392146	2.8690780391392146	0.0	0	508.07645125314593	8.076451253145933	1.1618692701832056	158	14	86	64.8728102952391	0.0	0	0	14
469	1.0	62.5	[2]	{1}	1.3345528087895484	1.0535548604538774	1.0440649743073445	0.0	0	865.0429325643927	365.0429325643927	1.4710183584917749	45	17	31	18.567926685890185	0.40278520017155744	0	0	17
221	1.0	62.5	[3]	{2}	2.728434125390314	2.49049535612958	2.35304977779786	0.0	0	174.6897934935987	325.3102065064013	2.6596456722611252	100	48	74	50.87135091371832	2.876299667457262	0	0	48
35	1.0	62.5	[1]	{1}	2.420551669289078	1.878162164138732	1.878162164138732	0.0	0	515.349373454228	15.349373454228044	0.07715167498104596	20	4	12	9.459602506183089	0.0	0	0	4
407	1.0	62.5	[3]	{2}	4.124119957333682	3.3974226075404497	3.392901840377652	0.0	0	423.6433133482933	76.3566866517067	4.438095255592978	143	69	107	82.53964331334836	2.4577008896084416	0	0	71
346	1.0	62.5	[2]	{1}	1.5768476695585776	1.540010748855278	1.4215535132158548	0.0	0	11.65908039547503	488.34091960452497	0.8869685939836239	74	30	52	30.211272180564706	0.8757004540646949	0	0	30
97	1.0	62.5	[1]	{0}	4.5842664194133835	3.714576459672574	3.714576459672574	0.0	0	702.9804419726133	202.98044197261333	1.7391783521337925	75	21	48	33.65431292843819	0.0	0	0	21
284	1.0	62.5	[1]	{0}	2.6577411027753506	2.2879515421349166	2.2879515421349166	0.0	0	937.1414419729264	437.1414419729264	0.43871910716224366	85	31	58	32.549362133461976	0.0	0	0	31
470	1.0	62.5	[3]	{2}	3.4281914923222465	2.67912226390976	2.673145141444192	0.0	0	273.3735276851803	226.6264723148197	1.3230748117858233	88	14	51	37.90709702601843	0.8423865124650387	0	0	14
160	1.0	62.5	[1]	{2}	1.7817811429963872	1.4290496457405626	1.4290496457405626	0.0	0	598.1925667729229	98.19256677292287	0.8512565307587486	47	5	26	18.991614866454157	0.0	0	0	5
222	1.0	62.5	[2]	{2}	0.798707582938915	0.6426689777134134	0.6492666654686973	0.0	0	170.77876743860543	329.2212325613946	0.5196152422706631	39	5	22	12.949575348772107	0.2699531602953358	0	0	5
36	1.0	62.5	[3]	{1}	1.855758689653062	1.3657664616905327	1.45040588113504	0.0	0	108.66111144423483	391.33888855576515	0.062295019186722866	61	25	43	25.826461123436697	0.6849765583983578	0	0	25
408	1.0	62.5	[3]	{1}	3.100773206274005	2.4707047261484805	2.5266686944764087	0.0	0	646.9842912629247	146.98429126292467	3.220981720913714	106	50	78	55.99375401937963	1.9894582732519142	0	0	50
347	1.0	62.5	[1]	{2}	1.5596952265355721	1.3638729850574367	1.3638729850574367	0.0	0	847.9154328815639	347.9154328815639	0.5449492609130661	14	8	11	5.309761104065926	0.0	0	0	8
98	1.0	62.5	[1]	{2}	1.701426851065637	1.2319781573998334	1.2319781573998336	0.0	0	63.64362733438611	436.3563726656139	1.4638501094227998	9	3	6	2.9818617640063168	0.0	0	0	3
471	1.0	62.5	[3]	{2}	1.907616499674957	1.5622435359439097	1.5480224341647033	0.0	0	560.0208202376962	60.02082023769617	2.4844691329511166	73	25	49	37.499270663090044	1.1754166204736265	0	0	25
285	1.0	62.5	[2]	{0}	1.4543636459894096	1.2270690426380573	1.1737947175602645	0.0	0	908.2138785161078	408.2138785161078	1.8714552699934368	49	1	25	16.481653037097303	0.5771188079643139	0	0	1
161	1.0	62.5	[3]	{2}	3.160639566046723	2.8001357270536738	2.8143054127331455	0.0	0	902.3654479533434	402.3654479533434	2.5962660882260145	130	96	113	67.11228244443238	3.5858218659798986	0	0	96
223	1.0	62.5	[3]	{2}	2.159130210135829	1.8980323200607585	1.9134113488946904	0.0	0	30.64743778668344	469.35256221331656	0.27467909268515167	105	69	87	45.19244246072137	2.385276004997359	0	0	69
37	1.0	62.5	[2]	{0}	1.2413717595912124	1.0334033152890691	1.0254854266883138	0.0	0	473.9179436583072	26.082056341692805	3.885777233177727	63	37	50	38.15513346488402	0.708375633725183	0	0	37
409	1.0	62.5	[3]	{2}	1.2713083196183974	1.0222718880896107	1.013519376296116	0.0	0	548.2150423340499	48.21504233404994	1.2535371947896992	33	5	19	14.46564512700215	0.6618358218623965	0	0	5
348	1.0	62.5	[3]	{0}	3.3588200983328123	2.80437810993868	2.7290117137760315	0.0	0	672.9379133321345	172.93791333213449	1.7507238541830181	125	19	72	53.61424834667147	2.114973429758914	0	0	19
99	1.0	62.5	[1]	{1}	2.2548308255135616	2.0719740865369887	2.0719740865369887	0.0	0	706.3105721026659	206.3105721026659	1.0936497186402705	89	19	54	36.63768283692002	0.0	0	0	19
286	1.0	62.5	[3]	{2}	0.892394098800962	0.7036575665990781	0.7129249704499954	0.0	0	402.5063328444958	97.49366715550423	1.4836409525860617	34	12	23	16.792518998533488	0.44409164083276076	0	0	12
162	1.0	62.5	[3]	{2}	5.667477288670407	5.172967673551002	5.0263766825110725	0.0	0	335.3089063894004	164.69109361059958	7.486359846837792	196	120	157	113.78472265973504	7.096246380083844	0	0	118
472	1.0	62.5	[1]	{2}	2.433199932211479	2.1136586260631867	2.1136586260631867	0.0	0	482.8806852456182	17.119314754381776	0.4325904563487001	74	4	38	28.774	0.0	0	0	2
224	1.0	62.5	[3]	{1}	2.3676267080653814	2.3312653389161206	2.2632049154648404	0.0	0	865.2893046382815	365.28930463828146	4.057615361791014	140	110	125	77.19851605936326	4.08619830938853	0	0	110
38	1.0	62.5	[2]	{1}	3.110139347647333	2.612924535972617	2.5093679475910826	0.0	0	49.96179696172476	450.03820303827524	1.8883666411554116	99	29	64	33.29063141162695	1.1844044907116853	0	0	29
410	1.0	62.5	[1]	{0}	1.913606590448957	1.4528669276274426	1.4528669276274426	0.0	0	509.03313513845205	9.033135138452053	1.599005372667078	49	11	30	21.984734918892386	0.0	0	0	11
349	1.0	62.5	[3]	{2}	1.8981066472404762	1.5899355649511986	1.6298185710692192	0.0	0	369.6447859983891	130.35521400161088	4.726741027953786	79	51	65	45.9284092219565	1.9558650400099644	0	0	51
100	1.0	62.5	[2]	{0}	1.9343287622554166	1.4836115130460004	1.510684716056313	0.0	0	332.30463694781065	167.69536305218935	0.7462185372015077	75	3	39	28.461351006425918	0.704963099460424	0	0	3
473	1.0	62.5	[3]	{1}	2.9236518830600784	2.3008119847232016	2.299390579181783	0.0	0	777.0074536092579	277.00745360925794	3.173274968144982	101	27	64	43.56383602059633	0.8583446249666788	0	0	27
287	1.0	62.5	[2]	{0}	1.8587433073213255	1.656682599746092	1.611167314279614	0.0	0	675.720265135169	175.72026513516903	0.9667937412292078	73	3	38	25.499070455133914	0.9408169262166696	0	0	3
163	1.0	62.5	[2]	{1}	2.364157032873682	2.1441641006324588	2.135534132740557	0.0	0	371.61814351566136	128.38185648433864	0.14689595494233862	109	11	60	43.37867088875175	1.0206767028982584	0	0	11
225	1.0	62.5	[3]	{0}	0.6383298631004404	0.505115332898159	0.5053025675061711	0.0	0	830.3857618011534	330.3857618011534	0.21125363706585912	21	1	11	7.438299667391926	0.21300807657086415	0	0	1
39	1.0	62.5	[3]	{1}	1.1187145089209207	0.9174717907044225	0.9181360717341567	0.0	0	504.18427400290966	4.18427400290966	1.3436594309162688	34	6	20	14.553262903988358	0.7915581001682908	0	0	6
411	1.0	62.5	[3]	{0}	3.0219861933388334	2.3073067290346736	2.302833939295106	0.0	0	451.6348545439541	48.36514545604592	0.7304488726499313	95	9	53	40.47690456363188	0.38323396329816606	0	0	11
350	1.0	62.5	[1]	{0}	3.349846089593866	2.5822418885000964	2.582241888500096	0.0	0	63.00777988508344	436.99222011491656	0.9682818167765579	22	0	11	6.372085578735918	0.0	0	0	0
101	1.0	62.5	[2]	{0}	3.299519565102294	2.910518703725149	2.988714149505425	0.0	0	54.88232523202896	445.11767476797104	1.228222949781932	153	109	132	68.96270228016375	1.5146280150992029	0	0	111
474	1.0	62.5	[1]	{0}	1.2956055953788184	1.038867268769665	1.0388672687696652	0.0	0	560.0072704255581	60.00727042555809	0.04594768006447692	28	2	15	10.832963647872209	0.0	0	0	2
288	1.0	62.5	[1]	{1}	2.7768152116437896	2.1769674764412894	2.1769674764412894	0.0	0	366.4927480276674	133.5072519723326	0.9835184561132801	57	7	32	23.43602900788933	0.0	0	0	7
164	1.0	62.5	[1]	{0}	4.166821053610864	3.51191866098902	3.51191866098902	0.0	0	622.1870060544461	122.1870060544461	1.635915251114007	137	33	85	60.06508867911435	0.0	0	0	33
226	1.0	62.5	[3]	{0}	1.9227119223568645	1.509634304763631	1.5237556342826564	0.0	0	83.42881733551621	416.5711826644838	1.5172512257537585	74	30	52	29.981867962762713	0.6876724993056293	0	0	30
412	1.0	62.5	[1]	{0}	1.7068673809185415	1.2072230720210724	1.2072230720210724	0.0	0	620.5897051841021	120.58970518410206	0.8660254037844387	8	2	5	3.219410294815898	0.0	0	0	2
40	1.0	62.5	[2]	{0}	4.9447849856878445	3.765315102037505	3.7900089046073573	0.0	0	913.3368872571735	413.33688725717354	1.7474918641403647	135	7	71	37.36710232828373	1.3773589688183263	0	0	7
351	1.0	62.5	[1]	{0}	1.8452018450417054	1.7150660243347904	1.7150660243347904	0.0	0	915.3017234057188	415.3017234057188	0.9651956361144738	88	52	70	37.875879361599694	0.0	0	0	52
102	1.0	62.5	[1]	{1}	3.8649106132057267	2.764273686376066	2.764273686376066	0.0	0	24.58137786015868	475.4186221398413	0.4666666666666667	14	2	8	4.922651022881269	0.0	0	0	2
475	1.0	62.5	[1]	{1}	2.244834631027686	1.7554933302088478	1.7554933302088478	0.0	0	932.5295398011804	432.52953980118036	0.0	17	9	13	6.299115982584655	0.0	0	0	9
289	1.0	62.5	[1]	{0}	0.7145854395039455	0.5199205834909477	0.5199205834909477	0.0	0	432.2950330097228	67.70496699027723	0.0	3	1	2	1.835	0.0	0	0	1
227	1.0	62.5	[1]	{2}	1.9870666455455994	1.660881975438721	1.660881975438721	0.0	0	201.6601120121777	298.3398879878223	1.1078234188139946	23	1	12	8.966280896097423	0.0	0	0	1
165	1.0	62.5	[2]	{0}	2.2093865258960963	1.8361834890399724	1.7842897196036454	0.0	0	61.92008894868195	438.07991105131805	0.012373054103598746	70	20	45	23.783404002690688	0.7980537703264992	0	0	20
41	1.0	62.5	[1]	{2}	2.1064458771494516	1.846287372010541	1.846287372010541	0.0	0	195.59105671942237	304.40894328057766	1.6209527560173242	55	19	37	24.897776417985558	0.0	0	0	19
413	1.0	62.5	[2]	{1}	1.8810991910340507	1.5889401616874075	1.595261597925182	0.0	0	307.74251208640635	192.25748791359365	0.5078568223783148	84	18	51	33.78544299554267	0.6875920546046949	0	0	18
352	1.0	62.5	[1]	{2}	2.122975303892876	1.605419155919114	1.6054191559191142	0.0	0	220.22709902375937	279.77290097624063	0.3859224924939799	46	2	24	15.616816792190075	0.0	0	0	2
103	1.0	62.5	[1]	{0}	1.7479425699376254	1.7243999906215015	1.7243999906215015	0.0	0	347.08256856538355	152.91743143461645	0.22359006714641613	72	10	41	29.16139448839612	0.0	0	0	10
290	1.0	62.5	[3]	{2}	2.8081223834036466	2.3077513660751023	2.3379878639449543	0.0	0	607.8463371377438	107.84633713774383	3.742194942611321	86	48	67	52.123919594382876	2.135535090633793	0	0	48
476	1.0	62.5	[3]	{1}	5.0859444321239655	3.9228167065106376	4.060953337441657	0.0	0	693.2566387113184	193.25663871131837	4.407699675784809	166	80	123	84.09083176118696	2.6867434738817897	0	0	80
228	1.0	62.5	[3]	{0}	2.7496669301337193	2.485929216043871	2.4255016964778457	0.0	0	252.1830974146724	247.8169025853276	5.35587334620169	112	72	92	61.54095770175754	3.149851369753784	0	0	72
166	1.0	62.5	[1]	{1}	0.8287560765492895	0.5726972358528132	0.5726972358528133	0.0	0	731.4028763212264	231.40287632122636	nan	3	1	2	1.6231942473575471	0.0	0	0	1
42	1.0	62.5	[3]	{0}	2.4864437063161544	1.9262994233984259	1.9776215534022328	0.0	0	178.75375878065825	321.24624121934175	0.6547224332385704	84	36	60	39.58365786878763	1.0620696617088614	0	0	36
414	1.0	62.5	[2]	{0}	2.1127969651621776	1.7365895322599472	1.835886747272745	0.0	0	855.0467828754336	355.04678287543356	0.33177269350739785	84	54	69	39.65295911309682	1.059161873359828	0	0	54
353	1.0	62.5	[3]	{0}	2.096760066478213	1.8153028739968973	1.7285034500910812	0.0	0	51.373884780332446	448.62611521966755	0.8161440022698815	66	26	46	25.487703160773965	1.4409455147821837	0	0	26
291	1.0	62.5	[3]	{0}	2.614364198363095	2.2783121850901624	2.284297382255108	0.0	0	530.0454094540328	30.04540945403278	5.994899377156534	106	74	90	68.08772853528707	2.7873989136148776	0	0	74
477	1.0	62.5	[1]	{2}	2.4474234530176187	1.8653146576089341	1.8653146576089341	0.0	0	294.03809225186706	205.96190774813294	0.17266236697725335	32	4	18	13.883771446488797	0.0	0	0	4
104	1.0	62.5	[1]	{2}	2.969343024105439	2.2528311637511447	2.2528311637511447	0.0	0	609.9908736068755	109.99087360687554	nan	0	0	0	0.0	0.0	0	0	0
229	1.0	62.5	[1]	{0}	5.54563103503496	4.018325852799136	4.018325852799136	0.0	0	863.8806445524096	363.88064455240965	0.15075567228888181	32	6	19	12.596312909923494	0.0	0	0	6
167	1.0	62.5	[1]	{1}	2.0756880653250693	1.4746669673042145	1.4746669673042145	0.0	0	550.2340137027204	50.234013702720404	nan	0	0	0	0.0	0.0	0	0	0
43	1.0	62.5	[1]	{0}	1.8838975086295289	1.713002400228869	1.713002400228869	0.0	0	511.68526196852326	11.685261968523264	0.790277206784084	81	5	43	32.28186845078692	0.0	0	0	5
415	1.0	62.5	[3]	{2}	1.2487260184893	1.004570081783794	1.0369673340799028	0.0	0	322.0374137163162	177.96258628368378	2.317626379526023	45	25	35	25.66663603317738	0.9854278610702549	0	0	25
354	1.0	62.5	[1]	{0}	1.3102886928462985	1.1283899483182331	1.1283899483182331	0.0	0	818.7811328098178	318.7811328098178	0.8153846153846154	38	14	26	14.037377343803644	0.0	0	0	14
292	1.0	62.5	[3]	{0}	2.663440604644788	2.0643959722808525	2.2070021233104278	0.0	0	210.12906706891957	289.87093293108046	3.6268577294907165	103	71	87	56.28613122534193	2.167337660062885	0	0	71
105	1.0	62.5	[3]	{0}	0.915508684013983	0.8203091382953646	0.7951881530792948	0.0	0	881.0090133920312	381.0090133920312	0.8570304922075047	42	26	34	23.48180170537532	0.934385905164724	0	0	26
478	1.0	62.5	[2]	{1}	2.366858207274177	1.8467559177381794	1.9817357407015124	0.0	0	816.87549687922	316.87549687922	0.032319077704247974	110	54	82	50.16471124342085	1.224277797007983	0	0	54
230	1.0	62.5	[1]	{2}	3.400164083395658	3.066985052634759	3.066985052634759	0.0	0	953.640334540978	453.64033454097796	1.5256039901197307	112	4	58	34.89042193478719	0.0	0	0	4
168	1.0	62.5	[1]	{0}	1.7506121278827014	1.4574315443548744	1.4574315443548742	0.0	0	132.08348955959082	367.9165104404092	nan	2	2	2	0.9431669791191816	0.0	0	0	2
416	1.0	62.5	[3]	{0}	4.404168604982083	3.832329894010744	4.001240598955754	0.0	0	839.1257126349956	339.1257126349956	5.126074233481541	174	144	159	100.74603449535557	6.0829901245192834	0	0	144
44	1.0	62.5	[2]	{1}	2.05015064270729	1.8266438039084227	1.7008046629830127	0.0	0	845.8805782720447	345.88057827204466	1.507271578811577	71	1	36	26.515433060735464	1.039551853879345	0	0	1
355	1.0	62.5	[3]	{1}	0.5195065952942961	0.44961527299732484	0.44272856715185915	0.0	0	570.106660714373	70.10666071437299	2.343379732657209	34	18	26	20.63685328571498	0.5230207992761757	0	0	18
293	1.0	62.5	[1]	{2}	1.774975869556601	1.3712340722309935	1.3712340722309933	0.0	0	587.6185067463666	87.61850674636662	0.5410017808004594	40	10	25	18.6894334392827	0.0	0	0	10
106	1.0	62.5	[2]	{1}	1.2356957736506773	1.0179796967087575	1.0201913598938528	0.0	0	422.1065051387996	77.8934948612004	0.27816023595065076	52	10	31	22.89166262846999	0.43073689910539026	0	0	10
231	1.0	62.5	[3]	{0}	2.533022694309079	2.063230690066474	2.0464268658727685	0.0	0	918.5180210042744	418.5180210042744	1.0483451169074827	85	21	53	27.29661697079056	1.2134295392312882	0	0	21
479	1.0	62.5	[1]	{2}	2.8968215218724422	2.029727372801746	2.029727372801746	0.0	0	666.9575721025467	166.9575721025467	0.15075567228888181	32	0	16	11.045339423179627	0.0	0	0	0
169	1.0	62.5	[3]	{2}	2.157072876576657	1.8538829814408992	1.8518958161962464	0.0	0	615.9263325389475	115.92633253894746	6.317132717316779	95	75	85	63.095810342071594	1.889870891009537	0	0	75
417	1.0	62.5	[3]	{2}	2.1764407061781093	1.7070297046197358	1.7006078993058003	0.0	0	446.5766055509448	53.423394449055195	2.211129211306383	62	16	39	30.25027018334717	0.666424821871427	0	0	16
45	1.0	62.5	[2]	{0}	2.520933071634679	2.081582555090487	2.1219462762259664	0.0	0	225.51386174745855	274.4861382525414	0.42294469946982843	113	45	78	50.78385942834243	1.008531687703477	0	0	43
356	1.0	62.5	[1]	{2}	2.4508130219132482	2.027191859647248	2.027191859647248	0.0	0	859.4347424805164	359.43474248051643	0.8320502943378436	12	8	10	5.702391545116901	0.0	0	0	8
107	1.0	62.5	[3]	{1}	2.172632764801134	1.8476467515601516	1.9023108361056393	0.0	0	624.4027428328991	124.4027428328991	5.830364817480858	90	62	76	56.6001122293472	2.6221023131509584	0	0	62
294	1.0	62.5	[1]	{0}	3.2872634432659624	2.437010489847721	2.437010489847721	0.0	0	538.5878700762987	38.587870076298714	1.358927647129392	28	10	19	14.829587870076297	0.0	0	0	10
232	1.0	62.5	[3]	{0}	2.891999843911785	2.275249037794974	2.249296892745844	0.0	0	626.6901576891541	126.69015768915415	1.9144082141822392	78	12	45	31.561027950040994	0.8472234440886076	0	0	12
480	1.0	62.5	[1]	{2}	5.0584779972355385	4.055306032894674	4.055306032894674	0.0	0	704.8448524437845	204.84485244378448	0.29277002188455997	13	1	7	5.224465442668647	0.0	0	0	1
170	1.0	62.5	[2]	{2}	1.9832955139187671	1.5557388191407422	1.5484666640705775	0.0	0	630.1565738394856	130.15657383948565	0.6531591807690417	66	16	41	28.939459358654915	0.6126912680349914	0	0	16
418	1.0	62.5	[2]	{1}	0.8333390753508335	0.7033545351357111	0.7100299587855531	0.0	0	916.5906039997936	416.59060399979364	0.2277100170213244	26	14	20	11.394187920004129	0.3093843630467752	0	0	14
46	1.0	62.5	[2]	{2}	3.571815197567494	2.7308858822676383	2.868172260419322	0.0	0	847.6658568251878	347.6658568251878	1.2336703520402759	113	67	90	52.94606316763536	1.477144904997275	0	0	67
357	1.0	62.5	[2]	{1}	3.005334692847996	2.5657705968017734	2.512215139910875	0.0	0	983.8222286198288	483.8222286198288	0.5367291215503918	113	45	79	40.12168839627318	1.1202402208349804	0	0	45
108	1.0	62.5	[1]	{1}	4.232633269550255	2.9551107691458087	2.9551107691458087	0.0	0	766.9756324030459	266.9756324030459	1.3727030725871479	29	9	19	12.812219308372585	0.0	0	0	9
295	1.0	62.5	[1]	{1}	0.8950800207938822	0.6946223991246763	0.6946223991246763	0.0	0	791.2444612011313	291.24446120113134	nan	1	1	1	0.9617555387988687	0.0	0	0	1
233	1.0	62.5	[1]	{1}	2.2663822023829288	1.596824059935329	1.596824059935329	0.0	0	807.0545834489167	307.0545834489167	0.12909944487358055	14	2	8	6.434890833102166	0.0	0	0	2
481	1.0	62.5	[1]	{1}	1.7872203597557894	1.6380905302307214	1.6380905302307214	0.0	0	410.6176756322384	89.38232436776161	0.16381273202031815	82	14	48	30.94947167402505	0.0	0	0	14
171	1.0	62.5	[1]	{0}	1.9828921245876434	1.7396255735127468	1.7396255735127468	0.0	0	641.3816690910608	141.38166909106076	1.800297594446937	53	7	30	20.186893294543033	0.0	0	0	7
419	1.0	62.5	[1]	{0}	2.565198322929074	2.032666508456589	2.0326665084565887	0.0	0	523.2366998679936	23.236699867993593	2.5171936231175653	12	6	9	6.847763300132006	0.0	0	0	6
47	1.0	62.5	[3]	{1}	1.4023234664030224	1.074637971125623	1.0664133541326102	0.0	0	749.0845234133303	249.08452341333032	1.3651399127027382	38	2	20	13.402323812693355	0.15038541649878173	0	0	2
358	1.0	62.5	[1]	{1}	2.1922791148439087	1.7371371422770139	1.7371371422770139	0.0	0	34.47202779352665	465.52797220647335	0.9333333333333333	35	7	21	10.518968528077007	0.0	0	0	7
109	1.0	62.5	[2]	{2}	2.0952206823110258	1.8353043793625998	1.792947128873197	0.0	0	372.3137998022139	127.68620019778609	2.6270969169600744	91	1	46	34.286606802769	1.0770660617018044	0	0	1
296	1.0	62.5	[2]	{0}	2.185222081696573	1.8643399528729756	1.9027413471058623	0.0	0	309.5703443977982	190.42965560220182	1.3170484796483555	100	44	72	48.10607997507229	1.0117868923152922	0	0	44
234	1.0	62.5	[2]	{0}	3.1381753173296407	2.894466574089799	2.838817016544638	0.0	0	707.143401959911	207.143401959911	2.104174231139393	128	42	85	54.00709763732738	1.5383816877084588	0	0	42
482	1.0	62.5	[1]	{2}	4.417967022018203	4.298987021827228	4.298987021827228	0.0	0	26.096352143213156	473.90364785678685	1.1491963165243106	47	3	26	14.156927042864265	0.0	0	0	5
172	1.0	62.5	[1]	{0}	1.7351532177831417	1.4385822394909586	1.4385822394909586	0.0	0	227.27652918547392	272.7234708145261	0.573043085970312	36	6	21	14.20004182104021	0.0	0	0	6
420	1.0	62.5	[3]	{2}	3.2754574484527277	2.617743848205633	2.5878397142010834	0.0	0	363.6756932828576	136.3243067171424	1.0115126765082296	107	23	65	48.57954094550573	1.2693332729069773	0	0	23
48	1.0	62.5	[3]	{1}	1.6519805814021837	1.3559746759545794	1.3562513033564851	0.0	0	497.8916251566261	2.1083748433738947	2.250606634736762	55	23	39	29.44902462640964	1.069331028060259	0	0	23
359	1.0	62.5	[2]	{2}	1.01986347270494	0.8045014684625307	0.8192007788022229	0.0	0	664.6437223535031	164.6437223535031	0.2330206912141852	25	5	15	11.395493943525478	0.3985485493120394	0	0	5
110	1.0	62.5	[2]	{2}	1.155693918442617	0.9489864136097321	0.9746601948419524	0.0	0	423.7360688857734	76.26393111422658	3.759302188063161	50	30	40	30.09672137771547	0.7334570573738999	0	0	30
297	1.0	62.5	[2]	{1}	1.7532656792443673	1.4094247983800647	1.4457900860914321	0.0	0	366.3740525953472	133.62594740465278	2.941264096057785	74	40	57	41.82458805121852	0.8412996590595531	0	0	40
235	1.0	62.5	[3]	{0}	1.711141047483556	1.4770681549736853	1.5171469401603608	0.0	0	68.39994061738253	431.6000593826175	3.4124774204384334	83	73	78	39.63419596198203	1.9631901716742985	0	0	73
483	1.0	62.5	[2]	{0}	1.756465519017678	1.4623242396592386	1.4550807162941133	0.0	0	533.6899447720498	33.689944772049785	0.3268695241087095	73	7	40	28.852681546382605	0.7918534551360707	0	0	7
173	1.0	62.5	[2]	{0}	1.817117328915926	1.3918304958438241	1.3846803402400418	0.0	0	282.2386415209621	217.76135847903788	0.8078794989860582	46	4	25	15.931579622814432	0.5089564985151981	0	0	4
421	1.0	62.5	[1]	{0}	3.089754723665135	2.6812737770089528	2.6812737770089528	0.0	0	878.6928176414222	378.69281764142215	0.2727723627949905	74	18	46	29.038444200191652	0.0	0	0	18
49	1.0	62.5	[2]	{0}	2.2287792682488528	1.8154214138181695	1.7351534420184123	0.0	0	76.47949666716158	423.5205033328384	1.6827815887134823	78	22	50	29.630220873352147	0.8102893944195467	0	0	22
360	1.0	62.5	[2]	{2}	1.6621815924985943	1.4630541309440752	1.4818742186347342	0.0	0	590.6176962889731	90.6176962889731	2.44525991793359	68	18	43	32.23179298535363	0.858470093547802	0	0	18
298	1.0	62.5	[3]	{2}	2.87542564115614	2.3684937268767956	2.2384697888952454	0.0	0	927.9303196817636	427.93031968176365	0.5606853672761333	96	12	54	33.46892657336592	0.9590481789641152	0	0	12
111	1.0	62.5	[2]	{2}	1.0336802374002019	0.7540612174733696	0.8729293030372978	0.0	0	49.13953738287091	450.8604626171291	0.9616783115081544	43	31	37	19.03760473363474	0.6197363555127957	0	0	31
236	1.0	62.5	[1]	{2}	1.9871927012301644	1.4950071222473982	1.4950071222473982	0.0	0	963.29116076231	463.29116076231	0.0520265981714472	34	6	20	10.86275910627842	0.0	0	0	6
484	1.0	62.5	[3]	{1}	2.288358478493978	1.827852318753735	1.8497811383728404	0.0	0	547.9449660051614	47.944966005161405	2.741990227053589	82	30	56	41.9899906119071	1.5254730439756434	0	0	30
174	1.0	62.5	[1]	{2}	1.8372204502153604	1.437215113577134	1.4372151135771345	0.0	0	736.0124047845602	236.0124047845602	0.5570860145311556	28	6	17	11.498863547369837	0.0	0	0	6
422	1.0	62.5	[1]	{2}	0.529844530692483	0.4887397675361457	0.4887397675361457	0.0	0	134.2946521472186	365.7053478527814	nan	2	2	2	0.8145893042944371	0.0	0	0	2
50	1.0	62.5	[1]	{1}	1.2983343909005713	1.1157085262399444	1.1157085262399444	0.0	0	543.9506007824093	43.95060078240931	2.4471222401148083	47	15	31	23.976555407041683	0.0	0	0	15
361	1.0	62.5	[1]	{2}	1.7560217039010961	1.214812352040923	1.214812352040923	0.0	0	87.27748831734061	412.7225116826594	nan	3	1	2	0.7685549766346813	0.0	0	0	1
112	1.0	62.5	[3]	{2}	1.0070908573131787	0.7911935880892718	0.7858235345163591	0.0	0	445.3048284631223	54.695171536877695	1.2262786789699316	37	1	19	13.029914485389366	0.34222462473129617	0	0	1
299	1.0	62.5	[2]	{1}	2.87316932367966	2.145845268844866	2.4185250820416586	0.0	0	54.88777789287269	445.1122221071273	0.5821075083485483	135	83	109	60.27876779032316	1.594549554828478	0	0	83
237	1.0	62.5	[1]	{2}	4.0297447363253145	2.9242350931718644	2.9242350931718644	0.0	0	299.0144854411483	200.98551455885172	0.8292279828967711	29	1	15	10.890101398088037	0.0	0	0	1
485	1.0	62.5	[1]	{1}	1.7817962489561698	1.524992253214254	1.524992253214254	0.0	0	963.8565485365688	463.85654853656877	0.8213423005076353	89	39	64	34.0081808936596	0.0	0	0	39
175	1.0	62.5	[3]	{2}	1.437600740216586	1.1541665605764384	1.1782338694963803	0.0	0	102.77592111378908	397.2240788862109	1.0863303725410423	61	23	42	24.906829475641256	0.8608552609213131	0	0	23
423	1.0	62.5	[1]	{0}	2.040101242339273	1.5281889988438326	1.5281889988438326	0.0	0	500.5980976857245	0.5980976857244968	1.7980898017019393	37	11	24	16.660999999999998	0.0	0	0	11
51	1.0	62.5	[2]	{0}	3.4610665142053145	3.2619359243538484	3.275139187132509	0.0	0	601.1938841547817	101.1938841547817	1.8090814791701308	180	50	115	81.05864216374789	1.6750808385575784	0	0	50
362	1.0	62.5	[1]	{0}	2.0985079731611673	1.6696353753256843	1.6696353753256847	0.0	0	258.330384735018	241.66961526498199	1.5714285714285714	13	5	9	6.698330384735017	0.0	0	0	5
113	1.0	62.5	[3]	{1}	2.8016892031301763	2.5192455038038304	2.4883872909311506	0.0	0	854.7032340429723	354.7032340429723	2.2689332231281054	99	57	79	47.855322127636526	3.1839603782474306	0	0	59
238	1.0	62.5	[1]	{0}	1.4899162994471946	1.0484828289348695	1.0484828289348695	0.0	0	575.1102427020669	75.1102427020669	0.06388765649999399	14	2	8	6.392	0.0	0	0	2
300	1.0	62.5	[2]	{2}	2.670176475889563	2.3595743265823055	2.4299234825360414	0.0	0	669.8680683039129	169.86806830391288	4.169845607167295	116	50	83	55.1003116968535	1.5089752101312992	0	0	50
486	1.0	62.5	[1]	{1}	1.1595285271409634	1.0932231520730211	1.0932231520730211	0.0	0	926.5998816117644	426.59988161176443	1.6748715787172475	76	60	68	34.55520805040002	0.0	0	0	60
176	1.0	62.5	[2]	{0}	2.631426166785453	2.352331077727485	2.363952443857316	0.0	0	457.1610405109823	42.838959489017725	1.4654620252222235	119	21	70	53.67876370146125	1.3195196685871675	0	0	21
424	1.0	62.5	[1]	{0}	0.8845841851962681	0.7345923778281048	0.7345923778281048	0.0	0	166.2506212014705	333.7493787985295	0.9108536674831182	38	10	24	17.924511181626468	0.0	0	0	10
52	1.0	62.5	[1]	{0}	2.75449582484957	2.0166540410885876	2.0166540410885876	0.0	0	363.29406197182834	136.70593802817166	0.19466570535691505	37	1	19	13.0690584338028	0.0	0	0	1
363	1.0	62.5	[2]	{1}	2.0951269009475473	1.9274527582067646	1.9340097954839788	0.0	0	330.2596309222281	169.7403690777719	0.8852550313826153	95	29	62	40.546539331644766	0.9250761495336658	0	0	29
114	1.0	62.5	[1]	{0}	0.829276088171045	0.6588171469238118	0.6588171469238118	0.0	0	617.2208213247359	117.22082132473588	0.7507759960689286	22	2	12	9.725675072051585	0.0	0	0	2
301	1.0	62.5	[1]	{0}	1.6863037706924648	1.4623371498073603	1.46233714980736	0.0	0	116.58138316124678	383.4186168387532	0.36288884205540367	83	15	49	30.704836709611122	0.0	0	0	15
239	1.0	62.5	[2]	{2}	6.556151515840988	5.66409567515142	5.4733396550255655	0.0	0	280.05673410370946	219.94326589629054	2.4904052875185942	197	3	100	76.79943265896289	3.062560376260752	0	0	3
487	1.0	62.5	[2]	{0}	2.9363142499212502	2.2948856488955105	2.4541421131050374	0.0	0	767.1477298717946	267.1477298717946	3.493951615860243	107	61	84	56.02543166743592	1.5821213067496833	0	0	61
177	1.0	62.5	[1]	{1}	2.5960672218737715	1.915944963037366	1.9159449630373662	0.0	0	453.08329025283456	46.91670974716544	0.8346248495316817	41	3	22	17.785000000000004	0.0	0	0	3
425	1.0	62.5	[1]	{0}	2.368705906645883	2.110858052153737	2.110858052153737	0.0	0	696.7111392877996	196.7111392877996	0.04478321049441996	90	4	48	32.147088099941605	0.0	0	0	6
53	1.0	62.5	[1]	{0}	2.5319813236511797	1.950737667432171	1.950737667432171	0.0	0	892.755376175046	392.75537617504597	1.0734900802433864	17	1	9	5.7052016144245865	0.0	0	0	1
364	1.0	62.5	[1]	{0}	3.472629475759292	2.6914188455423256	2.6914188455423256	0.0	0	571.6051501221955	71.60515012219548	0.5392724001936029	67	1	34	24.45036909926683	0.0	0	0	1
115	1.0	62.5	[3]	{1}	1.0572266432721027	0.9334595696768642	0.9382002650400674	0.0	0	363.6373751796782	136.3626248203218	3.6283153617997934	44	30	37	26.9327363766171	1.1970076179069535	0	0	30
488	1.0	62.5	[3]	{0}	1.4034992904572667	1.1565303312247923	1.159547955183345	0.0	0	474.5982957538217	25.401704246178326	1.2457900444101548	57	13	35	26.205794887261472	0.9741840207985687	0	0	13
302	1.0	62.5	[3]	{2}	2.8943924959404375	2.3577157057054805	2.3627692780531917	0.0	0	572.1301564481109	72.13015644811094	1.9331427042500082	113	31	72	56.324958748415106	1.6058611008093466	0	0	31
240	1.0	62.5	[3]	{2}	1.9902221238203546	1.5632762486200316	1.563845301607258	0.0	0	688.9854075852782	188.98540758527815	1.1338934190276817	85	9	46	34.99217510897667	0.5724407647844596	0	0	7
178	1.0	62.5	[1]	{0}	3.2738271484067942	2.631453175735744	2.631453175735744	0.0	0	252.74935457855463	247.25064542144537	1.4924050144892729	10	4	7	5.020250645421445	0.0	0	0	4
426	1.0	62.5	[1]	{2}	1.1371779314283814	0.8279414937335886	0.8279414937335885	0.0	0	92.2088830266148	407.7911169733852	0.4856618642571827	18	2	10	5.849253298159688	0.0	0	0	2
54	1.0	62.5	[1]	{1}	2.4542496203196085	2.042577366254055	2.042577366254055	0.0	0	794.4180001504719	294.4180001504719	nan	1	1	1	0.4535819998495281	0.0	0	0	1
365	1.0	62.5	[2]	{2}	1.1957076090996956	0.9858545942599228	0.9542237110228293	0.0	0	716.6030940134078	216.60309401340783	1.5281350660083097	42	0	21	13.338541213745254	0.502401445778397	0	0	0
116	1.0	62.5	[2]	{1}	1.7713047838021123	1.6205979229430252	1.4949913531483174	0.0	0	84.33770574629307	415.66229425370693	1.0234618597699456	70	12	41	25.670495112612844	0.911523141845662	0	0	12
489	1.0	62.5	[3]	{2}	2.260315509095633	2.1111489138485	1.9567968561305489	0.0	0	945.4940494615583	445.49404946155835	0.24745921125725193	103	41	72	41.021357032306504	2.4389556876786074	0	0	41
303	1.0	62.5	[1]	{0}	3.8703177919168814	2.8367707785786607	2.8367707785786607	0.0	0	790.1352914050221	290.13529140502214	1.2909944487358056	14	2	8	3.8621882515698673	0.0	0	0	2
241	1.0	62.5	[2]	{1}	1.7515235022202535	1.3580756870203436	1.4105724906758956	0.0	0	29.922403628006577	470.0775963719934	1.5648555304085514	72	22	47	26.35935297051631	0.6464876287872856	0	0	22
179	1.0	62.5	[1]	{2}	3.2901993801351375	2.6609838549642877	2.6609838549642877	0.0	0	352.16248827055097	147.83751172944903	nan	0	0	0	0.0	0.0	0	0	0
427	1.0	62.5	[2]	{0}	2.734610342189781	2.3296230396578963	2.35775147565018	0.0	0	431.447088252753	68.55291174724698	1.61176804078242	102	16	59	44.083648088846374	1.4007634635986983	0	0	16
55	1.0	62.5	[1]	{0}	2.048149196858761	1.9388567128621073	1.9388567128621073	0.0	0	245.04321906715631	254.95678093284369	0.14413916504926377	103	45	74	46.94602533470095	0.0	0	0	45
366	1.0	62.5	[1]	{2}	2.438290038083226	2.125033487192955	2.1250334871929546	0.0	0	130.69610833190382	369.3038916680962	0.40146252773099655	90	32	61	36.598678174918504	0.0	0	0	32
117	1.0	62.5	[2]	{0}	1.6397808915764807	1.4101587730045324	1.4343560747529431	0.0	0	400.1345569267869	99.8654430732131	2.357781399310586	67	23	45	33.215902150876815	0.8567646766009411	0	0	23
490	1.0	62.5	[2]	{2}	1.7597646549059947	1.443910077022195	1.442217314207382	0.0	0	410.13496834784746	89.86503165215254	0.3607042096811741	61	13	37	25.893104272000492	0.5811717109361052	0	0	13
304	1.0	62.5	[1]	{1}	2.553215687062341	2.2972556679282032	2.2972556679282032	0.0	0	370.5691993236542	129.43080067634583	1.2857142857142858	13	1	7	4.174707597970962	0.0	0	0	1
242	1.0	62.5	[2]	{1}	2.739344300027505	2.278836626572531	2.3329999179816507	0.0	0	738.8276471756399	238.82764717563987	0.0703679195413668	109	33	71	46.31251352228597	1.1901159646011257	0	0	33
180	1.0	62.5	[2]	{0}	1.2250553398773694	0.9556399016124468	0.9552645228455927	0.0	0	506.3495743088424	6.349574308842421	1.1755076272905174	37	5	21	14.963853831220417	0.4018555825407133	0	0	5
428	1.0	62.5	[3]	{2}	3.048226946911829	2.842905651678155	2.9007341461634337	0.0	0	80.1571193151176	419.8428806848824	5.6759529114751786	155	143	149	87.04938295986875	5.054249906530042	0	0	143
56	1.0	62.5	[2]	{1}	1.6709097045194787	1.2991523269068874	1.3137569628960004	0.0	0	389.0114175155759	110.98858248442411	1.3508445418405017	46	12	29	20.78023976782709	0.609888942922929	0	0	12
367	1.0	62.5	[3]	{1}	2.149705210765208	1.8517871826852488	1.883523919397004	0.0	0	93.21164479479194	406.78835520520806	3.1305134012252913	89	71	80	43.614545266866664	2.247977900843256	0	0	71
118	1.0	62.5	[2]	{1}	0.9258710041255842	0.742277384852579	0.7545661167608718	0.0	0	941.725380718708	441.72538071870804	0.4345240946267408	32	18	25	13.567865482032298	0.3194504603413125	0	0	18
491	1.0	62.5	[1]	{2}	3.6191487959288935	3.2744965497059706	3.2744965497059706	0.0	0	370.24641456082463	129.75358543917537	0.4434783149974933	124	6	65	47.120667534898956	0.0	0	0	6
243	1.0	62.5	[3]	{0}	2.982356450161542	2.7952745763867224	2.758374848688632	0.0	0	604.9846578389406	104.98465783894062	7.681295945277211	137	101	119	87.76886192055042	4.524337423015652	0	0	101
305	1.0	62.5	[2]	{1}	0.985694082290232	0.7610780909618393	0.775643388558459	0.0	0	829.7587069682777	329.7587069682777	0.34542463985387867	27	3	15	8.75813680941239	0.32696590924395974	0	0	3
181	1.0	62.5	[2]	{1}	1.9934229698935446	1.7634785234101211	1.7528846656139916	0.0	0	564.294402487576	64.29440248757601	1.5110453065848277	84	2	43	32.743715282090015	0.9209442553836661	0	0	2
429	1.0	62.5	[1]	{2}	2.977161506451444	2.2877855903101536	2.2877855903101536	0.0	0	519.9241570662707	19.92415706627071	0.816496580927726	73	11	42	31.49384831413255	0.0	0	0	11
57	1.0	62.5	[1]	{2}	1.7693004537697488	1.281219029457064	1.2812190294570638	0.0	0	842.0238397084177	342.02383970841765	0.7453559924999299	8	0	4	2.704	0.0	0	0	0
368	1.0	62.5	[2]	{2}	2.419823445045366	2.3771200420955503	2.2456031716065334	0.0	0	79.0691978763789	420.9308021236211	1.0711778962513503	112	50	81	44.766605027986685	1.3481344202931478	0	0	50
119	1.0	62.5	[3]	{2}	1.5792010117971491	1.4766910487093774	1.3389076429405027	0.0	0	969.4656205829232	469.4656205829232	0.17716821076742256	52	8	30	14.599031382512306	1.5295449466062085	0	0	8
492	1.0	62.5	[3]	{0}	4.03950057457249	3.4589310036918803	3.447538171940269	0.0	0	650.4985995125026	150.49859951250255	4.919191834533576	164	90	127	96.16656582291235	3.4190025112721387	0	0	90
306	1.0	62.5	[3]	{1}	2.2561552249355357	1.8342609556548837	1.9548760199202375	0.0	0	802.0624744240195	302.06247442401946	4.801912666691244	88	68	78	51.189001227647076	2.5013818359534348	0	0	68
244	1.0	62.5	[1]	{0}	7.170115387384422	5.444142108725244	5.444142108725244	0.0	0	999.4940785691142	499.4940785691142	0.6943650748294136	15	1	8	3.4830473714470864	0.0	0	0	1
182	1.0	62.5	[1]	{0}	2.2308596892822647	2.029186758844226	2.029186758844226	0.0	0	345.6492547411472	154.35074525885278	0.13875401668929802	75	1	38	28.863194037929173	0.0	0	0	1
430	1.0	62.5	[1]	{0}	1.3476599693357403	1.0104226201066258	1.0104226201066258	0.0	0	98.48688542842864	401.51311457157135	1.9451830310337002	33	7	20	13.284842625141144	0.0	0	0	7
58	1.0	62.5	[2]	{1}	5.6007383905981625	4.344741670416795	4.339812474326422	0.0	0	443.78948071971536	56.21051928028464	1.745501373956792	154	16	85	64.39063155784086	1.6271349807494835	0	0	16
120	1.0	62.5	[1]	{2}	1.2294241088230364	0.898926270965392	0.898926270965392	0.0	0	832.3714644648135	332.37146446481347	0.28867513459481287	17	1	9	5.600142677675932	0.0	0	0	1
369	1.0	62.5	[1]	{2}	3.967282223631463	3.0328530306884147	3.0328530306884147	0.0	0	436.41440849751234	63.58559150248766	0.30295571856695414	76	4	40	28.950972901970147	0.0	0	0	4
493	1.0	62.5	[1]	{0}	2.8775177195137585	2.2362113912709836	2.2362113912709836	0.0	0	487.5985430553556	12.401456944644394	0.7635417155709333	37	1	19	14.148204370833932	0.0	0	0	1
307	1.0	62.5	[1]	{2}	2.000610777864505	1.3957412915544247	1.3957412915544247	0.0	0	399.6754731051624	100.32452689483762	0.18257418583505536	11	3	7	5.784675473105162	0.0	0	0	3
245	1.0	62.5	[1]	{1}	2.3064812410189224	1.9622437513509503	1.9622437513509503	0.0	0	366.605946328491	133.39405367150903	0.3333333333333333	8	2	5	4.284394053671509	0.0	0	0	2
183	1.0	62.5	[2]	{0}	1.1481543744022238	0.9210276513138757	0.9450581433093154	0.0	0	147.83693570643663	352.16306429356337	0.47555635434073024	49	17	33	20.062597264073798	0.43921778850754833	0	0	17
431	1.0	62.5	[1]	{1}	0.707392631123506	0.48414922578644676	0.4841492257864467	0.0	0	508.7750945240259	8.775094524025917	nan	4	2	3	1.8616747164279224	0.0	0	0	2
59	1.0	62.5	[3]	{2}	1.2779122964659904	1.058600308855339	1.0444149929245718	0.0	0	435.3046612814069	64.69533871859312	1.4470236870972113	56	16	36	28.05739067743719	0.9071095027596514	0	0	16
121	1.0	62.5	[3]	{2}	1.0572902299684226	0.8439057696083306	0.8631277466423953	0.0	0	319.6436776779592	180.3563223220408	2.0410081542498273	44	26	35	24.935942520525305	0.667858376611113	0	0	26
370	1.0	62.5	[1]	{1}	4.489988738381878	4.2550354999888675	4.2550354999888675	0.0	0	304.77391998283565	195.22608001716435	0.7433919416750281	27	1	14	10.592904320068657	0.0	0	0	1
494	1.0	62.5	[1]	{2}	0.8884050000441561	0.774011629051613	0.774011629051613	0.0	0	312.5042386818677	187.49576131813228	0.3595732599803958	29	3	16	10.544042386818678	0.0	0	0	3
308	1.0	62.5	[2]	{2}	3.45036804163463	2.656474606179592	2.656298168547722	0.0	0	494.8849193751812	5.115080624818802	0.731728779895322	116	8	62	46.59492064499855	0.9656077647056952	0	0	8
246	1.0	62.5	[1]	{2}	4.716054032358221	3.7174263736903597	3.7174263736903597	0.0	0	245.65209704451263	254.34790295548737	0.23509001112729025	64	2	33	23.570085649756717	0.0	0	0	2
184	1.0	62.5	[3]	{1}	2.0084220153568966	1.7635274969405408	1.728911676545277	0.0	0	671.0607570130378	171.0607570130378	4.551807044287033	107	63	85	64.07648107467405	1.9831211191583864	0	0	63
432	1.0	62.5	[1]	{1}	4.120411947875611	3.0355999605763238	3.0355999605763238	0.0	0	931.4778847619892	431.47788476198923	0.3396831102433787	12	4	8	5.470132691428065	0.0	0	0	4
60	1.0	62.5	[2]	{0}	3.3004056749726693	2.794014729954662	2.6903900749840792	0.0	0	332.5671979691833	167.43280203081667	3.607320954574574	113	19	66	47.803806375630195	1.659090186703064	0	0	19
122	1.0	62.5	[2]	{1}	2.715567705641149	2.4927003557922944	2.4196545617254346	0.0	0	161.06729512102902	338.932704878971	1.1961312849908181	113	37	75	45.477047134077175	1.2773878101327971	0	0	37
371	1.0	62.5	[3]	{1}	3.577051782580971	3.039133146307573	3.2518639062531376	0.0	0	946.4257969520986	446.4257969520986	2.1337586072425476	166	150	158	79.88727886328098	5.029120418305995	0	0	150
495	1.0	62.5	[1]	{1}	1.4541691393880605	1.2271052756959062	1.2271052756959062	0.0	0	400.6064855493605	99.39351445063949	0.44539933408304444	37	1	19	14.373884312141687	0.0	0	0	1
309	1.0	62.5	[1]	{2}	3.6858523795456883	3.0547235388653378	3.0547235388653378	0.0	0	207.827003672719	292.172996327281	0.2734817064582438	37	1	19	12.96644303305447	0.0	0	0	1
247	1.0	62.5	[1]	{2}	2.765288232350386	1.932467147870045	1.932467147870045	0.0	0	811.4581094123423	311.4581094123423	0.5449492609130661	14	2	8	3.7883351247012613	0.0	0	0	2
185	1.0	62.5	[3]	{0}	2.1390841504833054	1.9153250829387922	1.8991770624851059	0.0	0	123.64556244574489	376.3544375542551	2.359337982584258	98	62	80	45.54360712141917	2.4018180140240135	0	0	62
433	1.0	62.5	[2]	{1}	1.297388025438809	0.9470256363848462	1.0520101107076822	0.0	0	105.2685019094497	394.7314980905503	0.05838742081211422	59	27	43	25.462008578287445	0.6692803669424432	0	0	27
61	1.0	62.5	[2]	{1}	1.419036030029125	1.1615611712575944	1.1386669346376046	0.0	0	622.8001501876861	122.80015018768609	1.7697785184300479	56	14	35	24.424798648310833	0.6155838432367227	0	0	14
123	1.0	62.5	[1]	{2}	4.186762856222734	2.9039271149404833	2.9039271149404833	0.0	0	947.0464796759188	447.0464796759188	0.5	7	3	5	2.560767601620406	0.0	0	0	3
