iter	recomb_rate	mut_rate	recomb_type	recomb_node	ARG_length_1	ARG_length_2	ARG_length_3	ARG_length_4	root_height_change	bp	bp_pos_deviation	rank_stat	info_sites_global	confounding_info_sites	consistent_info_sites	weighted_consistent_info_sites	rf_dist	no_neu_recurr_mut	no_adv_recurr_mut	info_sites_imbalance
62	1.0	75.0	[3]	set()	2.5752661030374435	2.4077820725295083	2.398410345382385	0.0	0	[322.58563907817006]	0.6288030992101469	0	0	0	0	0	0.0805	0.25	0	0
248	1.0	75.0	[2]	set()	4.805865531043275	4.1137151205265585	4.113390133416268	0.0	0	[407.3375826701522]	0.6758748576049138	0	0	0	0	0	0.125	0.25	0	0
372	1.0	75.0	[2]	set()	5.362079645094638	4.802290938894395	4.702955181588618	0.0	0	[180.7911833748221]	0.47259107765493974	0	0	0	0	0	0.0	0.0	0	0
0	1.0	75.0	[3]	set()	2.8998512781403076	2.800509037422249	2.806154459145933	0.0	0	[233.36015222594145]	0.5433046826539578	0	0	0	0	0	0.375	0.75	0	0
124	1.0	75.0	[3, 2]	set()	4.6210004966103995	4.07338384931831	4.0800278251122215	0.0	0	[171.55803740024567, 611.0401493497193]	1.031038810949395	0	0	0	0	0	0.04275	0.25	0	0
186	1.0	75.0	[3, 3, 3]	set()	3.822503356015408	3.4024063263214983	3.2126301241309005	0.0	0	[204.3629645824142, 284.18832388706505, 762.3693428467959]	1.2205608030141273	0	0	0	0	0	0.20149999999999998	1.25	0	0
496	1.0	75.0	[3, 3]	set()	3.848917200515718	3.3634453912805187	3.3301715390297923	0.0	0	[162.60733525268734, 638.9588741585612]	1.0164401160426224	0	0	0	0	0	0.20475	0.625	0	0
310	1.0	75.0	[3, 3, 3, 2]	set()	4.905924274521811	3.675035174518751	3.9590905807754124	0.0	0	[168.4947870671749, 686.1855033785105, 692.2409625765869, 962.5562601722776]	1.1484406940022331	0	0	0	0	0	0.18725	0.875	0	0
434	1.0	75.0	[3, 3]	set()	3.8627540139248864	3.6443472938024715	3.65472723856526	0.0	0	[187.11120858399696, 611.4374077878892]	1.0446715670544013	0	0	0	0	0	0.22475	0.75	0	0
497	1.0	75.0	[3, 2]	set()	3.4757037460524303	2.9737611837286804	3.0759694329148286	0.0	0	[18.64448538981378, 164.79309112764895]	0.5057096663354225	0	0	0	0	0	0.00225	0.125	0	0
311	1.0	75.0	[2]	set()	1.9075522055510519	1.877608035717684	1.8755814774061295	0.0	0	[698.3048878610134]	0.612293732838282	0	0	0	0	0	0.0	0.0	0	0
63	1.0	75.0	[2]	set()	5.553412989135211	5.378977139031928	5.284727774812128	0.0	0	[935.5176829267292]	0.23912666613928854	0	0	0	0	0	0.0	0.0	0	0
187	1.0	75.0	[3, 3]	set()	2.7861045233829533	2.2813643616954593	2.3050836202710276	0.0	0	[593.8663952983916, 835.8064095955342]	0.9494430923996635	0	0	0	0	0	0.22675	0.875	0	0
1	1.0	75.0	[2, 2, 3]	set()	3.926609266632266	3.435176646711839	3.191066094492273	0.0	0	[124.80095701922124, 773.6855205148458, 981.6410345956684]	0.9403303321952026	0	0	0	0	0	0.0	0.0	0	0
373	1.0	75.0	[3, 2, 2]	set()	4.535947377504763	3.5384181676386004	3.782108245277421	0.0	0	[206.8927651271224, 438.52107445167695, 554.0590486489236]	1.2742323046722017	0	0	0	0	0	0.3015	1.25	0	0
249	1.0	75.0	[2, 3, 2]	set()	4.999413551511867	4.2309205568329675	4.35782007413288	0.0	0	[583.1123143434525, 650.7294680923223, 974.5866690847652]	0.955133517917802	0	0	0	0	0	0.08750000000000001	0.5	0	0
125	1.0	75.0	[3, 2, 3, 3]	set()	5.11390875573906	3.538529475754445	3.8946341221426715	0.0	0	[12.232546461746097, 155.1251503927667, 596.9619716051966, 689.1254540532827]	1.2757379781732425	0	0	0	0	0	0.264625	1.625	0	0
435	1.0	75.0	[3, 3, 3, 3, 3, 2]	set()	6.859038278817247	5.119782718045225	5.461564000984221	0.0	0	[146.0888976568171, 184.96767804026604, 251.86016473810912, 369.3438779888969, 506.63677928969264, 555.9930341186363]	1.6213750465688117	0	0	0	0	0	0.224625	2.375	0	0
2	1.0	75.0	[2, 2]	set()	2.170848333941549	1.9148922918382407	1.9338358148564119	0.0	0	[119.01451600715518, 905.047292355448]	0.6661206976843201	0	0	0	0	0	0.125	0.375	0	0
374	1.0	75.0	[2]	set()	3.5622439573086835	3.2381095437545735	3.2034502601589363	0.0	0	[233.53415355086327]	0.5435115611703295	0	0	0	0	0	0.125	0.25	0	0
64	1.0	75.0	[2, 2]	set()	7.045460291635482	5.6781272552973245	6.120190852124852	0.0	0	[89.43868955492773, 526.0997880250216]	0.9316285394661816	0	0	0	0	0	0.0	0.0	0	0
250	1.0	75.0	[3, 3, 3]	set()	8.405003611923917	5.821960250392979	6.522772546579485	0.0	0	[688.1473273970187, 965.1201020460576, 987.1728622995612]	0.7527780075211724	0	0	0	0	0	0.090375	0.375	0	0
498	1.0	75.0	[2, 2, 2, 2, 3]	set()	4.228617175309508	3.3829536771097555	3.615602291438287	0.0	0	[353.60546177253127, 690.6138095073402, 699.5363207533956, 706.625211627121, 902.195697883144]	1.3578494179941678	0	0	0	0	0	0.03675	0.375	0	0
188	1.0	75.0	[3, 3, 2, 3, 3, 3]	set()	5.510985335616493	3.870382584954779	4.019041539491978	0.0	0	[3.0723311775764373, 188.86887095868587, 598.1930575799197, 646.8966146931052, 702.4552433573094, 768.0702027606986]	1.5215371483394762	0	0	0	0	0	0.2955	2.0	0	0
436	1.0	75.0	[3, 3, 3, 3]	set()	4.964133728982504	3.9127753624016455	4.064423332556186	0.0	0	[98.58071585474804, 313.5543704359547, 547.126570250839, 901.0228719562292]	1.4950724999462228	0	0	0	0	0	0.305875	2.0	0	0
375	1.0	75.0	[3]	set()	3.3230774577482394	3.2455449294714733	3.228341268830184	0.0	0	[244.226629845798]	0.5559031020387445	0	0	0	0	0	0.1555	0.375	0	0
126	1.0	75.0	[2, 2, 3, 3]	set()	9.086772493284284	6.54209725926184	7.193463360335273	0.0	0	[191.6860397793476, 193.83437186479568, 837.3516937717795, 867.3608440440148]	0.9866764159257476	0	0	0	0	0	0.03325	0.25	0	0
312	1.0	75.0	[3, 3, 3, 3, 3, 3, 2, 3]	set()	11.685315759250049	8.597560736588374	8.858466785836995	0.0	0	[93.66789858532964, 170.6121706492203, 229.2168454732746, 293.3756167865642, 332.62187926713074, 340.51631476371915, 521.5885141428755, 870.6604471005526]	1.8682601507564018	0	0	0	0	0	0.15750000000000003	2.25	0	0
3	1.0	75.0	[3, 3, 3, 3]	set()	3.7258343338742517	2.8444612008825256	2.822365389859658	0.0	0	[242.1414122214504, 552.433243644658, 671.3119917318542, 857.0980555377901]	1.550436954467783	0	0	0	0	0	0.39337500000000003	1.875	0	0
499	1.0	75.0	[2]	set()	4.093896012526451	3.4096669736684846	3.410119995710394	0.0	0	[491.8457921594381]	0.6930141924535478	0	0	0	0	0	0.0	0.0	0	0
189	1.0	75.0	[3, 2]	set()	3.665801838418032	3.0418423745586107	2.989089680116991	0.0	0	[280.5734071880579, 836.3579784054309]	0.9792441934803134	0	0	0	0	0	0.035	0.125	0	0
251	1.0	75.0	[2, 3, 3]	set()	2.835216978837541	2.3707991161803625	2.3734508133446135	0.0	0	[412.8600520281642, 710.3452058508992, 860.6746317818761]	1.2853691244835004	0	0	0	0	0	0.195	1.0	0	0
437	1.0	75.0	[3]	set()	3.8292071433887056	3.4950739828613138	3.4799331639649136	0.0	0	[604.2773085646331]	0.6712392064248666	0	0	0	0	0	0.25	0.5	0	0
127	1.0	75.0	[3, 3]	set()	3.787263920518634	3.5690156177246672	3.519237300201273	0.0	0	[182.42441141046584, 575.2049200236797]	1.0411231366904379	0	0	0	0	0	0.35225	1.0	0	0
376	1.0	75.0	[3]	set()	5.271956379818921	4.641562816500585	4.824630400722482	0.0	0	[213.6931982822716]	0.5188089498824825	0	0	0	0	0	0.026625	0.125	0	0
65	1.0	75.0	[2, 3, 2, 3, 2, 2, 3]	set()	14.577770823175067	8.314828472892502	8.75915959169434	0.0	0	[56.24138014150759, 123.49484954029322, 223.07597193866968, 323.9805372431874, 556.1075946316123, 619.9093698680391, 622.2274480387568]	1.700956512538496	0	0	0	0	0	0.140375	1.25	0	0
313	1.0	75.0	[3, 2]	set()	4.768124307211187	4.441051798250613	4.450443848267909	0.0	0	[171.95446323603392, 416.39770567417145]	0.9613856319609028	0	0	0	0	0	0.25	0.75	0	0
4	1.0	75.0	[3, 3, 3]	set()	5.413076587902316	4.2773272627540475	4.380502016519935	0.0	0	[21.16574766114354, 193.92742499042544, 682.4779640883207]	1.0991626844546816	0	0	0	0	0	0.066375	0.375	0	0
190	1.0	75.0	[3]	set()	3.9980588039705003	3.959303759066997	3.9355814984249653	0.0	0	[14.730471652001144]	0.07675217036753111	0	0	0	0	0	0.00175	0.125	0	0
252	1.0	75.0	[3, 3]	set()	2.5309819587387326	2.2085279014723467	2.198122010210291	0.0	0	[306.6359614022076, 354.43984041921794]	0.7903482621427437	0	0	0	0	0	0.41925	1.375	0	0
438	1.0	75.0	[2, 2, 3, 2]	set()	4.3470760332945675	3.4661657940882726	3.5589624264783613	0.0	0	[26.06978766619772, 68.39463691548875, 200.3270536661148, 782.5750883203]	1.1428307874097392	0	0	0	0	0	0.025	0.375	0	0
128	1.0	75.0	[3]	set()	3.4870643412141282	3.3704176414681886	3.34825317662889	0.0	0	[335.1919299457222]	0.6377946841311297	0	0	0	0	0	0.08375	0.25	0	0
5	1.0	75.0	[3]	set()	2.1094974546181584	1.8107529002077305	1.8177901489653288	0.0	0	[821.3640197645873]	0.4693188437129091	0	0	0	0	0	0.125	0.25	0	0
377	1.0	75.0	[3, 2]	set()	5.033079317758872	3.9831440634384476	4.296870321574664	0.0	0	[17.48770867716143, 900.6261352915317]	0.4099512604056017	0	0	0	0	0	0.125	0.375	0	0
191	1.0	75.0	[3]	set()	2.7186527134339595	2.5098186997129512	2.5465905853409487	0.0	0	[867.1005479991436]	0.39186151189973495	0	0	0	0	0	0.03325	0.25	0	0
253	1.0	75.0	[3]	set()	4.139079403996393	3.6899421897873332	3.723265197499456	0.0	0	[442.1565893571824]	0.6864404533925768	0	0	0	0	0	0.0	0.0	0	0
66	1.0	75.0	[3]	set()	3.944151518312659	3.605654676180447	3.6274410921562694	0.0	0	[420.2268626540899]	0.6803651197881831	0	0	0	0	0	0.19749999999999998	0.375	0	0
314	1.0	75.0	[3, 3]	set()	4.625980326768833	4.242304620512079	4.027088522907604	0.0	0	[134.25844605080783, 911.7734532337636]	0.6794534896896833	0	0	0	0	0	0.125	0.375	0	0
129	1.0	75.0	[2]	set()	4.069850485687726	3.958670173323701	3.95526783583436	0.0	0	[866.2596410140395]	0.393435622505604	0	0	0	0	0	0.0	0.0	0	0
439	1.0	75.0	[3, 2, 2, 2]	set()	6.296366142810278	5.122599181983299	5.227076319333186	0.0	0	[230.77900893986225, 394.6006728801876, 610.3281050454825, 980.5636871606112]	1.4100722150365022	0	0	0	0	0	0.02875	0.125	0	0
192	1.0	75.0	[3]	set()	4.811882376337344	3.9213465742421447	3.9877167084124765	0.0	0	[411.0940007958561]	0.6772542519887467	0	0	0	0	0	0.125	0.25	0	0
6	1.0	75.0	[3, 3, 2]	set()	2.934830927141464	2.3607865176140974	2.4271088273916037	0.0	0	[472.7610448953358, 778.4678912721574, 819.866515692329]	1.1570713874723726	0	0	0	0	0	0.25	1.0	0	0
378	1.0	75.0	[2, 3, 2]	set()	4.725927390141097	3.7302138204397677	3.825620333370907	0.0	0	[54.82111498713493, 96.09502600505948, 688.5521898511797]	0.9641932902204815	0	0	0	0	0	0.0	0.0	0	0
67	1.0	75.0	[3, 2]	set()	4.25271261560274	3.658317374758135	3.7192285711643587	0.0	0	[175.19402224570513, 745.2138187363744]	0.9739397275934899	0	0	0	0	0	0.12499999999999999	0.375	0	0
315	1.0	75.0	[3]	set()	3.4429982245361277	3.3391058106333302	3.3415066638675768	0.0	0	[381.7315893247724]	0.6649054634387042	0	0	0	0	0	0.172625	0.375	0	0
130	1.0	75.0	[2]	set()	3.704521181781165	3.423742248481461	3.354923200824281	0.0	0	[754.4494410976768]	0.5573939295572068	0	0	0	0	0	0.0	0.0	0	0
440	1.0	75.0	[2, 2]	set()	3.371310041535448	2.6999209226639174	2.8458212677197925	0.0	0	[910.7776046730578, 914.5661995280534]	0.31641071352742944	0	0	0	0	0	0.0	0.0	0	0
254	1.0	75.0	[2, 3, 3, 3, 3, 3, 3, 2]	set()	7.910278862449713	5.6414543265616635	5.459914947557899	0.0	0	[68.41379149200655, 311.6004027765017, 364.1277019290601, 571.949482211572, 664.3105760119221, 692.8998548537493, 813.721928834306, 918.1033524073508]	2.026403414812172	0	0	0	0	0	0.47774999999999995	4.375	0	0
379	1.0	75.0	[2, 3]	set()	3.2918467431903244	2.853883713084183	2.837264709236958	0.0	0	[583.5270994027231, 649.4965646415949]	0.8611298968980763	0	0	0	0	0	0.043875	0.125	0	0
193	1.0	75.0	[3]	set()	5.198979729672922	4.958871130708809	4.932062673246097	0.0	0	[336.2013194710016]	0.6384836241433522	0	0	0	0	0	0.126	0.375	0	0
7	1.0	75.0	[3, 2, 2, 3]	set()	4.7014402196408795	3.9742563376586117	4.0725634532039585	0.0	0	[20.60789430300769, 466.9073820114136, 567.1601505018771, 781.3057750463486]	1.333100282061529	0	0	0	0	0	0.102625	0.75	0	0
316	1.0	75.0	[2, 3, 3]	set()	3.243512272631709	2.804436438666129	2.81616850440372	0.0	0	[252.6080487295985, 282.7136148698628, 378.1697836238891]	0.9726878078713809	0	0	0	0	0	0.14825	0.625	0	0
68	1.0	75.0	[3, 3]	set()	4.470705310980804	4.00189727881898	4.077807676266715	0.0	0	[926.3035210315138, 977.8619683347642]	0.30814047506720393	0	0	0	0	0	0.14	0.875	0	0
131	1.0	75.0	[3]	set()	2.841362064334628	2.613852178924467	2.6135301438040752	0.0	0	[495.1174482703209]	0.6930995011793801	0	0	0	0	0	0.188125	0.375	0	0
441	1.0	75.0	[2, 3]	set()	3.213892669447483	2.571664768109434	2.692739767220695	0.0	0	[31.922147376462817, 820.5860150046647]	0.6054389762014565	0	0	0	0	0	0.125	0.375	0	0
194	1.0	75.0	[3, 3, 3, 3]	set()	4.070540434377303	2.778140901576281	3.1212709502703637	0.0	0	[114.3502499884682, 665.7043503467415, 703.1838516704738, 714.9415833409876]	1.1093208376410253	0	0	0	0	0	0.057499999999999996	0.625	0	0
69	1.0	75.0	[3, 2, 3]	set()	2.1259497080970373	1.861110376706701	1.8844469723362036	0.0	0	[696.0691078566015, 877.9812469147146, 911.371983587742]	0.8904945837991964	0	0	0	0	0	0.09825	1.0	0	0
255	1.0	75.0	[2, 3, 2, 2, 3, 2]	set()	7.680847806414567	4.443593345242421	5.181256753264874	0.0	0	[470.070725074038, 548.9870370365679, 635.8409228538662, 698.1270019896328, 701.2732895091176, 883.1848874863217]	1.5193464418481004	0	0	0	0	0	0.162375	1.125	0	0
380	1.0	75.0	[3, 3, 3, 2]	set()	7.617090986184158	6.074009002093289	6.326604764352178	0.0	0	[261.7363315075636, 536.7677970900781, 780.9373727068305, 943.458372272516]	1.507842376741817	0	0	0	0	0	0.18725000000000003	1.0	0	0
317	1.0	75.0	[2, 2, 2, 3]	set()	8.79146072039368	6.586742435464409	6.97931106421694	0.0	0	[194.51121939346197, 225.9485237300396, 411.2715816590935, 862.9914093762636]	1.3709349334785208	0	0	0	0	0	0.01725	0.125	0	0
132	1.0	75.0	[3]	set()	2.884171309298552	2.4570023300308175	2.5247588567159327	0.0	0	[68.1213652715087]	0.248752168654933	0	0	0	0	0	0.017	0.25	0	0
8	1.0	75.0	[3, 2, 3]	set()	6.72675359389851	5.1297307365719735	5.563549046891187	0.0	0	[65.52820652723312, 151.6656270250678, 894.1197983290716]	0.8486219379702375	0	0	0	0	0	0.133125	0.625	0	0
70	1.0	75.0	[3, 3]	set()	2.774220822575916	2.3547529277242685	2.2933213363356773	0.0	0	[226.08130821026865, 999.4540174957364]	0.5390055992080262	0	0	0	0	0	0.028625	0.5	0	0
442	1.0	75.0	[3, 3, 2]	set()	8.940129944564804	7.118867542080601	7.447405827031675	0.0	0	[136.03311870247126, 205.34057170152664, 954.932649852708]	0.8121049031642732	0	0	0	0	0	0.150625	0.75	0	0
195	1.0	75.0	[3]	set()	6.485041088018166	6.251085519488463	6.248119841193413	0.0	0	[670.1394044794142]	0.6340798675921802	0	0	0	0	0	0.25	0.5	0	0
256	1.0	75.0	[3, 2]	set()	3.7593894722358123	3.207292176290253	3.287083862360873	0.0	0	[521.6307498048991, 782.7090783016413]	1.0217845643539665	0	0	0	0	0	0.059875	0.25	0	0
381	1.0	75.0	[3, 2]	set()	3.9745952067206374	3.003950154587365	3.183283556643924	0.0	0	[32.23023004829884, 74.3801484350115]	0.31571737752183027	0	0	0	0	0	0.129	0.5	0	0
9	1.0	75.0	[3, 2]	set()	2.818437517053833	2.633017407986776	2.627782500948832	0.0	0	[297.2478065639734, 764.0347117558122]	1.0570050757619134	0	0	0	0	0	0.037125	0.125	0	0
318	1.0	75.0	[3, 3, 2, 2, 3]	set()	5.511475796271153	4.4574140808343845	4.6056481305145915	0.0	0	[2.324253523425579, 357.51732349897526, 498.5370654975548, 739.1569131038444, 754.4120454695076]	1.409402237565479	0	0	0	0	0	0.37525	2.375	0	0
133	1.0	75.0	[2, 3, 3, 3, 3]	set()	5.223393177174341	3.6343726098945206	3.7338084828700433	0.0	0	[102.31069680670625, 197.42789299624187, 479.89077380231794, 484.0842697139647, 562.6668524928391]	1.3986507606556122	0	0	0	0	0	0.3185	1.5	0	0
196	1.0	75.0	[3, 3]	set()	3.744971419137781	3.3432622168446464	3.382553216476647	0.0	0	[244.67462953180075, 340.6345844268799]	0.8439833712874479	0	0	0	0	0	0.4575	1.25	0	0
257	1.0	75.0	[3, 3]	set()	4.169704810590794	3.744669501636883	3.7010164976147206	0.0	0	[1.968219876289368, 26.782713610167264]	0.130406545090681	0	0	0	0	0	0.125	0.375	0	0
71	1.0	75.0	[3, 3, 3, 2, 3]	set()	8.199135131103985	6.1365156150836615	6.1251540506571	0.0	0	[564.9185942020267, 651.973677933956, 653.9742415770888, 827.957026893273, 848.1063428334892]	1.2167529354555313	0	0	0	0	0	0.187875	1.5	0	0
134	1.0	75.0	[3]	set()	2.9316821077344164	2.8568668534865367	2.8472417974992057	0.0	0	[254.6024899929762]	0.5673352375537817	0	0	0	0	0	0.25	0.5	0	0
10	1.0	75.0	[3, 3, 2]	set()	5.3853035940138225	4.368026801004946	4.523570847871247	0.0	0	[279.0949021000415, 282.47265000924403, 701.2892890254059]	1.1008345457176956	0	0	0	0	0	0.07087500000000001	0.625	0	0
319	1.0	75.0	[3]	set()	2.5630615077558825	2.445376715341083	2.4231682498842777	0.0	0	[156.71509131789207]	0.43418238308931006	0	0	0	0	0	0.0585	0.375	0	0
443	1.0	75.0	[2, 2, 2, 3]	set()	9.802463423530984	7.26637827761919	7.518943303020955	0.0	0	[446.2751599862932, 777.568877087323, 860.0020228302036, 898.4320554882288]	1.2893231345050002	0	0	0	0	0	0.13775	0.75	0	0
382	1.0	75.0	[2, 3, 3, 3]	set()	7.896755690524433	6.143666692559614	6.396142446586937	0.0	0	[549.6653479485353, 717.3944152891636, 926.5998743940144, 935.4469017125666]	1.174416857558826	0	0	0	0	0	0.058625	0.625	0	0
197	1.0	75.0	[3, 2, 3, 3]	set()	4.881557080010083	3.767241615261594	3.752408298265324	0.0	0	[217.86559692503448, 622.0266575384219, 671.369095974748, 863.5983937419951]	1.4353482848928163	0	0	0	0	0	0.232875	1.125	0	0
258	1.0	75.0	[3]	set()	4.981120654536959	4.56318792410357	4.590771503108314	0.0	0	[456.3180152326822]	0.6893260795506155	0	0	0	0	0	0.057	0.125	0	0
11	1.0	75.0	[3, 2, 3]	set()	6.503710358493194	5.5916940911465165	5.605885237480576	0.0	0	[63.644956797361374, 352.5330136337117, 450.85497526451945]	1.0912349227007083	0	0	0	0	0	0.367125	1.375	0	0
320	1.0	75.0	[3, 3, 3]	set()	5.487611614638127	4.15109539743041	4.0130374490079	0.0	0	[165.60128517448902, 193.09403840452435, 198.8422814756632]	0.6038530088098076	0	0	0	0	0	0.02125	0.25	0	0
72	1.0	75.0	[3, 2, 3, 3, 3, 3]	set()	6.64758970755452	4.535415490223206	4.708600866881691	0.0	0	[108.52633323520422, 145.3826949358945, 402.27845899922255, 571.2886467534793, 784.841493004933, 913.0499249914608]	1.8176922414595615	0	0	0	0	0	0.34937500000000005	2.75	0	0
135	1.0	75.0	[3, 3, 3]	set()	8.223243915967611	7.43626552996598	7.52349415263645	0.0	0	[490.830202688155, 844.6405190043151, 853.4861470106989]	1.0401300002554532	0	0	0	0	0	0.08075	0.375	0	0
444	1.0	75.0	[2, 3, 2]	set()	5.861915351527567	4.71151157812192	4.737375217756104	0.0	0	[68.74685548245907, 529.3892917688936, 713.8913010712713]	1.2109744614791755	0	0	0	0	0	0.058875	0.25	0	0
383	1.0	75.0	[2, 3]	set()	4.3123867697071185	3.556085213281327	3.566468207414114	0.0	0	[274.1143498569727, 916.5471612941474]	0.8462864834074333	0	0	0	0	0	0.0105	0.125	0	0
259	1.0	75.0	[2, 2]	set()	2.8786629142613376	2.664627381582702	2.6556321206778053	0.0	0	[119.77818422019482, 541.0778014920652]	0.9758017954307723	0	0	0	0	0	0.0	0.0	0	0
12	1.0	75.0	[2]	set()	5.157422792842571	4.256715342324231	4.2564820216555255	0.0	0	[494.9949013534933]	0.6930970776982516	0	0	0	0	0	0.125	0.25	0	0
321	1.0	75.0	[3, 2]	set()	6.061045188413157	5.200373179169951	5.258749118315357	0.0	0	[669.7052679955959, 747.5262673106045]	0.8147173633149547	0	0	0	0	0	0.0	0.0	0	0
445	1.0	75.0	[3]	set()	3.040598826153818	2.880694631554282	2.88129099421194	0.0	0	[376.7219437286258]	0.6624365294673987	0	0	0	0	0	0.21899999999999997	0.5	0	0
198	1.0	75.0	[3, 2, 3, 3, 2]	set()	7.244355880925394	5.3957399312982774	5.642475359498785	0.0	0	[221.485311165452, 447.27127973343215, 471.351420298415, 583.1061261461952, 749.6868539601564]	1.649763205564478	0	0	0	0	0	0.402625	2.375	0	0
73	1.0	75.0	[3, 3, 3, 3]	set()	5.47817513609449	4.4303419818021395	4.636258104238125	0.0	0	[94.1453070845455, 239.10174435145717, 681.8816680461168, 822.1222243743034]	1.445762209978445	0	0	0	0	0	0.290875	1.75	0	0
136	1.0	75.0	[3, 3, 2]	set()	9.501014066790002	7.746560980838612	8.011505671132245	0.0	0	[904.774708673358, 947.0723522827028, 956.34129550308]	0.40442815310101665	0	0	0	0	0	0.006625	0.25	0	0
384	1.0	75.0	[2]	set()	4.393422510086689	3.8400478536741725	4.028605439406448	0.0	0	[17.87257194519043]	0.08963984937923132	0	0	0	0	0	0.0	0.0	0	0
260	1.0	75.0	[3]	set()	5.402192351872437	5.213847629116805	4.988356893306481	0.0	0	[132.9088977072388]	0.39187922752152127	0	0	0	0	0	0.0	0.0	0	0
13	1.0	75.0	[2]	set()	3.819006114788259	3.658547449529199	3.672164964373696	0.0	0	[920.6886964384466]	0.2770841054191887	0	0	0	0	0	0.125	0.25	0	0
446	1.0	75.0	[2]	set()	5.508308384123418	5.1498849148739865	5.118089460263868	0.0	0	[167.18538757413626]	0.45139509010642004	0	0	0	0	0	0.0	0.0	0	0
199	1.0	75.0	[2, 3]	set()	2.7495040997331697	2.510682028919153	2.5300655611676173	0.0	0	[193.2955477386713, 411.84217389673]	0.9622146753667514	0	0	0	0	0	0.073625	0.125	0	0
322	1.0	75.0	[3, 2, 3]	set()	7.656266005996556	6.3485795662191915	6.494802737470065	0.0	0	[396.97345113381743, 604.1139720473439, 783.571665873751]	1.3323893909631006	0	0	0	0	0	0.24999999999999997	1.0	0	0
385	1.0	75.0	[3, 3]	set()	5.511287556428404	5.34181288918425	5.2794388075198215	0.0	0	[4.411285890085992, 972.3633811809124]	0.15463094353462858	0	0	0	0	0	0.019500000000000003	1.125	0	0
74	1.0	75.0	[3, 3, 2, 3]	set()	6.525202325155846	5.187245187325405	5.2029908890116685	0.0	0	[34.82471941970289, 503.264510538429, 912.7107197565896, 981.1492329463364]	1.0961765470376597	0	0	0	0	0	0.318	2.0	0	0
261	1.0	75.0	[3, 3, 3, 3]	set()	4.850414131451632	3.57542973137588	3.6641321983263526	0.0	0	[390.3980567120016, 688.1786447438509, 792.6347588654608, 914.6086354739964]	1.4306330036655495	0	0	0	0	0	0.2875	1.5	0	0
14	1.0	75.0	[3]	set()	3.536545992287955	3.2782449489811407	3.2894692245899293	0.0	0	[612.5810043886304]	0.6675795600297082	0	0	0	0	0	0.0485	0.125	0	0
137	1.0	75.0	[3, 3, 3, 2]	set()	10.34659131814582	7.424909110305226	7.51867642142942	0.0	0	[85.52903775125742, 285.94313468784094, 349.78137219337043, 444.3488262746408]	1.2576320986199263	0	0	0	0	0	0.033	0.25	0	0
447	1.0	75.0	[3]	set()	2.397365496616071	2.3172093893524726	2.3006378723488923	0.0	0	[750.7521407678723]	0.5615073239427624	0	0	0	0	0	0.09375	0.375	0	0
200	1.0	75.0	[3]	set()	5.441075617826897	4.399487909248964	4.727935935778793	0.0	0	[199.10950539633632]	0.499165455060975	0	0	0	0	0	0.074625	0.375	0	0
323	1.0	75.0	[3, 3, 2, 3]	set()	5.78321955367611	4.3736581682351	4.447319237117252	0.0	0	[562.6816772855818, 697.6385789457709, 721.6315905097872, 929.079354275018]	1.1973098828590398	0	0	0	0	0	0.07725	0.75	0	0
386	1.0	75.0	[2, 2]	set()	3.8139408731942637	3.28573715342119	3.411552788901311	0.0	0	[187.5197829212993, 952.1817001514136]	0.6644433499543242	0	0	0	0	0	0.0	0.0	0	0
75	1.0	75.0	[3]	set()	2.8287953647605346	2.8021657520325736	2.7573595437593683	0.0	0	[984.0832736808808]	0.08169074873587676	0	0	0	0	0	0.006	0.375	0	0
262	1.0	75.0	[2, 3]	set()	3.3491862680421547	2.845304044923899	2.8483712380936055	0.0	0	[239.52151811681688, 907.189623452723]	0.8326455435324598	0	0	0	0	0	0.136625	0.5	0	0
15	1.0	75.0	[3, 2, 3, 3, 2]	set()	4.711989894844292	3.320010721061013	3.3253938068627966	0.0	0	[102.38506202585997, 153.41659006662667, 329.2365251109004, 476.8721744874695, 992.0881902319868]	1.3531904933861931	0	0	0	0	0	0.27437500000000004	1.375	0	0
448	1.0	75.0	[3, 3, 2, 3, 3]	set()	5.171776249285541	4.147557313824716	4.208216837081837	0.0	0	[88.91724981367588, 138.7403814587742, 215.6445242720464, 469.18894979171455, 842.9738406496288]	1.5683509217987586	0	0	0	0	0	0.276375	1.875	0	0
138	1.0	75.0	[3, 3, 3]	set()	6.513895213064629	5.698680413322229	5.781384588665585	0.0	0	[320.7647627765375, 799.2338119074702, 928.0782830901444]	1.1707669737027988	0	0	0	0	0	0.32412499999999994	1.5	0	0
201	1.0	75.0	[2, 3, 2]	set()	4.812246131931418	3.601807473160605	3.5687828376611606	0.0	0	[579.5355219021549, 592.3790677916259, 595.6568020094126]	0.756965424283814	0	0	0	0	0	0.074	0.25	0	0
324	1.0	75.0	[3, 2, 3]	set()	3.5108759933953126	2.9470418157145035	3.0424279304868946	0.0	0	[144.55452314723294, 671.6372014136817, 706.9805501960218]	1.0949517256107906	0	0	0	0	0	0.26875	1.0	0	0
387	1.0	75.0	[3, 3]	set()	4.758569245414561	3.8948315901903783	3.9383639718806283	0.0	0	[611.4653903059661, 804.7821717336774]	0.9373951031011476	0	0	0	0	0	0.14950000000000002	0.5	0	0
263	1.0	75.0	[3]	set()	4.749509786254351	4.4699644860655	4.524688486458871	0.0	0	[826.5171460807323]	0.46136596743243274	0	0	0	0	0	0.25	0.5	0	0
76	1.0	75.0	[3, 3, 3, 2, 3, 2, 2]	set()	10.426292670280843	7.285836962148785	7.8181947864466075	0.0	0	[248.8230878510498, 505.6915079140598, 649.391665821895, 826.2958912080993, 829.0353021584451, 929.0687802713364, 984.3831518664956]	1.751996912734963	0	0	0	0	0	0.092875	1.0	0	0
16	1.0	75.0	[3, 2, 3]	set()	5.919148475065378	4.914622882966889	4.968587456316006	0.0	0	[220.3385958965862, 540.9424035060341, 728.4953698981553]	1.3658720309600518	0	0	0	0	0	0.1295	0.5	0	0
139	1.0	75.0	[3, 2, 3]	set()	4.20865664901303	3.5721186205628217	3.174040613194804	0.0	0	[20.807946100831032, 217.36008752316687, 683.7194454313837]	1.1201505538817182	0	0	0	0	0	0.044625	0.375	0	0
449	1.0	75.0	[3, 3, 3]	set()	6.6224774990258926	5.565773708485683	5.465284476996023	0.0	0	[497.4481277167797, 802.9055977240205, 889.625072479248]	1.1648938098973372	0	0	0	0	0	0.10450000000000001	0.75	0	0
388	1.0	75.0	[3, 2]	set()	2.896761319264244	2.3966453606923634	2.442168019067106	0.0	0	[251.80518813431263, 462.01685769483447]	1.0086298571831371	0	0	0	0	0	0.031375	0.125	0	0
325	1.0	75.0	[3, 2]	set()	4.748174536022862	3.6831213617561085	3.7021834919649117	0.0	0	[120.1409539207816, 628.7978126201779]	0.9662966238647184	0	0	0	0	0	0.375	1.125	0	0
17	1.0	75.0	[2]	set()	1.9827658941982986	1.9429943215415522	1.9508373283309635	0.0	0	[283.64584455266595]	0.5963637976726464	0	0	0	0	0	0.0	0.0	0	0
264	1.0	75.0	[3, 2, 3]	set()	4.905010911910226	3.9848798680239392	3.948332719085339	0.0	0	[719.263594597578, 759.9275291431695, 930.1273154560477]	0.8545633956376745	0	0	0	0	0	0.28512499999999996	1.375	0	0
450	1.0	75.0	[2, 2]	set()	3.741233579333659	3.021022280303188	2.9991455688333497	0.0	0	[136.1191787477738, 244.3828023970127]	0.7238817165268844	0	0	0	0	0	0.0	0.0	0	0
140	1.0	75.0	[3]	set()	4.301344180989143	3.843882707547303	3.849847397832338	0.0	0	[743.0259406100959]	0.5698680231072737	0	0	0	0	0	0.125	0.25	0	0
77	1.0	75.0	[3, 3, 3, 3, 3, 3]	set()	8.407182034983771	5.552121853317081	5.604559417716726	0.0	0	[670.5814977176487, 670.923856087029, 671.6515955376935, 735.8252298931844, 792.5919548142701, 987.722419667989]	0.9879264870890653	0	0	0	0	0	0.11025	1.75	0	0
202	1.0	75.0	[2, 3, 2, 3, 2, 3, 2, 2]	set()	15.91684574676027	9.927745879282512	11.488742156684175	0.0	0	[85.39910865236088, 336.71854715794325, 388.4873557835817, 608.6765006184578, 731.0822904109955, 827.6376817375422, 893.0927915498614, 975.2565619856192]	2.0018204721620725	0	0	0	0	0	0.12625	1.625	0	0
389	1.0	75.0	[3]	set()	3.4265153578651693	3.267695894277638	3.2244502542090774	0.0	0	[244.3556343205273]	0.5560487862165358	0	0	0	0	0	0.0305	0.125	0	0
326	1.0	75.0	[3, 2]	set()	2.955936964284063	2.473041460813421	2.4953879906281897	0.0	0	[55.14796967721347, 551.1626368388534]	0.8671460192465217	0	0	0	0	0	0.01375	0.25	0	0
18	1.0	75.0	[3]	set()	3.946839326766325	3.4721097337362568	3.4727747326496794	0.0	0	[511.8354342412204]	0.6928669993844474	0	0	0	0	0	0.063875	0.125	0	0
265	1.0	75.0	[3, 3, 3, 3, 3]	set()	6.876706737063648	5.209648042596186	5.2935772249420285	0.0	0	[0.950763002038002, 41.25204073179267, 133.24603231646836, 502.6865266263485, 613.6997039908258]	1.3348593141180367	0	0	0	0	0	0.079875	1.125	0	0
451	1.0	75.0	[3]	set()	5.1148549315821965	5.076069125634951	4.888418270454938	0.0	0	[7.202547043561935]	0.04270901961285289	0	0	0	0	0	0.000875	0.125	0	0
78	1.0	75.0	[3]	set()	2.7254118161090553	2.5791573956781915	2.5741902975791726	0.0	0	[840.8301062881947]	0.4382908067205867	0	0	0	0	0	0.04	0.25	0	0
141	1.0	75.0	[2, 3]	set()	4.646105647206203	3.7353347923503852	3.7122542620050036	0.0	0	[338.1922249396969, 363.9869662001729]	0.7488133852740435	0	0	0	0	0	0.125	0.375	0	0
203	1.0	75.0	[3]	set()	3.060248255339868	2.941034041858383	2.987884729690649	0.0	0	[9.241895284503698]	0.05248817098905953	0	0	0	0	0	0.0045	0.5	0	0
327	1.0	75.0	[3, 3, 2, 3, 3]	set()	3.5552660341665514	2.7892260414204997	2.7404487629961674	0.0	0	[50.17426281105752, 93.399278819561, 129.6939868479967, 382.1431095181849, 484.4450672090752]	1.3285741184790671	0	0	0	0	0	0.1855	1.375	0	0
390	1.0	75.0	[3, 2]	set()	7.390468753001152	5.958148842857384	6.069852067634581	0.0	0	[786.0000431537628, 922.6823335047812]	0.6591987690253597	0	0	0	0	0	0.15175	0.625	0	0
19	1.0	75.0	[3, 3, 3, 2, 3]	set()	6.389725757530978	4.728073274537147	4.757861414597865	0.0	0	[151.94653463549912, 227.6508240029216, 275.5888542160392, 495.0659055802333, 612.216176930815]	1.5787109195951023	0	0	0	0	0	0.35062499999999996	2.5	0	0
266	1.0	75.0	[3]	set()	4.338758477420959	4.283117468184493	4.285620699699294	0.0	0	[738.5435360483825]	0.5745748265806099	0	0	0	0	0	0.15775	0.375	0	0
452	1.0	75.0	[3, 3, 2, 3]	set()	4.252304688033066	3.512750293655108	3.4678742762447596	0.0	0	[36.02209920063615, 614.1331316903234, 745.3287895768881, 766.1434193141758]	1.1233904908767003	0	0	0	0	0	0.34099999999999997	2.125	0	0
142	1.0	75.0	[3, 3, 3]	set()	4.326523554214608	3.6881734994082134	3.726241807617834	0.0	0	[511.6544002667069, 522.4026702344418, 989.3688904121518]	0.7954861034286407	0	0	0	0	0	0.126375	0.625	0	0
79	1.0	75.0	[3, 2, 3, 2, 3, 3]	set()	7.685948006280489	4.98073273390707	5.076000785111836	0.0	0	[27.69377548247576, 124.83083549886942, 403.4816585481167, 476.6249429750301, 548.4767127782106, 977.8382026124746]	1.5097915931596453	0	0	0	0	0	0.25337499999999996	1.875	0	0
204	1.0	75.0	[2, 3, 2]	set()	8.743084432489507	6.481492419052805	6.624486317869901	0.0	0	[246.87496282200527, 305.8524429798126, 875.8901320397854]	1.0916458732775118	0	0	0	0	0	0.038125	0.25	0	0
328	1.0	75.0	[3, 2, 3]	set()	5.568107615328674	4.626766906565613	4.474994231693235	0.0	0	[125.7977110799402, 199.46988509145223, 942.271544598043]	0.8384316038677837	0	0	0	0	0	0.13225	0.625	0	0
391	1.0	75.0	[3, 2, 2]	set()	7.178776616433369	6.735112780288432	6.603139660542759	0.0	0	[743.4791093692183, 773.3431970700622, 973.5414094008684]	0.743344325149819	0	0	0	0	0	0.125	0.5	0	0
267	1.0	75.0	[3]	set()	3.768777703335596	3.7173251340913414	3.719143767569209	0.0	0	[237.3899936210364]	0.5480527069961677	0	0	0	0	0	0.1185	0.5	0	0
20	1.0	75.0	[3, 2]	set()	4.412556166982735	3.733771646640503	3.753074193593381	0.0	0	[664.4290790427476, 696.4618473272026]	0.7437540062889114	0	0	0	0	0	0.126	0.75	0	0
453	1.0	75.0	[2, 2]	set()	5.725323205604491	5.137321474374513	5.245059214707622	0.0	0	[142.82136922702193, 403.63716846331954]	0.9367378707620742	0	0	0	0	0	0.0	0.0	0	0
205	1.0	75.0	[3, 3]	set()	5.724895735681455	4.484169676560704	4.896131590644355	0.0	0	[38.76847667802874, 837.8954078070819]	0.6001473909416553	0	0	0	0	0	0.21125	1.0	0	0
143	1.0	75.0	[3, 3, 2, 2, 3]	set()	7.354925363402981	5.900544867158561	5.880043333687006	0.0	0	[96.2810477371594, 271.5293001383543, 498.0718190781772, 543.1709454270207, 925.1114402431996]	1.5683877416462362	0	0	0	0	0	0.30725	1.75	0	0
329	1.0	75.0	[3]	set()	2.944376355091478	2.7128462926962307	2.736103578306788	0.0	0	[930.264309514314]	0.25295472313634715	0	0	0	0	0	0.36625	0.625	0	0
80	1.0	75.0	[3, 2, 3]	set()	8.080201776305348	6.744471122131746	6.724380724358865	0.0	0	[301.3776447623968, 394.0484276972711, 819.9875535297085]	1.2540999905515697	0	0	0	0	0	0.227375	0.875	0	0
21	1.0	75.0	[3, 3, 2]	set()	6.321889097800778	4.808520668243476	5.028510097107818	0.0	0	[643.6731801368296, 671.6204509139061, 946.77018059481]	0.8947534083748205	0	0	0	0	0	0.28575	0.75	0	0
392	1.0	75.0	[3]	set()	5.896004392293749	5.685554507585685	5.656459371327852	0.0	0	[826.139306416735]	0.46195533122085697	0	0	0	0	0	0.02175	0.125	0	0
454	1.0	75.0	[2, 3]	set()	4.401782026807933	3.858942177255373	3.9040648241607157	0.0	0	[522.2623283043504, 789.9383490439504]	1.0198155812296181	0	0	0	0	0	0.079125	0.375	0	0
144	1.0	75.0	[3, 3]	set()	3.5324451933901218	3.164776154456389	3.178794792925662	0.0	0	[125.15068729408084, 419.35365134850144]	0.9356929267664232	0	0	0	0	0	0.171875	0.75	0	0
268	1.0	75.0	[3, 3, 2, 2, 3]	set()	7.399756436949837	5.371533150271765	5.0822948070847	0.0	0	[268.1688966695219, 624.5744749903679, 671.0602947496849, 696.9058397233854, 760.9746158123016]	1.475911877792071	0	0	0	0	0	0.1885	1.0	0	0
206	1.0	75.0	[2, 3]	set()	6.3119485926297685	5.1883753678553575	5.382629401800033	0.0	0	[887.0741939172149, 895.7299971953034]	0.3831367465080534	0	0	0	0	0	0.125	0.375	0	0
330	1.0	75.0	[2, 3, 3, 2]	set()	7.055277059887077	5.067234476401948	5.0475721774008555	0.0	0	[350.23006424307823, 415.3732378035784, 598.233028780669, 915.9783102949426]	1.4284428458526033	0	0	0	0	0	0.15237499999999998	0.75	0	0
22	1.0	75.0	[3, 2]	set()	3.5198991507997084	2.7441588840585434	2.8185383192402447	0.0	0	[675.7394056767225, 943.2450821623206]	0.7804220114903828	0	0	0	0	0	0.0	0.0	0	0
81	1.0	75.0	[3, 3, 3, 2]	set()	7.470838012182124	5.7515534822083545	5.745914583605865	0.0	0	[339.7097536362708, 517.2275118529797, 602.4184026755393, 655.6079727597535]	1.4066234870709624	0	0	0	0	0	0.357	1.625	0	0
393	1.0	75.0	[2, 2, 3]	set()	9.087857200108413	6.425841833566544	6.67368126199103	0.0	0	[307.1071258746088, 976.4975900761784, 999.9919510446488]	0.7194647368641788	0	0	0	0	0	0.125125	0.625	0	0
145	1.0	75.0	[3, 2]	set()	4.745138867182971	4.308316229378528	4.297249324626508	0.0	0	[460.3357873857021, 591.4928680285811]	0.989269612195292	0	0	0	0	0	0.18250000000000002	0.5	0	0
269	1.0	75.0	[3, 3, 3, 3]	set()	9.12884434794074	6.691525416352622	7.356384444084556	0.0	0	[45.62910705189205, 105.21064822091653, 634.8789110779762, 933.3456154775524]	1.1869083243759575	0	0	0	0	0	0.097125	0.625	0	0
331	1.0	75.0	[3, 3, 2]	set()	4.433804533308474	3.965551449216067	3.9238678936393323	0.0	0	[386.73394639045, 473.9123461768031, 715.1302727870643]	1.280844662227662	0	0	0	0	0	0.23912499999999998	0.875	0	0
455	1.0	75.0	[3, 2, 2, 3, 3]	set()	12.719594542374324	6.857857861748375	8.291415804516287	0.0	0	[184.78449480608103, 402.7754068347807, 448.1114723461221, 465.7717552036047, 630.5984491482377]	1.5206611206391818	0	0	0	0	0	0.28275000000000006	1.875	0	0
207	1.0	75.0	[2, 2, 3]	set()	10.06448713487612	7.892665821141675	8.134621447013865	0.0	0	[242.1229055617005, 259.55388614965915, 840.053416788578]	1.0228748303271007	0	0	0	0	0	0.02	0.125	0	0
82	1.0	75.0	[2]	set()	3.8359496416140537	3.547017208029349	3.571528312180358	0.0	0	[894.0757298842072]	0.33790826542646424	0	0	0	0	0	0.125	0.25	0	0
394	1.0	75.0	[3, 3]	set()	4.417672348572375	3.493299681156528	3.680525376441108	0.0	0	[344.28696846589446, 985.2739511228403]	0.7142992020259763	0	0	0	0	0	0.13275	0.625	0	0
146	1.0	75.0	[3]	set()	3.653684717201433	3.413047962410698	3.387967464424499	0.0	0	[8.187856059521437]	0.047497736979970825	0	0	0	0	0	0.001	0.125	0	0
23	1.0	75.0	[3, 3, 3, 2, 2]	set()	10.703868864036346	7.052769729780409	7.079204084027876	0.0	0	[141.01549959741533, 304.09852997399867, 436.8939984124154, 733.4631816484034, 855.5608303602331]	1.7368009384312375	0	0	0	0	0	0.16299999999999998	1.0	0	0
456	1.0	75.0	[3]	set()	2.531361226079963	2.45386511355187	2.459762513921344	0.0	0	[750.5699670873582]	0.5617081050330673	0	0	0	0	0	0.15625	0.375	0	0
332	1.0	75.0	[3]	set()	3.6814269371032196	3.1548928687982127	3.1730771663161517	0.0	0	[428.38749196380377]	0.6828551203584721	0	0	0	0	0	0.0	0.0	0	0
208	1.0	75.0	[2, 3, 3]	set()	4.860961599333119	3.662337337086077	3.719101028954508	0.0	0	[347.4315851926804, 372.4134718067944, 496.5921761468053]	1.0640308586734968	0	0	0	0	0	0.0155	0.125	0	0
270	1.0	75.0	[2, 3, 2, 3, 2]	set()	5.355577859833591	4.241027254409168	4.2426188090801205	0.0	0	[57.35114649459227, 76.8903917632997, 356.10782045668145, 874.2390536082049, 947.1149407327176]	1.2840605314748372	0	0	0	0	0	0.034749999999999996	0.75	0	0
83	1.0	75.0	[3, 2]	set()	6.250426916841542	5.2718621205401375	5.216809365974421	0.0	0	[470.182795310393, 737.84320818182]	1.0585807096943154	0	0	0	0	0	0.25	0.75	0	0
24	1.0	75.0	[3]	set()	2.2428631935965173	2.095619018994268	2.0876397197267402	0.0	0	[389.9191210512072]	0.6687118949612664	0	0	0	0	0	0.29862500000000003	0.625	0	0
147	1.0	75.0	[2]	set()	5.481762491718952	4.722816801191976	4.822353008812021	0.0	0	[186.54218968003988]	0.481170077489505	0	0	0	0	0	0.0	0.0	0	0
333	1.0	75.0	[2, 3]	set()	2.551671357714533	2.3916548235180066	2.40904615315597	0.0	0	[189.0772164333612, 828.4191072452813]	0.9033604997730683	0	0	0	0	0	0.0215	0.125	0	0
457	1.0	75.0	[3, 3]	set()	4.61542845103853	4.426855163250217	4.439795630384255	0.0	0	[409.7223291173577, 502.0675002597272]	0.9327756485867995	0	0	0	0	0	0.511125	1.5	0	0
271	1.0	75.0	[3, 3]	set()	4.641666527198196	4.039156040775901	4.01816197416994	0.0	0	[543.362227967009, 849.3997771292925]	0.9789078577243964	0	0	0	0	0	0.018875	0.125	0	0
395	1.0	75.0	[3, 3, 3, 3, 3, 2, 3, 2, 3, 3]	set()	8.998599198787828	5.936346557772907	6.098746767397836	0.0	0	[196.1466372898917, 281.065325045514, 354.74384567666647, 386.7398854345083, 497.1254691243829, 505.0056971037047, 532.9308276996017, 564.9405247651345, 815.9377921050379, 841.0851991527635]	2.0546118067056156	0	0	0	0	0	0.41037500000000005	4.125	0	0
209	1.0	75.0	[2, 3, 3, 2]	set()	8.71369583396213	6.782595644123032	7.085858791299306	0.0	0	[161.5471951663494, 266.7808779380696, 514.5441917702556, 617.1538839847219]	1.4783376109287742	0	0	0	0	0	0.25	1.25	0	0
84	1.0	75.0	[2, 2, 3, 3, 3]	set()	9.469379467707979	6.405955341328578	6.9088845944473025	0.0	0	[194.9005601927638, 215.0831762701273, 222.8337214328349, 628.9384374395013, 641.2130361422896]	1.2228892562445133	0	0	0	0	0	0.16025	1.25	0	0
148	1.0	75.0	[2, 2, 2, 3, 2, 3]	set()	7.675676298321988	4.520147264052373	5.141739203491376	0.0	0	[86.80050983093679, 302.3046644401681, 329.4089753180742, 370.45376002788544, 613.3603227790445, 677.4928083222335]	1.6566070314562076	0	0	0	0	0	0.20375	1.25	0	0
25	1.0	75.0	[2, 2, 3, 2, 2]	set()	6.3708048554501	4.405542087244434	4.766825047811757	0.0	0	[60.98707299679518, 93.79897175083364, 188.0102059803903, 506.19801694253886, 891.6048917453736]	1.4779313398976526	0	0	0	0	0	0.0235	0.375	0	0
272	1.0	75.0	[3]	set()	2.704658249794928	2.506156652979515	2.529212736603789	0.0	0	[74.50351025909185]	0.2651353490936849	0	0	0	0	0	0.13425	0.375	0	0
334	1.0	75.0	[3, 3, 2, 2, 2]	set()	8.058082655198907	5.577358334720459	5.757080909566987	0.0	0	[314.74101357162, 319.1589177586138, 369.5265169519948, 425.42067216709256, 882.7485707588494]	1.3086440467453255	0	0	0	0	0	0.21075000000000002	1.375	0	0
396	1.0	75.0	[3]	set()	4.324377058399513	3.8877251603004366	3.920810440805515	0.0	0	[723.3635140582919]	0.5897484797730462	0	0	0	0	0	0.034625	0.125	0	0
458	1.0	75.0	[3, 3, 2, 3]	set()	6.257542481345032	4.774917843301662	4.8146345691731085	0.0	0	[89.0639943536371, 732.6018018102338, 807.1406370558467, 940.362486289814]	1.129269426074583	0	0	0	0	0	0.04475	0.625	0	0
210	1.0	75.0	[3, 3, 3, 3]	set()	5.280697504689611	3.938160460677278	4.3265532430429126	0.0	0	[184.0536256356216, 488.5723677977041, 789.079109672457, 910.223383223638]	1.5069987815703563	0	0	0	0	0	0.352125	2.125	0	0
273	1.0	75.0	[3]	set()	3.723220900927732	3.0431581277310027	3.1577803736570313	0.0	0	[970.0549002736808]	0.13455127759208194	0	0	0	0	0	0.0	0.0	0	0
149	1.0	75.0	[3]	set()	3.5640224801524845	3.4243215872302275	3.4085584839013636	0.0	0	[364.0519855543971]	0.6557139893042214	0	0	0	0	0	0.17049999999999998	0.375	0	0
85	1.0	75.0	[3, 3, 3, 2]	set()	8.135926455867114	6.505342412648737	6.789611069576654	0.0	0	[31.72060288488865, 177.4065438657999, 313.2975548505783, 521.3606345132424]	1.3406277685397434	0	0	0	0	0	0.057374999999999995	0.5	0	0
397	1.0	75.0	[3, 3]	set()	5.138608760014731	4.458405216916117	4.445350211610542	0.0	0	[670.2985134907067, 794.4582458585501]	0.8523501394066433	0	0	0	0	0	0.08249999999999999	0.5	0	0
335	1.0	75.0	[3]	set()	3.208927201037429	2.9244518774888664	2.9505290929939822	0.0	0	[433.7381683290005]	0.6843400340890968	0	0	0	0	0	0.14175	0.25	0	0
26	1.0	75.0	[3, 3, 2, 2]	set()	8.8305058069567	6.97252587852044	7.2400027444666195	0.0	0	[398.0153360644008, 623.1257100589573, 770.939220674336, 930.3679423571524]	1.4632176216828996	0	0	0	0	0	0.09687500000000002	0.5	0	0
459	1.0	75.0	[3, 3]	set()	8.429810613077215	6.568024770256119	6.7387491499557415	0.0	0	[532.8964695800096, 755.1493164279392]	1.0142059162804609	0	0	0	0	0	0.125	0.375	0	0
274	1.0	75.0	[2]	set()	1.8332650211239556	1.6896642717545876	1.5580948360473217	0.0	0	[902.7813661377876]	0.31892835032835753	0	0	0	0	0	0.25	0.5	0	0
150	1.0	75.0	[3, 3]	set()	3.081098520673672	2.7234301847461837	2.678757094140681	0.0	0	[35.50352016463876, 117.6333292387426]	0.43422088849764345	0	0	0	0	0	0.014625	0.25	0	0
86	1.0	75.0	[2]	set()	2.9528241726448416	2.616659699859562	2.617470916557885	0.0	0	[459.0524882078171]	0.6897900245989493	0	0	0	0	0	0.0	0.0	0	0
336	1.0	75.0	[3]	set()	3.5241374763157443	3.1787313021366534	3.2046120887106264	0.0	0	[93.26511481776834]	0.3100277179778915	0	0	0	0	0	0.113375	0.125	0	0
398	1.0	75.0	[2, 2]	set()	3.7958525642126872	3.0370667464565977	3.051901761006472	0.0	0	[449.5940008200705, 809.9010889333256]	1.042815309998816	0	0	0	0	0	0.125	0.375	0	0
211	1.0	75.0	[2, 3, 3]	set()	7.862077880582093	6.217237351467282	6.591150377493155	0.0	0	[59.78375346118225, 371.57896254211664, 998.0100458487868]	0.8371499224757505	0	0	0	0	0	0.046625	0.375	0	0
27	1.0	75.0	[2, 3, 3]	set()	5.582204615199507	4.3277858693025255	4.325963974125659	0.0	0	[302.8122908435762, 349.6119440533221, 501.1361693032086]	1.1378958573636466	0	0	0	0	0	0.14375	0.375	0	0
275	1.0	75.0	[2, 3, 3]	set()	4.0172861640417645	3.5018494145815637	3.5144715902101926	0.0	0	[376.789764576861, 889.6642905982545, 903.4184939227998]	0.9949337392879741	0	0	0	0	0	0.039875	0.625	0	0
460	1.0	75.0	[3]	set()	5.681657135365073	5.196795588155456	5.259335151954485	0.0	0	[589.5573298912495]	0.677019258335624	0	0	0	0	0	0.198625	0.375	0	0
87	1.0	75.0	[3, 3]	set()	5.461721440883379	4.715619129995951	4.868174090902136	0.0	0	[661.6676403209567, 822.278646286577]	0.874004419376174	0	0	0	0	0	0.042374999999999996	0.25	0	0
337	1.0	75.0	[3]	set()	2.385777067692109	2.3609160267566947	2.3368357828962534	0.0	0	[172.39769990555942]	0.45966777501455314	0	0	0	0	0	0.0215	0.125	0	0
151	1.0	75.0	[3, 3, 3, 3, 3]	set()	7.186783578476755	5.8830347834651535	5.7165065831482424	0.0	0	[228.4876024350524, 234.76323233292277, 527.802502270788, 814.48304307189, 846.7116797235965]	1.4851842909629622	0	0	0	0	0	0.19412500000000002	1.625	0	0
28	1.0	75.0	[3, 3]	set()	3.8130509015439684	3.361607923026497	3.4444828385220037	0.0	0	[851.1884436011314, 886.0641892693941]	0.5016689548584035	0	0	0	0	0	0.051500000000000004	0.625	0	0
212	1.0	75.0	[3, 2, 3, 3, 3]	set()	4.144032192469315	3.1553721670315458	3.102358978071183	0.0	0	[1.3955268307408453, 129.21066489070654, 162.34804643318057, 444.5073548704386, 890.0840226560831]	1.344922713558674	0	0	0	0	0	0.24100000000000002	2.75	0	0
276	1.0	75.0	[3, 2, 3]	set()	4.137737596842811	3.2429728302517877	3.4530830162007464	0.0	0	[11.408359743654728, 271.1914910469204, 639.1231224406511]	1.1368898513943102	0	0	0	0	0	0.00275	0.25	0	0
461	1.0	75.0	[2, 3, 3, 2, 3]	set()	8.591665832800144	6.366912002330495	6.4623919653433495	0.0	0	[302.24025214020054, 358.30826911821777, 589.453522348776, 706.0248584486991, 791.239048121497]	1.6491698066493454	0	0	0	0	0	0.195875	1.125	0	0
88	1.0	75.0	[3, 3, 3]	set()	4.2983489792067155	3.3454101671290024	3.2888039123553603	0.0	0	[115.50855357199907, 396.9911439344287, 603.2712598230337]	1.2985401188267065	0	0	0	0	0	0.22412500000000002	0.875	0	0
338	1.0	75.0	[3, 3]	set()	3.771400132099787	3.546822375499855	3.5299776947795514	0.0	0	[22.225283086299896, 421.9199037179351]	0.7679554902274193	0	0	0	0	0	0.16062500000000002	0.875	0	0
152	1.0	75.0	[3]	set()	3.140447763640433	2.979839328489388	2.9734520130649553	0.0	0	[550.4531459882855]	0.6880474657367144	0	0	0	0	0	0.18125000000000002	0.375	0	0
29	1.0	75.0	[3]	set()	3.023587923307813	2.6255655165867	2.7060097876675653	0.0	0	[833.2668365910649]	0.4506682153275179	0	0	0	0	0	0.020875	0.125	0	0
399	1.0	75.0	[3, 2, 3, 2, 2, 2, 3, 3, 2]	set()	13.728318186703836	9.50450571580191	9.865582690187852	0.0	0	[33.52235365724532, 113.6851343428986, 151.57446172088385, 361.6730640642345, 441.3644033484161, 647.7728127501905, 703.4574352182136, 908.4191946312784, 991.9252866948292]	2.027132218457872	0	0	0	0	0	0.420125	4.625	0	0
277	1.0	75.0	[3, 3]	set()	4.9139382802768585	4.123721949891229	4.220966899543249	0.0	0	[726.7684910912067, 845.1936047058553]	0.7734068713566802	0	0	0	0	0	0.03425	0.25	0	0
462	1.0	75.0	[3]	set()	3.1970148065598525	3.10032521468348	3.091726053817579	0.0	0	[119.51428651809692]	0.36595612274165246	0	0	0	0	0	0.139875	0.375	0	0
89	1.0	75.0	[3]	set()	2.9000594604780785	2.67933408989676	2.6862571624178058	0.0	0	[457.6334396842867]	0.6895530216332287	0	0	0	0	0	0.13575	0.25	0	0
213	1.0	75.0	[3, 3, 3, 2, 3, 3, 2]	set()	8.849008458665722	5.502753257835	5.849765868531527	0.0	0	[142.4184306524694, 351.46520659327507, 484.1156489080949, 661.8892777112817, 734.1005049312982, 869.7663988026057, 962.934158715464]	1.9838259433961025	0	0	0	0	0	0.2115	1.75	0	0
339	1.0	75.0	[2, 2, 2, 3, 3, 3, 3]	set()	5.19754329055808	3.7440235380612332	3.9004100658676157	0.0	0	[29.535640263929963, 72.1191093325615, 179.75091631524265, 409.046952609569, 598.9374513737857, 996.7539315111936, 998.8250648602844]	1.518929482200744	0	0	0	0	0	0.17575000000000002	1.625	0	0
30	1.0	75.0	[3, 3, 3]	set()	5.940884026027848	3.808476261299563	4.064695014361225	0.0	0	[101.22302523814142, 129.41319961100817, 681.4650166779757]	1.0248414374211523	0	0	0	0	0	0.210125	0.875	0	0
153	1.0	75.0	[2, 3, 2, 3, 2]	set()	11.573700523932725	7.601513800243009	8.399914319823221	0.0	0	[33.601903822273016, 310.5048295110464, 455.1585668232292, 604.6886572148651, 681.7916657309979]	1.5953551829404167	0	0	0	0	0	0.0495	0.25	0	0
278	1.0	75.0	[3]	set()	1.6943738984701286	1.647084753451479	1.642300587765309	0.0	0	[396.6745911166072]	0.6716402700316586	0	0	0	0	0	0.5	1.0	0	0
400	1.0	75.0	[2, 3, 3]	set()	6.574138840018893	5.145538086414786	5.5459535018328685	0.0	0	[22.627454111082773, 222.47236035764217, 750.6160479970276]	1.0910140431820397	0	0	0	0	0	0.28475	1.0	0	0
90	1.0	75.0	[3]	set()	4.661248042861203	3.9744086625283055	4.147792823401436	0.0	0	[98.3956130221486]	0.3215434060340276	0	0	0	0	0	0.13725	0.375	0	0
463	1.0	75.0	[3, 3]	set()	4.9011252674005785	4.147999046610524	4.11126375758016	0.0	0	[23.818165995180607, 517.0812911819667]	0.7891309018978178	0	0	0	0	0	0.064625	0.25	0	0
340	1.0	75.0	[2]	set()	2.623671502695319	2.3477668834408503	2.407599484974564	0.0	0	[80.00886044465005]	0.2787910115159896	0	0	0	0	0	0.0	0.0	0	0
214	1.0	75.0	[2, 3, 3]	set()	4.355434616417721	3.2641354395360493	3.5861175004845287	0.0	0	[65.4062792536716, 755.8712218888104, 859.0368836298264]	0.9446286895000713	0	0	0	0	0	0.21687499999999998	1.25	0	0
279	1.0	75.0	[3, 3]	set()	2.5648927728566466	2.1026069454619996	2.294787671332874	0.0	0	[907.0874042482178, 962.2643324546516]	0.37198055390711277	0	0	0	0	0	0.03275	0.75	0	0
154	1.0	75.0	[3, 2]	set()	4.576418122141011	3.9971891121568905	4.064798361908747	0.0	0	[256.3384110108018, 849.6963378461255]	0.9434901199040666	0	0	0	0	0	0.032	0.125	0	0
31	1.0	75.0	[3, 3, 3, 3, 3]	set()	5.433420960050543	4.108811081538452	4.288264309185803	0.0	0	[42.87593607197859, 52.90362877702037, 113.25686983764172, 317.831396125257, 587.7203093360234]	1.3940420012571104	0	0	0	0	0	0.15312499999999998	1.25	0	0
91	1.0	75.0	[3]	set()	3.696052350423635	3.3005031095832864	3.2763933714758053	0.0	0	[70.59329282492399]	0.25517091467775	0	0	0	0	0	0.0175	0.25	0	0
215	1.0	75.0	[2, 3]	set()	2.1656381296676397	1.7220874368323238	1.7238350268087237	0.0	0	[5.684031872078776, 709.3088496476412]	0.6358652845373858	0	0	0	0	0	0.19774999999999998	0.625	0	0
464	1.0	75.0	[3]	set()	7.99751377953355	7.210674736184384	7.161559839405815	0.0	0	[821.8923795502633]	0.46851181736465375	0	0	0	0	0	0.0	0.0	0	0
401	1.0	75.0	[2, 3, 3, 2, 2, 3]	set()	10.082307241724944	6.466409784007607	7.171132649861041	0.0	0	[194.9666507558804, 256.78005814552307, 420.2556181476336, 422.48155093912334, 847.2235444710474, 878.6811227910221]	1.5288990045100586	0	0	0	0	0	0.29725	2.125	0	0
341	1.0	75.0	[3, 3, 3, 2]	set()	5.851165395903076	4.918725377746389	4.940592172335947	0.0	0	[81.58058160915971, 86.37774316594005, 146.98770789399228, 928.977953735739]	0.7801157337542133	0	0	0	0	0	0.039125	0.75	0	0
280	1.0	75.0	[3]	set()	4.41446141114662	3.8792766491934314	3.924126633084902	0.0	0	[605.6651396211237]	0.6706476814972206	0	0	0	0	0	0.299375	0.625	0	0
155	1.0	75.0	[2, 3, 2]	set()	4.875406538966558	3.7023688319380854	4.095988509046874	0.0	0	[17.912954790517688, 594.8465340770781, 884.0015563182533]	0.9980424296885062	0	0	0	0	0	0.07425	0.25	0	0
92	1.0	75.0	[3, 3]	set()	3.000899408576586	2.682311329806176	2.7440418027988605	0.0	0	[31.284991651773453, 907.9058105126024]	0.44346401906094735	0	0	0	0	0	0.027125	0.375	0	0
216	1.0	75.0	[3, 3, 2]	set()	3.6179354242967596	3.1095270420949293	3.151255070115041	0.0	0	[410.5389262549579, 461.6641718894243, 760.924007743597]	1.2206676287375708	0	0	0	0	0	0.24362499999999998	0.875	0	0
32	1.0	75.0	[3, 3, 3]	set()	8.756133643599497	6.5623952278287145	7.035314559953815	0.0	0	[68.01671115681529, 448.46436753869057, 922.5189855787904]	1.1025210083940493	0	0	0	0	0	0.13474999999999998	0.625	0	0
342	1.0	75.0	[3]	set()	2.654059348358147	2.469983219967207	2.420899332614542	0.0	0	[947.858931031078]	0.2047718746488032	0	0	0	0	0	0.01325	0.25	0	0
402	1.0	75.0	[3]	set()	3.303712384569897	2.928312547658191	2.9157260076321894	0.0	0	[337.3232679441571]	0.6392440319901161	0	0	0	0	0	0.16712500000000002	0.375	0	0
465	1.0	75.0	[3, 3, 2, 3, 2, 2]	set()	9.631518396493256	5.271476853255049	6.108434711979749	0.0	0	[37.41714312710975, 57.54709879003528, 62.27746773487785, 193.1366041721141, 330.7110434398055, 741.39705332313]	1.4811241103470187	0	0	0	0	0	0.021625	0.375	0	0
281	1.0	75.0	[3, 2]	set()	4.13933085706935	3.513791083761266	3.5507100954228132	0.0	0	[546.0359081625938, 700.5689528305084]	0.9800323595529422	0	0	0	0	0	0.375	1.125	0	0
93	1.0	75.0	[3, 3]	set()	4.290927608289179	3.609170232532586	3.50754293456558	0.0	0	[272.2979476675391, 959.7433109302074]	0.7411807583162846	0	0	0	0	0	0.085875	0.125	0	0
156	1.0	75.0	[3, 2, 3, 2, 2]	set()	8.462504106528625	6.298677232945467	6.642604323974972	0.0	0	[356.6279995720833, 368.63814224489033, 680.7945827022195, 777.6208985596895, 793.7131691724062]	1.4023894028841875	0	0	0	0	0	0.1295	0.5	0	0
33	1.0	75.0	[3, 2, 2]	set()	3.6070483892552314	2.91637483233814	3.036481698801067	0.0	0	[451.5094237867743, 738.4007393848151, 994.6023230440916]	1.094327615803795	0	0	0	0	0	0.181375	0.625	0	0
217	1.0	75.0	[3, 3]	set()	6.10424564025632	5.117650605056858	5.12572994327486	0.0	0	[447.05916522070765, 453.0260220635682]	0.7204898193142266	0	0	0	0	0	0.25	0.75	0	0
403	1.0	75.0	[3, 3, 2]	set()	4.998915380059439	3.438595264856093	3.7886552105627853	0.0	0	[66.65864866226912, 251.1880355887115, 268.0975750044123]	0.7897892876287687	0	0	0	0	0	0.289125	0.875	0	0
343	1.0	75.0	[3, 2, 3, 2, 3, 3]	set()	8.02928455613863	5.489119563768267	5.753541541356021	0.0	0	[116.51809356181674, 207.41852768643952, 226.25257913023236, 296.4385072958231, 705.7538721710443, 792.8930530324578]	1.6340894871885872	0	0	0	0	0	0.19574999999999998	1.25	0	0
466	1.0	75.0	[2]	set()	4.446229113421897	4.321618145346741	4.3736338012094835	0.0	0	[124.88194089382888]	0.37654036510999334	0	0	0	0	0	0.0	0.0	0	0
282	1.0	75.0	[3, 2, 2, 3, 3]	set()	4.678571532056854	3.655981733844092	3.6024599500149934	0.0	0	[114.41068155185796, 408.2926111295819, 426.8355797976256, 546.5751974843442, 997.8214567527176]	1.3084299040105152	0	0	0	0	0	0.265	1.875	0	0
157	1.0	75.0	[2, 3, 3, 3]	set()	4.76821225930067	3.1187939304566017	3.465334307075889	0.0	0	[46.02775335628984, 145.41839831508696, 260.6847612951122, 601.5062546357512]	1.3536925073931214	0	0	0	0	0	0.08612500000000001	0.625	0	0
34	1.0	75.0	[3, 3, 3]	set()	4.680760686867433	3.238546441927618	3.725784665065491	0.0	0	[104.73886039108038, 793.8515796214141, 811.6731974248141]	0.8791119150684008	0	0	0	0	0	0.2135	0.75	0	0
94	1.0	75.0	[2, 2, 3, 3, 3, 3, 3, 3]	set()	11.08077866791363	6.406107596227489	6.751101208105377	0.0	0	[52.77684071853295, 249.16706724954028, 313.2600784301758, 370.1078197952066, 437.725321812787, 701.0291176848114, 768.9466530151266, 971.9471125863492]	1.9541278700457243	0	0	0	0	0	0.20875	2.125	0	0
344	1.0	75.0	[3, 3]	set()	2.7907269918526874	2.4811451818142425	2.459705098800341	0.0	0	[195.49529144343668, 807.0750846527517]	0.9372600445105479	0	0	0	0	0	0.072625	0.375	0	0
218	1.0	75.0	[3, 2, 3, 3]	set()	5.68477596013742	5.092217232461682	5.227950587505805	0.0	0	[352.99948905594647, 528.3440947532654, 554.0495552122593, 636.6939283907413]	1.3408592643716388	0	0	0	0	0	0.17924999999999996	0.875	0	0
404	1.0	75.0	[2]	set()	3.734937373069817	3.366910453556602	3.368476402516233	0.0	0	[428.4543360117823]	0.6828743912769935	0	0	0	0	0	0.0	0.0	0	0
467	1.0	75.0	[3]	set()	3.7668837452863677	3.584299440666771	3.63683183752799	0.0	0	[844.0421684645116]	0.4329058367884969	0	0	0	0	0	0.0195	0.125	0	0
283	1.0	75.0	[2]	set()	3.278649773644575	3.127718092483994	3.136155955268111	0.0	0	[872.8987947106361]	0.3808388309149515	0	0	0	0	0	0.25	0.5	0	0
35	1.0	75.0	[3]	set()	2.602599261067605	2.4338070596577404	2.4253620778663483	0.0	0	[449.7985159978271]	0.6880982997647966	0	0	0	0	0	0.181125	0.375	0	0
95	1.0	75.0	[3, 2]	set()	3.0318119522825278	2.8799578617004347	2.8630860485871255	0.0	0	[232.74541599676013, 411.4089570939541]	0.9589692322951165	0	0	0	0	0	0.154	0.5	0	0
158	1.0	75.0	[2]	set()	4.616683874139741	4.4980780415797454	4.468192729942597	0.0	0	[207.833812572062]	0.5110724557796134	0	0	0	0	0	0.0	0.0	0	0
345	1.0	75.0	[2, 2, 3]	set()	3.6042723731247626	2.598396970394662	2.683319546237453	0.0	0	[242.9381192875182, 296.03570606559515, 658.9340660721064]	1.234342659676424	0	0	0	0	0	0.2105	0.75	0	0
405	1.0	75.0	[2, 3, 3, 2]	set()	4.592267849515652	3.5446018171264932	3.6210207382024437	0.0	0	[320.4503932502121, 433.12133802101016, 520.3112386945472, 911.5213748476938]	1.4051033482929314	0	0	0	0	0	0.369125	1.875	0	0
468	1.0	75.0	[2, 3, 3, 2]	set()	5.678421338710916	4.0856528494575555	3.9810978243826143	0.0	0	[207.5593919038514, 275.8321574570075, 390.8093813806772, 925.6937969475983]	1.286155563925582	0	0	0	0	0	0.15937500000000002	0.875	0	0
219	1.0	75.0	[3, 3, 3, 3, 2, 3]	set()	5.66468634289129	4.939757983003651	4.644999068990407	0.0	0	[78.30130585834993, 220.1739740557969, 331.5536451610885, 864.8812510073185, 895.816553020026, 927.168189286091]	1.4630900417373773	0	0	0	0	0	0.22912500000000002	2.125	0	0
284	1.0	75.0	[2, 3, 3, 2]	set()	4.471053707445714	3.3013036707670844	3.563607082862273	0.0	0	[553.9908714307704, 787.5470593571663, 795.3822372946888, 816.0308331251373]	1.0964293210152665	0	0	0	0	0	0.078875	1.0	0	0
36	1.0	75.0	[3, 3]	set()	5.45145552121485	5.033187770055024	5.0899031191894455	0.0	0	[79.33165256838126, 275.99310874938965]	0.7546818896235208	0	0	0	0	0	0.27449999999999997	0.875	0	0
346	1.0	75.0	[3, 3, 3]	set()	2.259550238679657	1.858480511990175	1.846584445704699	0.0	0	[214.67505767941475, 754.8192102380691, 772.7326187305152]	1.0717677444411917	0	0	0	0	0	0.05525	0.25	0	0
159	1.0	75.0	[2]	set()	4.047365681727216	3.6191765457912863	3.584683575778178	0.0	0	[870.8857041783631]	0.38469954440273024	0	0	0	0	0	0.0	0.0	0	0
96	1.0	75.0	[3]	set()	4.089306397234328	3.9618438240914156	3.9580201226123197	0.0	0	[522.6100906729698]	0.6921243994181301	0	0	0	0	0	0.125	0.25	0	0
469	1.0	75.0	[2, 3]	set()	5.427895506596641	4.258292349915235	4.231577367521261	0.0	0	[424.9500138685107, 599.3691592011601]	1.0347154030177739	0	0	0	0	0	0.050125	0.125	0	0
220	1.0	75.0	[3, 2]	set()	5.290691430037368	4.949205910230082	4.938759681278572	0.0	0	[485.1580578833818, 926.8277510742388]	0.9031757281524111	0	0	0	0	0	0.314375	1.0	0	0
406	1.0	75.0	[3, 3, 3]	set()	5.210472452134614	4.393807269763861	4.536654097412135	0.0	0	[66.80347020373345, 666.6987487114966, 895.6993138417602]	1.0606400246977594	0	0	0	0	0	0.354875	1.75	0	0
97	1.0	75.0	[3]	set()	3.590757093209018	3.025272816203371	3.0631912651630184	0.0	0	[813.4375307708979]	0.4811999405412577	0	0	0	0	0	0.125	0.25	0	0
37	1.0	75.0	[3, 3, 3, 3, 3, 3]	set()	6.7064756571538595	4.5380817036210015	5.056716184509079	0.0	0	[223.24566659517583, 278.96873590270974, 311.90235118298506, 670.8917734116171, 809.6153904523044, 988.0419671535492]	1.610307206438862	0	0	0	0	0	0.135375	1.375	0	0
347	1.0	75.0	[3, 3, 3, 2, 3, 3, 3]	set()	8.869887733892284	5.205221692821318	6.087946919630149	0.0	0	[368.9617607742548, 373.92974022471526, 388.85783694210295, 429.1468712025157, 594.2545249407907, 669.8409760597079, 967.5690410426166]	1.5508915667441474	0	0	0	0	0	0.12875	0.625	0	0
285	1.0	75.0	[2, 3, 3, 3, 3]	set()	10.299672203784038	7.898457241376542	8.427184718750771	0.0	0	[163.7003389964531, 510.47844998538494, 619.3838919185469, 636.1124088381098, 794.4636212196201]	1.590434933367297	0	0	0	0	0	0.218125	1.375	0	0
160	1.0	75.0	[2, 2, 3]	set()	6.58553522142326	5.274304094508636	5.2760191975957085	0.0	0	[58.46527917310596, 228.6035944707692, 304.4563040602952]	0.9154874887187339	0	0	0	0	0	0.11399999999999999	1.125	0	0
221	1.0	75.0	[3, 3]	set()	3.362934566959778	2.7026605651649835	2.7792657890496035	0.0	0	[631.6915350034833, 889.6601481828839]	0.8829062466758322	0	0	0	0	0	0.073875	0.5	0	0
470	1.0	75.0	[2, 2, 3, 3, 2]	set()	5.34719290588365	3.3447560493391753	3.7099745305480596	0.0	0	[232.68249517687323, 251.7215947845295, 285.27033794671297, 454.1081928182393, 827.2339850111509]	1.500097711405715	0	0	0	0	0	0.106875	1.125	0	0
98	1.0	75.0	[3, 2, 3]	set()	3.5173958454367793	2.600225330995895	2.7435128139851113	0.0	0	[28.306748252362013, 275.51171936755736, 839.8321801796556]	1.0626010223140772	0	0	0	0	0	0.0035	0.125	0	0
38	1.0	75.0	[3, 3, 3]	set()	5.450803356348575	4.523006987352567	4.666504299074977	0.0	0	[74.44641506299376, 428.9539401627831, 809.8174687474966]	1.2443334610094354	0	0	0	0	0	0.04775	0.25	0	0
161	1.0	75.0	[2, 2, 2]	set()	4.419576259430805	3.8120967810747923	3.925322732002878	0.0	0	[211.63696623989247, 916.0794196650386, 971.4346025139092]	0.8372109062370817	0	0	0	0	0	0.0	0.0	0	0
286	1.0	75.0	[3, 3, 3, 2]	set()	4.398866211603896	3.5822961532434747	3.5660274493838258	0.0	0	[822.0826647936902, 857.9544685781002, 913.7404054961786, 931.9895459339024]	0.6973247513745625	0	0	0	0	0	0.08200000000000002	1.875	0	0
407	1.0	75.0	[3, 3, 3, 2, 3, 3, 2, 2]	set()	9.180633736186529	5.815456477613331	6.640171666041375	0.0	0	[230.11876490238103, 463.9039351604879, 731.9007152691483, 756.9605647831002, 770.216336963955, 841.1328019574285, 881.7692401997492, 954.4623322098288]	1.829504535715358	0	0	0	0	0	0.4100000000000001	4.125	0	0
348	1.0	75.0	[2, 2]	set()	5.847824769546784	4.86499878183369	4.787228136774161	0.0	0	[361.8631465360522, 970.221652649343]	0.7748189616597202	0	0	0	0	0	0.0	0.0	0	0
222	1.0	75.0	[3, 2, 3]	set()	8.431236805385119	7.541910155616453	7.365516423746339	0.0	0	[167.9302677512169, 648.8666266668588, 999.3838591685568]	1.0236951251119832	0	0	0	0	0	0.04175	0.25	0	0
471	1.0	75.0	[3, 3]	set()	3.967614421109902	3.662888864286246	3.4718379198491105	0.0	0	[209.0849727392197, 756.9504897110164]	1.0006767646872459	0	0	0	0	0	0.181625	0.625	0	0
162	1.0	75.0	[3]	set()	3.580962955626428	3.5391080396686276	3.5448675661323366	0.0	0	[927.9555974062532]	0.2588953649001213	0	0	0	0	0	0.25	0.5	0	0
99	1.0	75.0	[2, 3, 3, 3, 3, 3]	set()	7.736339345374722	5.412860144860003	5.568728991522824	0.0	0	[51.81638519593346, 390.9538484798851, 543.5060191746181, 676.7329061118877, 757.6078392994469, 923.8738967105746]	1.7732366934993824	0	0	0	0	0	0.22674999999999998	1.625	0	0
39	1.0	75.0	[3]	set()	4.70582670708005	4.378373644393935	4.432118247072431	0.0	0	[155.66927287727594]	0.43241825535597517	0	0	0	0	0	0.144375	0.375	0	0
408	1.0	75.0	[3]	set()	2.5060520056677684	2.1519595196957404	2.1874422086992027	0.0	0	[441.73843786120415]	0.6863429145776446	0	0	0	0	0	0.349375	0.625	0	0
287	1.0	75.0	[3, 3, 3]	set()	4.10838413742045	3.271657830138056	3.3426142985573777	0.0	0	[437.14756265672736, 698.6203980632126, 785.0309233181179]	1.2545313519602819	0	0	0	0	0	0.167875	0.875	0	0
349	1.0	75.0	[3]	set()	4.994398084980733	4.739394033096408	4.7406588082821655	0.0	0	[288.1555138155818]	0.6004918870786733	0	0	0	0	0	0.036	0.125	0	0
223	1.0	75.0	[3, 2, 2]	set()	4.301468689439642	3.3942511189159537	3.5029048499156654	0.0	0	[484.39380433410406, 515.7258212566376, 853.9452627301216]	1.1072492075460372	0	0	0	0	0	0.0605	0.125	0	0
472	1.0	75.0	[3, 3, 3, 3]	set()	6.39724077787091	5.079836741372337	5.3252973477033505	0.0	0	[106.29022028297186, 194.7155313312453, 373.2230849564076, 393.56730063445866]	1.1428873112653648	0	0	0	0	0	0.44075000000000003	1.625	0	0
40	1.0	75.0	[3]	set()	3.1898610875997466	2.9550957811466323	2.8258640437620275	0.0	0	[938.9507086016238]	0.22984497689279254	0	0	0	0	0	0.00775	0.125	0	0
100	1.0	75.0	[3]	set()	2.2132208038489845	2.188098606302178	2.1942797301171404	0.0	0	[945.1198321767152]	0.21264127413270492	0	0	0	0	0	0.034375	0.625	0	0
163	1.0	75.0	[3, 3, 3, 3, 2]	set()	4.528456617565714	3.4585528083475117	3.543580330734911	0.0	0	[253.6509796045721, 277.32143411412835, 285.1732889868144, 451.7418728210032, 895.5749081099773]	1.3696299702026513	0	0	0	0	0	0.40525	2.625	0	0
409	1.0	75.0	[3, 3, 2, 2]	set()	5.055338374453436	4.053141741754813	4.170683473326908	0.0	0	[579.6386464498937, 717.6033093128353, 771.8252712727556, 948.0508661531348]	1.2069847982610336	0	0	0	0	0	0.26887500000000003	0.75	0	0
350	1.0	75.0	[3]	set()	4.053716148735692	3.581866138972025	3.651406459573162	0.0	0	[170.60207249596715]	0.45683959227619464	0	0	0	0	0	0.0425	0.25	0	0
288	1.0	75.0	[3, 3, 2, 3]	set()	7.515029891303158	5.48275440409086	5.576104222363915	0.0	0	[12.525508180260658, 241.38053958091632, 301.2243671735697, 948.675347272954]	0.9947353736451373	0	0	0	0	0	0.047625	0.875	0	0
473	1.0	75.0	[3, 3]	set()	4.108372928058259	3.539206729213403	3.4507236125780225	0.0	0	[1.2522656470537186, 889.6537222899497]	0.356712309330123	0	0	0	0	0	0.12525	0.625	0	0
224	1.0	75.0	[2, 3, 3, 2, 3]	set()	6.153687752641174	4.547006669076891	4.608725290992936	0.0	0	[225.8289461950044, 254.51491959393024, 282.1848150342703, 779.964916408062, 970.1897464692591]	1.304823201088382	0	0	0	0	0	0.1955	1.5	0	0
101	1.0	75.0	[3, 3, 2]	set()	7.240342797049019	5.118534990887483	5.491951541752896	0.0	0	[71.83169154584745, 148.58607536038426, 968.1659764610232]	0.659008575115812	0	0	0	0	0	0.2685	1.25	0	0
164	1.0	75.0	[2]	set()	3.028491373948583	2.7819114320752165	2.7992135633306887	0.0	0	[291.5140138939023]	0.6035017458046774	0	0	0	0	0	0.0	0.0	0	0
351	1.0	75.0	[2, 2]	set()	3.8524536703576553	3.4505885502715623	3.3704581667514804	0.0	0	[135.76341280713677, 838.3437909651548]	0.8136891288736982	0	0	0	0	0	0.0	0.0	0	0
289	1.0	75.0	[3, 2]	set()	2.6034506816640093	2.4740196010579782	2.4940047549945943	0.0	0	[303.9015266112983, 360.3613507002592]	0.8100644069982925	0	0	0	0	0	0.23862499999999998	0.75	0	0
410	1.0	75.0	[3, 3, 3]	set()	6.433099320226814	5.090229326457829	5.140749701803475	0.0	0	[582.1492187678814, 694.3651661276817, 913.398052139052]	1.1048872429751322	0	0	0	0	0	0.23974999999999996	1.25	0	0
41	1.0	75.0	[2, 3, 2]	set()	7.27695657822335	5.955267709412988	6.177395594230555	0.0	0	[70.23623655550182, 742.2524427529424, 964.1609857790172]	0.9070270206417665	0	0	0	0	0	0.0	0.0	0	0
474	1.0	75.0	[3, 2]	set()	5.347624510222045	4.70246078783997	4.805051427004731	0.0	0	[497.7819323539734, 754.3786419555545]	1.0411284426145535	0	0	0	0	0	0.062875	0.25	0	0
165	1.0	75.0	[3, 3, 3]	set()	3.151805628140039	2.4854947370360647	2.5227965627979128	0.0	0	[63.119071768643394, 598.8040654920042, 883.2666231319308]	1.117100902191844	0	0	0	0	0	0.030375	0.375	0	0
102	1.0	75.0	[2]	set()	4.732191100321192	4.253955036434738	4.297243945031167	0.0	0	[203.8378957659006]	0.5056770658357054	0	0	0	0	0	0.0	0.0	0	0
225	1.0	75.0	[3, 3, 3, 3, 2, 2, 3]	set()	8.01832733018782	4.597724145053143	5.443650821189633	0.0	0	[117.92542171838848, 204.57081823430036, 253.14724864438176, 303.061871257226, 312.4614583707961, 414.4645544362056, 576.7358029845875]	1.6962690165402956	0	0	0	0	0	0.28175	2.375	0	0
352	1.0	75.0	[3, 3, 3, 2, 3]	set()	5.8289303095078715	4.070480534267925	4.2905427428766565	0.0	0	[96.07568156097425, 101.914211958265, 146.04190783575177, 587.5645155100743, 638.8202256601359]	1.2738571037394828	0	0	0	0	0	0.18975	1.75	0	0
475	1.0	75.0	[2]	set()	3.4715882531698896	3.3596528666673016	3.3569274222630194	0.0	0	[452.66070449724793]	0.6886584424755757	0	0	0	0	0	0.125	0.25	0	0
42	1.0	75.0	[3, 3]	set()	5.7637527915764615	5.393302677201181	5.407490358780535	0.0	0	[475.7343374658376, 651.2858786154538]	1.026220842982853	0	0	0	0	0	0.46225000000000005	1.375	0	0
411	1.0	75.0	[2, 3, 3, 2, 3]	set()	6.033690846005322	4.087770363682842	4.329589434117357	0.0	0	[172.75467029917513, 190.40182791650292, 295.8213910596745, 336.77710363563926, 590.8207782083697]	1.456366194077777	0	0	0	0	0	0.22375	1.375	0	0
290	1.0	75.0	[2, 3, 3, 2, 2, 3]	set()	7.057761241642136	5.3154928193112845	5.396443396744313	0.0	0	[520.4844905049595, 637.5471688807011, 712.5942908597675, 765.0821576010853, 813.8260835361117, 916.2858773488553]	1.528351096808215	0	0	0	0	0	0.26225	2.75	0	0
166	1.0	75.0	[2, 2, 3, 3]	set()	3.6051586659095083	2.578010402330964	2.7070562560002065	0.0	0	[57.004583068192005, 268.04394042119384, 780.8583048172295, 943.2990439236164]	1.2920478312151467	0	0	0	0	0	0.146375	1.0	0	0
353	1.0	75.0	[2]	set()	2.1516274279254604	1.839598562055126	1.8870625896829303	0.0	0	[148.55879778042436]	0.4202010099754684	0	0	0	0	0	0.25	0.5	0	0
226	1.0	75.0	[3, 3]	set()	3.393342376832893	2.6140082379675813	2.6440477453379394	0.0	0	[101.30088031291962, 632.149743847549]	0.935998898073984	0	0	0	0	0	0.079	0.25	0	0
103	1.0	75.0	[3]	set()	3.706724123849228	3.4794304692438542	3.4740919092039464	0.0	0	[443.84908862411976]	0.6868280089626826	0	0	0	0	0	0.055375	0.125	0	0
476	1.0	75.0	[3, 3]	set()	3.2726111094157386	3.0000234201576337	2.99247774486886	0.0	0	[704.8381518106908, 869.421555660665]	0.8093364682144364	0	0	0	0	0	0.39137500000000003	1.25	0	0
43	1.0	75.0	[3, 2]	set()	4.0479522478757515	3.621881915164558	3.679138064038142	0.0	0	[336.39073465019464, 622.758174315095]	1.0923495432055328	0	0	0	0	0	0.042	0.125	0	0
412	1.0	75.0	[3, 3]	set()	4.384582035082402	4.031758068812334	3.9734303243785174	0.0	0	[61.17260549217463, 434.2336808331311]	0.8610086633770351	0	0	0	0	0	0.086	0.375	0	0
291	1.0	75.0	[3, 3, 3, 3, 3]	set()	5.537223760566341	4.199965846018347	4.25751390369532	0.0	0	[10.04246453628177, 26.29081392660737, 307.478123344481, 530.8824017822889, 682.1008555125445]	1.4547034584793441	0	0	0	0	0	0.18175000000000002	1.625	0	0
104	1.0	75.0	[2]	set()	3.5457320786079434	2.9938452766775923	3.0764830539512804	0.0	0	[71.02905679494143]	0.2562927004359291	0	0	0	0	0	0.125	0.25	0	0
354	1.0	75.0	[3, 3]	set()	3.765944904800352	3.229685220811649	3.17674745139914	0.0	0	[571.1646834388375, 925.7573550567032]	0.8805949639322382	0	0	0	0	0	0.20575	0.625	0	0
167	1.0	75.0	[2, 3]	set()	8.04514633487295	6.500286628858648	6.606281896406793	0.0	0	[623.4499996062368, 959.0751032810658]	0.7917907244040855	0	0	0	0	0	0.005125	0.125	0	0
227	1.0	75.0	[2, 3, 2]	set()	6.609508478733461	5.276073907670857	5.184274603909749	0.0	0	[581.1460963450372, 789.7297925182033, 879.4004404917359]	1.1137086218061996	0	0	0	0	0	0.079125	0.75	0	0
477	1.0	75.0	[3, 3, 3]	set()	4.535033177462402	3.893688397214997	3.6880451369624354	0.0	0	[2.9517142102122307, 575.8749762705362, 644.6823122198228]	0.8881366164844198	0	0	0	0	0	0.3565	1.625	0	0
413	1.0	75.0	[2, 2]	set()	4.550386400885744	3.439058510842404	3.772669839835424	0.0	0	[367.6765956915915, 390.5067278537899]	0.755946642779209	0	0	0	0	0	0.0	0.0	0	0
44	1.0	75.0	[3, 2, 3, 2]	set()	6.754588558820703	5.33427737903332	5.3696454549422805	0.0	0	[435.3131493553519, 439.42313398151487, 685.1293738000095, 748.7806556753304]	1.2518635675774419	0	0	0	0	0	0.085625	0.375	0	0
105	1.0	75.0	[3, 3]	set()	3.6417937979641124	3.1804465741955372	3.229249062899088	0.0	0	[595.6720802932978, 829.0776573121548]	0.9501389106122522	0	0	0	0	0	0.16775	0.625	0	0
292	1.0	75.0	[2, 2]	set()	5.543544016126848	4.5291133423413665	4.464246702225488	0.0	0	[635.2522813249379, 815.7803239300847]	0.9089062090440664	0	0	0	0	0	0.0	0.0	0	0
168	1.0	75.0	[3, 3]	set()	2.8708767474235666	2.7010198336638647	2.610059253151793	0.0	0	[351.6905438154936, 808.7730470579118]	1.0417095042640943	0	0	0	0	0	0.293875	0.875	0	0
355	1.0	75.0	[3, 2, 3]	set()	3.973153772293794	3.2164616747983192	3.342708402254938	0.0	0	[28.92014943063259, 468.48710048671103, 735.995074535781]	1.1681151692781246	0	0	0	0	0	0.07675	0.625	0	0
478	1.0	75.0	[3, 3]	set()	4.096131303319839	3.6347509934926667	3.649923181230027	0.0	0	[255.59757789596915, 943.2014140766114]	0.7691227037643233	0	0	0	0	0	0.11449999999999999	0.625	0	0
414	1.0	75.0	[2]	set()	4.599372033537258	3.9506811855229618	3.981003172047185	0.0	0	[568.415722809732]	0.6837563252357726	0	0	0	0	0	0.0	0.0	0	0
45	1.0	75.0	[3]	set()	2.9986132206558143	2.699843054027423	2.66328724447908	0.0	0	[750.9182430803776]	0.561324101193277	0	0	0	0	0	0.15625	0.375	0	0
106	1.0	75.0	[3]	set()	2.496521909762078	2.4129891579783362	2.427571760078178	0.0	0	[227.7464158833027]	0.5365389391873763	0	0	0	0	0	0.2385	0.75	0	0
169	1.0	75.0	[3]	set()	3.1624878736042583	2.910604084570475	2.9572960000580806	0.0	0	[193.5681328177452]	0.4913556266429472	0	0	0	0	0	0.024125	0.125	0	0
356	1.0	75.0	[3]	set()	2.6955193049513846	2.576610120051772	2.496729716608139	0.0	0	[141.27907622605562]	0.4072786023758441	0	0	0	0	0	0.03525	0.25	0	0
293	1.0	75.0	[2, 2, 2]	set()	6.0501248689110705	4.7292631324587315	4.873530579521097	0.0	0	[35.87200989646133, 70.74735666526166, 625.8258866146207]	0.9309860676784463	0	0	0	0	0	0.0	0.0	0	0
228	1.0	75.0	[2, 2, 3, 2, 3, 3, 3, 3]	set()	11.180674793001389	7.595191461347815	7.556704459616644	0.0	0	[79.87470552325249, 197.79655990946043, 370.6841617822647, 388.5037417948398, 738.4431306272745, 798.8821417093277, 875.7575284689665, 932.057480327785]	1.908102677930968	0	0	0	0	0	0.226375	2.625	0	0
479	1.0	75.0	[3, 3, 3]	set()	7.164750461701798	6.16812489577109	6.1527797201545695	0.0	0	[352.8023334220052, 621.7779513481303, 709.4333949498832]	1.2932684286072074	0	0	0	0	0	0.267125	1.25	0	0
107	1.0	75.0	[3]	set()	3.6468609088563158	3.2743838808292995	3.327359392519063	0.0	0	[205.8303246740252]	0.508379504768704	0	0	0	0	0	0.19875	0.25	0	0
415	1.0	75.0	[2, 3, 3, 3]	set()	3.861123509192205	3.0344734894406464	2.848864578350894	0.0	0	[158.55104546062648, 651.0128732770681, 818.8772982300483, 938.985331993293]	1.365589012951923	0	0	0	0	0	0.130875	1.125	0	0
357	1.0	75.0	[3]	set()	3.5263904499086927	3.3295445857712904	3.3490936938767826	0.0	0	[356.52925656177104]	0.6513950747788211	0	0	0	0	0	0.16949999999999998	0.375	0	0
294	1.0	75.0	[2, 2]	set()	5.1336793986623706	4.2671123118140155	4.188688836518827	0.0	0	[41.23723926022649, 734.8847936373204]	0.7371761203070952	0	0	0	0	0	0.0	0.0	0	0
46	1.0	75.0	[3, 3, 2]	set()	6.854874208037165	5.902464990563749	6.178163846297537	0.0	0	[328.1406816095114, 404.56789545714855, 846.8122349984184]	1.2103956925930395	0	0	0	0	0	0.1105	0.625	0	0
229	1.0	75.0	[2, 3]	set()	4.163953628232772	3.793828852755044	3.8071093174068156	0.0	0	[267.3135735094547, 702.7816893532872]	1.075306421127164	0	0	0	0	0	0.03725	0.125	0	0
170	1.0	75.0	[3, 3, 2, 3, 3, 3]	set()	9.204618733832472	6.04531035902589	6.286993004999706	0.0	0	[18.59230361878872, 505.78350480645895, 573.871709034338, 620.9644610062242, 862.2857826043089, 918.5438980348408]	1.4605122708032408	0	0	0	0	0	0.30074999999999996	1.875	0	0
108	1.0	75.0	[3, 3]	set()	2.2045455723218987	1.851599184656553	1.8489267468398478	0.0	0	[537.4890328384936, 696.1221154779196]	0.9877253890572371	0	0	0	0	0	0.067125	0.125	0	0
480	1.0	75.0	[3, 3, 2]	set()	6.3448447141013276	5.057505475901676	4.955531607643117	0.0	0	[431.44907779060304, 954.6220271789904, 991.2428053962612]	0.8642131763709523	0	0	0	0	0	0.1135	0.5	0	0
416	1.0	75.0	[3, 3, 3]	set()	7.219291629010271	5.983985793833482	6.032617344932199	0.0	0	[750.7074251770973, 758.0310856840783, 935.9059678895544]	0.7344894413971854	0	0	0	0	0	0.09175	0.875	0	0
230	1.0	75.0	[2, 2]	set()	5.245550709456248	4.427307708216787	4.376794177362381	0.0	0	[771.0294043645263, 988.8293351978064]	0.5826619258100578	0	0	0	0	0	0.0	0.0	0	0
171	1.0	75.0	[3, 3]	set()	3.1265520572918146	2.4952582482752406	2.6035201827134613	0.0	0	[215.1901498436928, 841.518210247159]	0.9155710233123661	0	0	0	0	0	0.21849999999999997	0.875	0	0
295	1.0	75.0	[2, 2, 3]	set()	6.114437510413056	4.899945558646678	4.7555433245099	0.0	0	[497.3114163002497, 639.3603053875268, 880.4397987374335]	1.221516383688209	0	0	0	0	0	0.0	0.0	0	0
358	1.0	75.0	[3, 3]	set()	7.0809813886585875	6.578151636114692	6.550728515584224	0.0	0	[317.1989170368761, 634.8846750333905]	1.0963730363807702	0	0	0	0	0	0.210375	0.625	0	0
47	1.0	75.0	[3, 2]	set()	5.771402396164401	5.00420488648005	5.101215213250477	0.0	0	[259.49637312442064, 523.2448176293553]	1.0547345408452409	0	0	0	0	0	0.06475	0.25	0	0
109	1.0	75.0	[3, 3, 3]	set()	4.193188120299487	3.6510558235131843	3.7165134124039447	0.0	0	[557.5756269972771, 726.9167505638447, 958.6580758914351]	1.0969816297033652	0	0	0	0	0	0.139625	1.25	0	0
417	1.0	75.0	[3, 3]	set()	5.545370039822838	4.346790872275766	4.606046811558076	0.0	0	[182.72535456344485, 331.48721139878035]	0.8632533124998774	0	0	0	0	0	0.018625	0.125	0	0
481	1.0	75.0	[3, 2]	set()	6.727616185536207	5.1801277764329505	5.199753655034106	0.0	0	[48.332600854337215, 286.1397825181484]	0.7286116174583626	0	0	0	0	0	0.125	0.375	0	0
296	1.0	75.0	[3, 3]	set()	3.7106293025413644	3.2888180570803627	3.2623011165759284	0.0	0	[405.72529612109065, 808.853552909568]	1.0485314514833108	0	0	0	0	0	0.175875	0.5	0	0
359	1.0	75.0	[2, 3, 2, 3]	set()	8.446932553873518	6.1000000151050635	6.010641521634042	0.0	0	[335.4125500191003, 553.0896849328258, 685.3917208500206, 934.6728194504976]	1.4904373481395201	0	0	0	0	0	0.50825	2.625	0	0
48	1.0	75.0	[3, 3, 3, 3]	set()	4.293410077188296	3.46244904242649	3.6124337649129155	0.0	0	[82.67991757020354, 351.5111254897052, 534.1258949337391, 975.9092940624994]	1.3204413248023465	0	0	0	0	0	0.27149999999999996	1.25	0	0
231	1.0	75.0	[3, 3]	set()	4.2443797534558785	3.763136458778818	3.6974478329083693	0.0	0	[413.041303923678, 663.0320160184056]	1.0783270690047422	0	0	0	0	0	0.20925	0.625	0	0
172	1.0	75.0	[2, 3, 3, 2, 3]	set()	3.6899788816533836	2.974346642117408	2.908019577868222	0.0	0	[298.6058425158262, 372.4354561418295, 586.4141859613375, 668.2319622634823, 851.8680368585319]	1.682151083657116	0	0	0	0	0	0.14075	1.0	0	0
110	1.0	75.0	[3]	set()	6.471734672914438	6.279106944618862	6.317356933370894	0.0	0	[845.5917441751808]	0.43028005184496926	0	0	0	0	0	0.03875	0.25	0	0
418	1.0	75.0	[3, 2]	set()	2.4733102566823186	2.091754656305611	2.181053257344877	0.0	0	[61.121894512325525, 164.9530609752965]	0.5565368262566931	0	0	0	0	0	0.272875	1.125	0	0
482	1.0	75.0	[3, 3, 3, 3]	set()	6.096911426554458	4.242859668794647	4.642815935132647	0.0	0	[510.3319723882129, 538.1038948460837, 674.5298020541668, 822.6667963899672]	1.3042037285621373	0	0	0	0	0	0.16575	0.875	0	0
297	1.0	75.0	[2]	set()	2.9464279036113945	2.657365505930283	2.654602279304163	0.0	0	[898.708832450211]	0.3279107319251833	0	0	0	0	0	0.0	0.0	0	0
360	1.0	75.0	[3, 3]	set()	4.451106931933226	4.020672967051285	3.9885869811005463	0.0	0	[121.91906571388245, 497.7759749162942]	0.9702459867037898	0	0	0	0	0	0.139375	0.625	0	0
49	1.0	75.0	[3, 3, 2]	set()	3.9976973263763926	3.3290265109311874	3.3716731123626764	0.0	0	[3.2646823674440384, 648.5662814229727, 806.5664693713188]	0.910667469942858	0	0	0	0	0	0.251125	1.375	0	0
173	1.0	75.0	[3]	set()	5.5230152780166115	4.604154086555386	4.8373115285033	0.0	0	[51.0655902326107]	0.2016409359064202	0	0	0	0	0	0.006375	0.125	0	0
111	1.0	75.0	[2, 3, 3]	set()	3.9094085789864423	3.1257068035800017	3.121046335344242	0.0	0	[31.146552180871367, 304.4388662092388, 579.6110995579511]	1.181936670100053	0	0	0	0	0	0.09062500000000001	0.375	0	0
419	1.0	75.0	[3, 3]	set()	2.604451476203783	2.41498427923487	2.415224909440944	0.0	0	[582.725397311151, 773.2655244924711]	0.9670580527242169	0	0	0	0	0	0.523875	1.625	0	0
232	1.0	75.0	[2, 3, 2, 3, 3]	set()	8.100996096744376	5.000560656371586	5.190160723423776	0.0	0	[99.60981499448506, 476.1868016794324, 562.957527115941, 673.3806990087032, 790.6479803121811]	1.631657700966573	0	0	0	0	0	0.10037499999999999	0.5	0	0
483	1.0	75.0	[3]	set()	2.770580719538554	2.7477347683488382	2.719738185789257	0.0	0	[147.76384248398244]	0.4188105563309831	0	0	0	0	0	0.125	0.25	0	0
420	1.0	75.0	[2]	set()	2.713496077662056	2.5335966401045593	2.573703775013828	0.0	0	[134.24092205241325]	0.3943697364253233	0	0	0	0	0	0.125	0.25	0	0
298	1.0	75.0	[3, 3, 3, 3, 3, 3, 2, 3]	set()	9.946712359272539	6.524933600674704	7.010518895710215	0.0	0	[362.5846248393798, 387.748715467751, 410.73463040207866, 431.6812973128041, 552.0748424099304, 566.6936715454439, 641.1988507362081, 651.2506667058917]	1.5519378759567042	0	0	0	0	0	0.389625	4.625	0	0
112	1.0	75.0	[3, 3]	set()	3.8653611528906864	3.2179890765615076	3.1003886568868992	0.0	0	[67.4367193132639, 535.7575174421072]	0.8933521827504474	0	0	0	0	0	0.0585	0.125	0	0
233	1.0	75.0	[3, 3]	set()	3.920139627770707	3.4306869895933034	3.450214222808666	0.0	0	[278.6829825490713, 943.2851830497384]	0.7903576878885997	0	0	0	0	0	0.049	0.375	0	0
174	1.0	75.0	[3, 2]	set()	5.282286737222141	4.78191778652152	4.86505870775644	0.0	0	[761.6202577482909, 998.3475422486664]	0.5590671607000472	0	0	0	0	0	0.18475	0.875	0	0
50	1.0	75.0	[2, 2, 3, 2]	set()	3.933682162120779	3.0801292489919776	3.0741730157230194	0.0	0	[5.439776693050291, 506.2973405548297, 737.8588772844523, 905.2098909411228]	1.2359274607899753	0	0	0	0	0	0.22362500000000002	1.375	0	0
361	1.0	75.0	[2, 2, 3, 3, 3, 3, 2]	set()	15.153282622306364	8.18822884733764	10.359818989792899	0.0	0	[17.29390308456269, 31.07323817031926, 90.99542791955172, 254.26737777888772, 485.53371096864106, 558.2660911996826, 718.3621816593029]	1.7731862299417043	0	0	0	0	0	0.220375	1.75	0	0
484	1.0	75.0	[3, 3, 3, 3, 3]	set()	6.841848600918947	5.1059117090175015	5.329156765700281	0.0	0	[109.41133756184216, 200.86959375844933, 219.73253939382363, 233.99754917665248, 441.45110063254833]	1.2479654450433517	0	0	0	0	0	0.23762500000000003	1.5	0	0
421	1.0	75.0	[2]	set()	2.1348834076309084	2.050922162377897	2.0588446748293894	0.0	0	[261.1813638359308]	0.5742889632371121	0	0	0	0	0	0.125	0.25	0	0
175	1.0	75.0	[3, 3]	set()	2.6062137508902374	2.2367245692199793	2.30035558190964	0.0	0	[282.74565385800264, 571.501019410789]	1.0789899736586879	0	0	0	0	0	0.303	1.0	0	0
234	1.0	75.0	[2]	set()	4.92817892318515	4.3691693216085605	4.545873830765345	0.0	0	[996.92590162158]	0.020852239504393688	0	0	0	0	0	0.0	0.0	0	0
113	1.0	75.0	[3, 3]	set()	2.442433374252559	2.032796363966021	2.0973559313286585	0.0	0	[509.58059914410114, 732.3130986187607]	1.0308331458735256	0	0	0	0	0	0.094875	0.375	0	0
299	1.0	75.0	[3]	set()	4.6280396966398305	4.377424003913424	4.424130589956237	0.0	0	[200.204853201285]	0.5006862792694421	0	0	0	0	0	0.175	0.5	0	0
51	1.0	75.0	[3]	set()	3.620305263339066	3.397300951547664	3.43981736155352	0.0	0	[674.729986814782]	0.630778211504005	0	0	0	0	0	0.33425	0.625	0	0
485	1.0	75.0	[3, 2, 3]	set()	2.552263510283654	2.081771158855352	2.1840207731478567	0.0	0	[138.09711136855185, 183.25115204788744, 855.9403249495255]	0.9590989345595726	0	0	0	0	0	0.12412500000000001	0.5	0	0
362	1.0	75.0	[3, 3, 2, 3]	set()	5.727745754345126	4.337470969551618	4.244101941797434	0.0	0	[407.7721913345158, 524.0872725080806, 555.1551368633837, 825.4496320150793]	1.38218757956514	0	0	0	0	0	0.26325	1.125	0	0
235	1.0	75.0	[3, 3]	set()	2.5143258646621	2.2086936605823158	2.1758290466428485	0.0	0	[287.25874819792807, 667.8048328030854]	1.09207224237894	0	0	0	0	0	0.160875	0.5	0	0
300	1.0	75.0	[2, 3]	set()	3.8132632234432107	3.492332105320264	3.4921253069831155	0.0	0	[861.8317651562393, 882.4206423014402]	0.4597922276498226	0	0	0	0	0	0.0295	0.25	0	0
114	1.0	75.0	[2, 3, 3, 3]	set()	6.2206996450308925	4.671758481218767	4.78240109878409	0.0	0	[309.2632171055123, 490.2578622568399, 520.0137868246459, 833.2589599446476]	1.439186383598818	0	0	0	0	0	0.104125	0.5	0	0
422	1.0	75.0	[2, 3, 2]	set()	8.672946340312377	6.70115963424414	7.00222139433424	0.0	0	[337.1530640870333, 528.2807177864015, 823.8449096679688]	1.3489677533443714	0	0	0	0	0	0.368	1.5	0	0
176	1.0	75.0	[3, 3]	set()	4.777773574992378	4.141220119088538	4.156598293199378	0.0	0	[690.1225838810205, 780.8690499514341]	0.8063794128846724	0	0	0	0	0	0.155	1.0	0	0
52	1.0	75.0	[3, 3, 3, 3, 3, 3]	set()	8.449293989366577	4.996001084791019	5.532245863705013	0.0	0	[38.807643527980936, 256.07660971581936, 313.17669712007046, 339.8220774251968, 541.0489467903972, 684.4919947907329]	1.6829789266501762	0	0	0	0	0	0.23500000000000004	2.0	0	0
486	1.0	75.0	[3, 3, 3, 3, 3, 2]	set()	5.719636577028226	4.113890438548728	4.004290864004394	0.0	0	[73.01420065055287, 256.57422745350186, 289.5731110846409, 316.54594745486975, 341.792638591846, 385.7935625936708]	1.241980343793899	0	0	0	0	0	0.338875	2.25	0	0
363	1.0	75.0	[3, 3, 3, 3]	set()	6.514356121031872	4.531886715899266	4.767509020125125	0.0	0	[17.41766231134534, 349.2931142354752, 627.7565804874796, 973.2084892647456]	1.2567680291744083	0	0	0	0	0	0.216125	1.5	0	0
236	1.0	75.0	[3, 3, 3, 3]	set()	7.4716365110704	5.521320097078309	5.730687438940368	0.0	0	[59.18837292119861, 254.60040277196683, 466.2819651242063, 641.1435258572078]	1.4877224505464375	0	0	0	0	0	0.18325	1.0	0	0
423	1.0	75.0	[3]	set()	2.796468389390025	2.7049302001775697	2.703551338628605	0.0	0	[601.1842906009406]	0.6725285555610117	0	0	0	0	0	0.274625	0.625	0	0
301	1.0	75.0	[3, 3]	set()	5.601318573241239	4.918259166883575	4.921107868794226	0.0	0	[484.45731680840254, 517.800698056817]	0.8162112513491002	0	0	0	0	0	0.1895	0.625	0	0
115	1.0	75.0	[3, 3]	set()	5.278809013558437	4.812721966680698	4.809809967733212	0.0	0	[486.3077970221639, 510.0199412554503]	0.788858371879932	0	0	0	0	0	0.06375	0.25	0	0
177	1.0	75.0	[2, 3, 3]	set()	5.212685504440116	3.872212077127309	4.054026140833205	0.0	0	[162.85425852463575, 435.8120337156564, 731.2949299812317]	1.3633355382377994	0	0	0	0	0	0.40525	1.625	0	0
53	1.0	75.0	[3]	set()	5.609849928943561	5.406050394954141	5.396746240243408	0.0	0	[955.1280084997416]	0.18312987374308448	0	0	0	0	0	0.016875	0.375	0	0
487	1.0	75.0	[3, 3]	set()	4.670275391879404	3.822134757569952	3.9077376234834915	0.0	0	[99.93271948769689, 996.5017514020008]	0.347842563493545	0	0	0	0	0	0.012875000000000001	0.25	0	0
424	1.0	75.0	[3, 3, 3]	set()	4.0888225762242	3.3786731002656722	3.467703025520862	0.0	0	[684.6080396790057, 961.503880796954, 984.0973115060478]	0.7664583608776837	0	0	0	0	0	0.294375	1.625	0	0
237	1.0	75.0	[2]	set()	3.746898197998521	3.3805893801397127	3.321008741595438	0.0	0	[362.9785319790244]	0.6551127056452335	0	0	0	0	0	0.0	0.0	0	0
364	1.0	75.0	[2, 3, 3, 3, 3, 2, 3]	set()	6.0582593859013985	3.8667860348567586	4.353984833770399	0.0	0	[226.53971379622817, 270.4323283872692, 353.1450170557946, 377.3255910203002, 404.02658144322425, 656.2428514007479, 989.5358842331916]	1.6278130293213409	0	0	0	0	0	0.10175000000000002	1.5	0	0
116	1.0	75.0	[2, 2, 3, 3]	set()	5.605294803440347	4.145551095098198	4.196211670107377	0.0	0	[272.31107191684265, 364.2912671758954, 908.6521714925766, 926.0951098265476]	1.167899499466338	0	0	0	0	0	0.023	0.5	0	0
488	1.0	75.0	[3, 3]	set()	4.40499868797162	4.011149791837365	3.977102941781912	0.0	0	[27.798688039183617, 736.4252414554358]	0.6951214414511628	0	0	0	0	0	0.21362499999999998	0.5	0	0
302	1.0	75.0	[3, 2]	set()	9.183484070265623	6.637792181168077	6.756308698994777	0.0	0	[881.7093027755618, 957.053372423868]	0.4410045951807221	0	0	0	0	0	0.014875	0.25	0	0
178	1.0	75.0	[3, 3, 3, 2, 3]	set()	4.079491557909643	3.328586779114478	3.287074266289563	0.0	0	[52.81937157329164, 195.0465123574365, 692.5929798744619, 791.804002172243, 954.6448218642064]	1.4451204649937524	0	0	0	0	0	0.2565	2.125	0	0
54	1.0	75.0	[3, 3, 3, 3, 2]	set()	5.836307558544361	4.271521693542726	4.535480698784927	0.0	0	[97.47201343998312, 110.64574253890136, 205.6394089013338, 368.9309051260352, 882.397523149848]	1.3974823798894425	0	0	0	0	0	0.24262500000000004	2.125	0	0
425	1.0	75.0	[3, 3, 3]	set()	4.643089684017154	4.105070710164901	4.165858504609172	0.0	0	[367.7875767461956, 518.7289389894527, 703.140078112483]	1.3255870323853218	0	0	0	0	0	0.306375	1.375	0	0
365	1.0	75.0	[2, 3, 3, 3, 3, 2]	set()	4.3545578577123685	3.051133593569668	3.1797629928193194	0.0	0	[169.37302146106958, 202.0677337422967, 367.2950263419543, 529.0321157914628, 581.1829511076212, 613.5435542091727]	1.6371865384592255	0	0	0	0	0	0.1265	0.875	0	0
238	1.0	75.0	[2, 3, 2, 3]	set()	7.035156001646027	5.800639648510171	5.893286525378628	0.0	0	[52.549363537519824, 529.9869235605001, 665.1372285559773, 850.782654248178]	1.374751304671815	0	0	0	0	0	0.103625	0.5	0	0
303	1.0	75.0	[3, 3]	set()	6.059838447896069	5.171235359666857	5.428489905941394	0.0	0	[305.02343736588955, 908.9524634182452]	0.8849191260447303	0	0	0	0	0	0.072625	0.5	0	0
489	1.0	75.0	[2, 2, 3]	set()	5.557053905435583	4.288463475115112	4.396780899974406	0.0	0	[180.49312941730025, 557.8303979709744, 833.767453674227]	1.330348441332104	0	0	0	0	0	0.354125	1.375	0	0
179	1.0	75.0	[2]	set()	2.7862193529072563	2.5591981388836027	2.6118254822100204	0.0	0	[0.2072951756417751]	0.0019654201113104273	0	0	0	0	0	0.0	0.0	0	0
117	1.0	75.0	[2, 3, 2]	set()	6.310332349301911	4.903253656264132	4.699105143309406	0.0	0	[29.589579826103883, 97.6965074610101, 423.5221752896905]	0.9700596007327835	0	0	0	0	0	0.02425	0.5	0	0
55	1.0	75.0	[3]	set()	2.9620855281796157	2.631074517476843	2.639583351443363	0.0	0	[481.2424825504422]	0.6924433264858477	0	0	0	0	0	0.064875	0.125	0	0
426	1.0	75.0	[3, 3, 3, 2]	set()	3.838416553886808	2.930945224607018	3.0133428545047165	0.0	0	[55.71169592440128, 228.81351225078103, 384.2810373753309, 456.0897219926119]	1.2741964093292983	0	0	0	0	0	0.1535	0.875	0	0
239	1.0	75.0	[2, 3, 3]	set()	4.4156499066017325	2.9995041940958935	3.1983979477884956	0.0	0	[195.3564754838939, 724.8539959546179, 851.7799393143164]	1.2006269775500962	0	0	0	0	0	0.03725	0.25	0	0
366	1.0	75.0	[3]	set()	4.562048339594105	4.063641664995994	4.088187836936017	0.0	0	[233.3374759182334]	0.5432777092419282	0	0	0	0	0	0.154125	0.375	0	0
490	1.0	75.0	[3, 3, 3]	set()	2.7699771101188824	2.340562056391858	2.4334082820925036	0.0	0	[131.1024307266826, 230.2769091911614, 943.7129832804204]	0.8984053124264698	0	0	0	0	0	0.313375	1.625	0	0
56	1.0	75.0	[3, 3, 3]	set()	3.4428787538353016	2.5011411584625867	2.5205400768990387	0.0	0	[163.6060877145651, 519.8079831898212, 936.7971774190664]	1.2031341943969687	0	0	0	0	0	0.1775	0.75	0	0
304	1.0	75.0	[2]	set()	5.737734887471836	5.634757553749294	5.619201293570308	0.0	0	[281.3514191657305]	0.5942251558093533	0	0	0	0	0	0.0	0.0	0	0
118	1.0	75.0	[3, 2]	set()	5.472965919940656	4.183890190565007	4.219988666776175	0.0	0	[647.4788968916982, 661.3873827736825]	0.7075845056197896	0	0	0	0	0	0.0	0.0	0	0
180	1.0	75.0	[3, 2, 2, 2]	set()	5.874469344423496	4.27206511918353	4.4592627344439	0.0	0	[124.59749262779953, 247.891734354198, 483.2809191201695, 659.4890325795859]	1.530814518233103	0	0	0	0	0	0.0	0.0	0	0
427	1.0	75.0	[3, 3, 3, 3]	set()	3.6111128577761633	2.911364331208025	3.0011325704229646	0.0	0	[36.969037260860205, 125.54713455028832, 625.0370559282601, 994.5653337053956]	1.0795608570459527	0	0	0	0	0	0.230625	1.5	0	0
367	1.0	75.0	[3, 3]	set()	3.3462881084574496	3.10150172289325	2.932230461807646	0.0	0	[100.64407996833324, 963.3215543238442]	0.47976830335963705	0	0	0	0	0	0.163875	1.0	0	0
491	1.0	75.0	[3, 2]	set()	4.2353069657859805	3.5162840665040234	3.5212402395802265	0.0	0	[462.51600701361895, 798.6382939852774]	1.0458144387651558	0	0	0	0	0	0.18275	0.5	0	0
240	1.0	75.0	[3, 3, 2, 3]	set()	7.364331564423479	5.821802384832234	5.628281944995429	0.0	0	[190.0530300059291, 376.5904513972398, 502.791881267389, 712.5198622234166]	1.5759711391486446	0	0	0	0	0	0.23299999999999998	1.0	0	0
57	1.0	75.0	[2, 3, 2]	set()	5.3387214127803935	3.514117737435564	3.855232372835956	0.0	0	[185.43854914605615, 371.4390960521996, 693.125425837934]	1.352689374931853	0	0	0	0	0	0.0	0.0	0	0
119	1.0	75.0	[3, 2, 3]	set()	4.170826613601526	3.2856552315945846	3.3935059286680556	0.0	0	[87.19866001047194, 643.7087231315672, 745.6020662749645]	1.119821747264376	0	0	0	0	0	0.178625	0.875	0	0
305	1.0	75.0	[3, 3]	set()	4.676668890349596	4.015031562589613	3.950361270163973	0.0	0	[301.495251711458, 697.986496225622]	1.0898834849428929	0	0	0	0	0	0.037625	0.125	0	0
181	1.0	75.0	[3, 3]	set()	2.0542364126111603	2.016437894425041	2.023747426852165	0.0	0	[614.8158730939031, 860.9664984978735]	0.918441910394059	0	0	0	0	0	0.375	1.125	0	0
428	1.0	75.0	[3, 2, 3, 3]	set()	4.327599173538407	3.160485070231001	3.248760053723125	0.0	0	[16.867213882505894, 258.0605638180948, 451.8065410312881, 623.5461190808564]	1.4001973808793433	0	0	0	0	0	0.1485	0.875	0	0
368	1.0	75.0	[3, 3]	set()	5.007978459726383	4.6129543291605914	4.585538917743408	0.0	0	[369.1743072122336, 843.7391272746027]	1.011653276476239	0	0	0	0	0	0.1315	0.5	0	0
306	1.0	75.0	[3]	set()	2.3460791593750714	2.289566161220032	2.282052776316863	0.0	0	[717.5067523494363]	0.59529270457467	0	0	0	0	0	0.19574999999999998	0.5	0	0
492	1.0	75.0	[2, 2, 3, 2]	set()	4.852152114541203	3.7406927701141326	3.8589221488184675	0.0	0	[75.78509530032828, 660.2367920643461, 801.4763586688787, 880.9154598456314]	1.2404634364781326	0	0	0	0	0	0.024875	0.25	0	0
58	1.0	75.0	[3, 3, 3]	set()	4.99656038408391	3.8638489465894437	3.968441603910248	0.0	0	[599.8407825827599, 817.2175977379084, 924.010658171028]	1.073035218527201	0	0	0	0	0	0.18025	1.125	0	0
241	1.0	75.0	[3]	set()	6.190657884229739	5.027272163967271	5.044690170786244	0.0	0	[673.6765673849732]	0.6315443195908237	0	0	0	0	0	0.0	0.0	0	0
120	1.0	75.0	[3, 3, 3, 2]	set()	4.639493954668505	3.48610767732732	3.8237305147622873	0.0	0	[148.3612055890262, 471.38241794891655, 562.8572725690901, 821.2048502173275]	1.5243532569832592	0	0	0	0	0	0.0185	0.125	0	0
429	1.0	75.0	[3]	set()	4.441217896010935	4.290020216813161	4.222709193673011	0.0	0	[674.9814134091139]	0.6305946123057513	0	0	0	0	0	0.0815	0.25	0	0
369	1.0	75.0	[2]	set()	2.444319121699022	2.297459364412686	2.3027534463572272	0.0	0	[908.4288291633128]	0.3061579464774706	0	0	0	0	0	0.0	0.0	0	0
182	1.0	75.0	[2, 3, 3]	set()	5.790968989525843	3.86175513228721	3.8385825781601985	0.0	0	[472.65047488405054, 609.6351575106382, 896.1909012620741]	1.2198060747286963	0	0	0	0	0	0.201125	0.75	0	0
307	1.0	75.0	[3, 3, 3, 3]	set()	3.428901406350062	2.875749219128185	2.681013094484922	0.0	0	[644.4202417480653, 698.5560446046293, 934.6478944644332, 934.8653008091812]	0.9615775316863245	0	0	0	0	0	0.17137499999999997	1.25	0	0
59	1.0	75.0	[3, 3]	set()	3.3101805977925554	3.0657026207336497	3.0474475013446	0.0	0	[562.3210119083524, 722.3532847128808]	0.972736314732628	0	0	0	0	0	0.21450000000000002	0.75	0	0
493	1.0	75.0	[2, 2, 3]	set()	5.067961925062211	3.9506890001081834	3.9597148044938795	0.0	0	[195.8067377563566, 250.74588716961443, 605.2679361309856]	1.213251699590601	0	0	0	0	0	0.125	0.5	0	0
242	1.0	75.0	[3, 2, 2, 3]	set()	4.892659427084074	3.8543651779123747	3.8539852838485804	0.0	0	[280.6488969363272, 398.89708207920194, 613.7833800348508, 699.1451429203153]	1.5109102379892765	0	0	0	0	0	0.267625	1.125	0	0
121	1.0	75.0	[3, 3, 2, 3, 2]	set()	6.00250486682316	4.326396950055714	4.384939894001984	0.0	0	[292.7460590987103, 529.1349592152983, 674.8110697348233, 762.2549911895773, 959.70182471444]	1.6439985006871136	0	0	0	0	0	0.132375	0.625	0	0
430	1.0	75.0	[2, 2, 3, 3]	set()	4.585375624585444	3.465472317949907	3.6025759785015476	0.0	0	[88.73759163543582, 229.54319798495823, 721.0362693294883, 743.8125000329529]	1.2751001894571445	0	0	0	0	0	0.034875	0.25	0	0
370	1.0	75.0	[3]	set()	4.031266392274478	3.7927652454459295	3.881740504705922	0.0	0	[73.24128411710262]	0.26194357694566217	0	0	0	0	0	0.009125	0.125	0	0
183	1.0	75.0	[2, 3, 3, 3]	set()	5.276652670505915	3.685330809030913	3.8718990721201756	0.0	0	[260.8851930126548, 275.7969408550428, 576.4416304715547, 887.4814286828041]	1.3836356652717487	0	0	0	0	0	0.1735	1.0	0	0
308	1.0	75.0	[3, 3, 2]	set()	4.750019393394377	3.7152222685722305	3.6913227289520765	0.0	0	[7.974700070917606, 356.24991280074033, 683.5422981530428]	1.1355358531923918	0	0	0	0	0	0.043625	0.125	0	0
494	1.0	75.0	[3, 3, 3]	set()	4.5544001596242225	3.217407553003201	3.503874608772776	0.0	0	[42.1486700163558, 328.53387272916734, 666.5519815869629]	1.2244157251577668	0	0	0	0	0	0.12425	0.625	0	0
243	1.0	75.0	[3, 2]	set()	4.457065092165405	3.4263864114137106	3.5109467632368507	0.0	0	[27.91220275685191, 244.97368815355003]	0.6436311914009825	0	0	0	0	0	0.121625	0.25	0	0
60	1.0	75.0	[3, 3]	set()	5.578785187090517	4.8877674331439644	4.728837942600968	0.0	0	[126.36651378124952, 660.4451052844524]	0.9631383856825046	0	0	0	0	0	0.25	0.75	0	0
122	1.0	75.0	[3]	set()	2.8463070254468628	2.786489541900022	2.783762061685345	0.0	0	[437.30291025713086]	0.6852645968558853	0	0	0	0	0	0.320375	0.625	0	0
431	1.0	75.0	[3, 3, 2, 3]	set()	7.12215875618291	5.6727229393406695	5.468012118574097	0.0	0	[283.6625534109771, 586.525737997555, 703.6837503992394, 986.2420684657992]	1.3864679381073812	0	0	0	0	0	0.007	0.5	0	0
184	1.0	75.0	[3, 2]	set()	2.658302917672892	2.3501882192454184	2.360941184720151	0.0	0	[358.33326913416386, 579.0078882128]	1.0654260196274672	0	0	0	0	0	0.125	0.375	0	0
309	1.0	75.0	[2, 2, 2]	set()	4.909592499213748	3.536427721559955	3.8400707096800364	0.0	0	[2.8869956019843546, 76.09166810289025, 531.0786259360611]	0.9216948576803551	0	0	0	0	0	0.0	0.0	0	0
371	1.0	75.0	[2, 3, 2]	set()	6.69462502499527	5.081055744322751	5.1331383093009135	0.0	0	[229.35985967844476, 481.4745904877782, 650.500848501471]	1.3529961167070685	0	0	0	0	0	0.060125	0.25	0	0
495	1.0	75.0	[3, 2, 3]	set()	4.673804618468531	3.5127371447413873	3.53008959427675	0.0	0	[89.31174245662987, 535.8236464671791, 691.9323315378278]	1.2284165676419192	0	0	0	0	0	0.0	0.0	0	0
244	1.0	75.0	[2, 2, 3]	set()	7.053102695161838	5.217398425293764	5.275702261994008	0.0	0	[600.0524321570992, 911.7457643151284, 988.3009858775886]	0.9185890895671823	0	0	0	0	0	0.0015	0.125	0	0
123	1.0	75.0	[3, 3, 3]	set()	5.082069889787932	4.055163656792688	3.9862088681030645	0.0	0	[99.94492609985171, 683.5902631282806, 852.1337613929063]	1.1271980210529309	0	0	0	0	0	0.17700000000000002	0.875	0	0
185	1.0	75.0	[2, 3]	set()	2.57710650121488	2.1454972484309507	2.1886335583891645	0.0	0	[19.32197250425816, 729.7710583079606]	0.672717821027181	0	0	0	0	0	0.101625	0.375	0	0
61	1.0	75.0	[3, 3, 3, 3]	set()	6.2933458854294795	4.9179469700026175	4.9411611915812745	0.0	0	[41.0018521361053, 175.43745413422585, 405.6735374033451, 688.5444656581874]	1.4593815594798856	0	0	0	0	0	0.2755	1.5	0	0
432	1.0	75.0	[3, 3, 3, 2, 3, 3, 2]	set()	10.564809287568936	6.524184752937975	6.987605801339832	0.0	0	[90.20370064963234, 284.3531920268072, 399.3311021476984, 594.934955239296, 831.9344557821751, 856.952685112029, 985.548075987026]	1.8615662910364477	0	0	0	0	0	0.23825000000000002	2.5	0	0
245	1.0	75.0	[3, 3]	set()	3.724818581787729	3.056040452482204	3.0763380269202454	0.0	0	[312.96118535101414, 986.0559459775686]	0.6895957743011824	0	0	0	0	0	0.11875000000000001	0.5	0	0
433	1.0	75.0	[3]	set()	5.771551868451665	5.1123569011021175	5.125949959559741	0.0	0	[540.7808315940201]	0.6898173304976035	0	0	0	0	0	0.1925	0.375	0	0
246	1.0	75.0	[2, 2, 3, 3, 3]	set()	5.8962991613264455	4.134947570850154	4.2397577610982164	0.0	0	[108.00628131255507, 163.65381463843298, 297.72406443953514, 806.1143023011166, 850.3104453251887]	1.4365958634615488	0	0	0	0	0	0.16212500000000002	1.125	0	0
247	1.0	75.0	[3, 3, 3, 3, 2, 2, 2]	set()	15.96442051984335	9.433534680776127	9.983815105018884	0.0	0	[107.74084927653192, 242.4144024837017, 586.4823735319078, 744.8839300777763, 783.0997153650969, 821.8143328558654, 919.7043724269288]	1.8496567279659144	0	0	0	0	0	0.4482499999999999	3.375	0	0
