iter	recomb_rate	mut_rate	recomb_type	recomb_node	ARG_length_1	ARG_length_2	ARG_length_3	ARG_length_4	root_height_change	bp	bp_pos_deviation	rank_stat	info_sites_global	confounding_info_sites	consistent_info_sites	weighted_consistent_info_sites	rf_dist	no_neu_recurr_mut	no_adv_recurr_mut	info_sites_imbalance
496	1.0	125.0	[3, 3]	set()	4.424428972045309	3.8523201161369895	3.8728584420256436	0.0	0	[584.2957529239357, 689.4567685667425]	0.9139796184152522	0	0	0	0	0	0.229	0.875	0	0
124	1.0	125.0	[3]	set()	3.092407227854795	2.8137780795032663	2.810017070354757	0.0	0	[721.4529511984438]	0.5915758194869143	0	0	0	0	0	0.18025	0.25	0	0
372	1.0	125.0	[3, 2, 3]	set()	4.383864858799188	3.7268457480220887	3.8245523758810673	0.0	0	[25.345221627503637, 248.2579517040921, 991.8484974186867]	0.6872390337409431	0	0	0	0	0	0.0085	0.5	0	0
186	1.0	125.0	[2]	set()	6.055377705562253	5.242818284498469	5.12766461482232	0.0	0	[818.575034616515]	0.4735473651224514	0	0	0	0	0	0.0	0.0	0	0
310	1.0	125.0	[3, 2]	set()	3.8045994526541898	3.29502981747938	3.3457525464327253	0.0	0	[613.9128254726529, 680.4151460528374]	0.8443460850621851	0	0	0	0	0	0.25	0.75	0	0
248	1.0	125.0	[2, 3, 3]	set()	5.892258681235516	4.554588253613009	4.627732027130765	0.0	0	[175.89763207683905, 847.7044038008898, 997.955810278654]	0.8703710713477565	0	0	0	0	0	0.01875	0.125	0	0
0	1.0	125.0	[3, 3]	set()	6.4620307047124	5.330277040313537	5.426429719640134	0.0	0	[28.887461870908737, 802.2953905165195]	0.6215887903426689	0	0	0	0	0	0.08474999999999999	0.75	0	0
62	1.0	125.0	[3]	set()	5.5196551972630035	5.144223644429015	5.199234074235126	0.0	0	[706.904555670917]	0.6049000746710398	0	0	0	0	0	0.125	0.25	0	0
434	1.0	125.0	[3, 3, 3, 2, 2]	set()	6.0907566522583	4.865174267198075	4.8859847001538395	0.0	0	[23.571807891130447, 288.68942472733795, 501.0864660143852, 599.2322647944093, 801.0247317142785]	1.6414301205813624	0	0	0	0	0	0.068375	0.625	0	0
125	1.0	125.0	[3, 2, 3]	set()	4.99632957547331	3.8638809844201036	3.7654745001559418	0.0	0	[133.493070024997, 568.4673530012658, 713.0162762477994]	1.2687458756943975	0	0	0	0	0	0.23075	1.0	0	0
497	1.0	125.0	[2]	set()	4.096409395988314	3.84747804345218	3.88048254717166	0.0	0	[769.790175370872]	0.5395297506761328	0	0	0	0	0	0.0	0.0	0	0
249	1.0	125.0	[3]	set()	2.7385359633106363	2.5788250132986668	2.607863726982741	0.0	0	[730.4553335998207]	0.582805428916535	0	0	0	0	0	0.28375	0.625	0	0
187	1.0	125.0	[3]	set()	4.5031373943172825	4.257746045375442	4.3063551031055605	0.0	0	[709.7227429039776]	0.6023997475366392	0	0	0	0	0	0.161375	0.375	0	0
1	1.0	125.0	[3, 3, 3, 3, 3, 3]	set()	5.662465688671472	4.082392996671945	4.249005913771595	0.0	0	[125.01390436257688, 200.71182673301013, 245.7276282366365, 335.924055807123, 814.2375083592063, 973.849700530991]	1.5528252365407087	0	0	0	0	0	0.11624999999999999	1.5	0	0
63	1.0	125.0	[3, 3, 2]	set()	6.719541990816466	5.951100696566447	6.008329844764305	0.0	0	[112.26633699708044, 681.2714738771319, 899.2509534582496]	1.1296470870221609	0	0	0	0	0	0.164875	0.75	0	0
435	1.0	125.0	[3, 3, 2]	set()	6.098046474805052	4.891914682584795	5.013234325679891	0.0	0	[526.6060037538409, 732.09727415815, 732.9072059155308]	1.0212438230180658	0	0	0	0	0	0.0	0.0	0	0
498	1.0	125.0	[3, 3]	set()	2.044695507077681	1.808812056991119	1.8013420201291488	0.0	0	[472.1315389033407, 809.0229881927371]	1.0370516204530764	0	0	0	0	0	0.10112499999999999	0.25	0	0
311	1.0	125.0	[3, 3, 2, 3]	set()	8.724899800829316	7.448142274178273	7.146365928623842	0.0	0	[198.19324160926044, 350.3786101937294, 703.6453021700551, 830.6180788204074]	1.5376748939405311	0	0	0	0	0	0.35375	1.75	0	0
126	1.0	125.0	[3, 3, 3]	set()	6.126740946284173	4.596018505532996	4.6333791399278095	0.0	0	[81.97262064184719, 686.4759273166729, 872.9040143080056]	1.084639745820752	0	0	0	0	0	0.16712500000000002	0.875	0	0
373	1.0	125.0	[3, 3, 3, 3, 3, 3]	set()	12.22896370662762	8.820508241539919	8.587819049938956	0.0	0	[46.61129345186055, 235.36485666409132, 267.5108820967056, 346.5581659654422, 494.9965678667812, 623.7368557411918]	1.6835730447149482	0	0	0	0	0	0.157875	1.625	0	0
188	1.0	125.0	[3, 3, 2, 3]	set()	5.438810570100966	4.032577212285037	4.228408593643371	0.0	0	[248.33411328681044, 468.678074888885, 521.448252130938, 777.0769828930497]	1.5177255785328174	0	0	0	0	0	0.0665	0.375	0	0
250	1.0	125.0	[3, 3, 3, 3]	set()	5.517301166573598	4.406689498047478	4.671588757949792	0.0	0	[133.85924138128755, 449.5511828691896, 499.1214852780104, 524.7818520148423]	1.229645208814412	0	0	0	0	0	0.1905	1.125	0	0
64	1.0	125.0	[3, 3]	set()	3.075963873360075	2.5675148754049144	2.538639393127048	0.0	0	[422.0743444748223, 686.7009701672941]	1.0794882502666296	0	0	0	0	0	0.16425	0.5	0	0
312	1.0	125.0	[3, 3]	set()	4.369527519283752	3.800076331025265	3.751801867676565	0.0	0	[339.90355767309666, 662.4048317160626]	1.0983428904054022	0	0	0	0	0	0.08475	0.25	0	0
2	1.0	125.0	[2, 3]	set()	5.002012457027884	4.020375637812486	4.392218447967583	0.0	0	[277.4790843457655, 361.523074330762]	0.8503239524799515	0	0	0	0	0	0.125	0.375	0	0
499	1.0	125.0	[3]	set()	4.749415270378014	4.316402618127547	4.316317606198043	0.0	0	[500.60555385425687]	0.6931464471688252	0	0	0	0	0	0.0	0.0	0	0
436	1.0	125.0	[3, 2]	set()	5.816022442403194	4.386934947684421	4.617210763252854	0.0	0	[563.0499890539795, 960.1452215574682]	0.818589934095469	0	0	0	0	0	0.0	0.0	0	0
374	1.0	125.0	[3, 3, 3, 3, 3, 3]	set()	8.918649460002216	6.071487662119358	6.338417354224905	0.0	0	[17.399978591129184, 100.52001532176423, 286.96087270688173, 655.8002072212367, 905.809437894396, 940.0911031855088]	1.5891363239433276	0	0	0	0	0	0.055625	0.625	0	0
189	1.0	125.0	[3]	set()	4.244428379342041	4.0650696652892435	4.102422754130524	0.0	0	[254.1506616398692]	0.5668493390635772	0	0	0	0	0	0.125	0.25	0	0
251	1.0	125.0	[3, 3]	set()	2.663209190047448	2.294163497834379	2.3849815924835207	0.0	0	[22.616312839090824, 702.6210324838758]	0.7085884314396798	0	0	0	0	0	0.0	0.0	0	0
127	1.0	125.0	[3, 3, 3, 2, 3, 2, 3]	set()	7.429383922373564	5.197663668962905	5.533816433518465	0.0	0	[66.04958162643015, 337.9368241876364, 357.852004468441, 478.5603800964577, 541.1136047914624, 629.8120089340955, 675.3350684767221]	1.7609283105207503	0	0	0	0	0	0.29075	2.125	0	0
65	1.0	125.0	[3, 2, 3, 2, 3]	set()	7.721730069356605	4.661307618371135	5.341063015500964	0.0	0	[308.1602449528873, 713.6911639186669, 732.7301260083914, 847.0887552370544, 894.6059718444159]	1.4340677695584716	0	0	0	0	0	0.12999999999999998	0.5	0	0
437	1.0	125.0	[3, 2, 3]	set()	6.549729488965899	5.2259329808757435	4.946713382696624	0.0	0	[152.54783956333995, 393.1799391609858, 825.3652984276414]	1.2969177187255279	0	0	0	0	0	0.14687499999999998	0.625	0	0
313	1.0	125.0	[3, 3]	set()	4.636588666916507	3.331327162068418	3.6293183384267644	0.0	0	[66.29671761766076, 116.89069191925228]	0.44064831892393364	0	0	0	0	0	0.0	0.0	0	0
252	1.0	125.0	[2]	set()	3.25990890471455	3.0125343383391834	3.0081638662284007	0.0	0	[600.199514767155]	0.6729306877985608	0	0	0	0	0	0.0	0.0	0	0
190	1.0	125.0	[2, 3, 3]	set()	5.624360155347991	5.094232201373124	5.096450623364887	0.0	0	[114.76861448583352, 620.5126927234232, 758.7680760771036]	1.2098238352586084	0	0	0	0	0	0.2675	1.25	0	0
3	1.0	125.0	[2, 2, 3, 2, 2]	set()	9.41437530938484	6.857988472494339	7.171443539901814	0.0	0	[132.6535369735211, 264.82572225202983, 335.53150823621337, 964.5872679539024, 998.5674205236136]	1.1386387045417392	0	0	0	0	0	0.0	0.0	0	0
375	1.0	125.0	[2, 2, 2, 3, 2, 3]	set()	9.992405232035445	6.866115323531859	7.312596653496961	0.0	0	[18.74404755165482, 27.047375873646693, 266.230115889295, 723.3790466561913, 780.6663194778107, 799.2707483978553]	1.3745942987196567	0	0	0	0	0	0.034625	0.375	0	0
66	1.0	125.0	[3]	set()	2.9410190121152864	2.8778214299165548	2.880167638199758	0.0	0	[964.010862633586]	0.15498087579904776	0	0	0	0	0	0.018	0.5	0	0
128	1.0	125.0	[2, 2, 2]	set()	8.736555405224443	5.915263070435859	6.0530530866018974	0.0	0	[237.94359434396029, 338.58908619731665, 603.2801722176373]	1.2913206246304056	0	0	0	0	0	0.0	0.0	0	0
314	1.0	125.0	[3]	set()	2.9607400398944117	2.7491270262542464	2.593903842628833	0.0	0	[950.8512946777046]	0.19600098829646345	0	0	0	0	0	0.00625	0.125	0	0
438	1.0	125.0	[2, 3]	set()	4.726392993429256	3.8950404166457315	3.9084221274854696	0.0	0	[241.17621581035496, 640.436710556969]	1.0773696697824846	0	0	0	0	0	0.16999999999999998	0.5	0	0
191	1.0	125.0	[3, 3]	set()	4.849539481149014	3.8628197920124188	4.067176231978889	0.0	0	[71.45441323518753, 974.2260163184256]	0.3751783376760427	0	0	0	0	0	0.01775	0.25	0	0
376	1.0	125.0	[3, 3]	set()	2.9562942539532306	2.8443766977821325	2.8590288514168343	0.0	0	[47.94316738843918, 454.6005059964955]	0.8421839541751376	0	0	0	0	0	0.27912499999999996	1.0	0	0
253	1.0	125.0	[2]	set()	7.359021246429718	6.42602785914004	6.444963244166063	0.0	0	[239.23165467567745]	0.5501926526948653	0	0	0	0	0	0.0	0.0	0	0
67	1.0	125.0	[3, 2]	set()	4.566216773103328	3.8327140363236034	3.895423497800842	0.0	0	[425.3113078884781, 826.5309757553041]	1.0339008321123389	0	0	0	0	0	0.071875	0.25	0	0
4	1.0	125.0	[3, 3]	set()	4.728201596919388	4.07822471908705	4.066842457939238	0.0	0	[211.3150751683861, 547.6967429276556]	1.053818505520291	0	0	0	0	0	0.11325	0.25	0	0
439	1.0	125.0	[3, 3]	set()	3.064682664991537	2.7124087889922315	2.7403198770438877	0.0	0	[448.6082508228719, 927.2803943604232]	0.9028719284016692	0	0	0	0	0	0.0925	0.625	0	0
315	1.0	125.0	[3, 3, 3]	set()	5.282920972864035	4.361343688060936	4.32892176181697	0.0	0	[504.37705568037927, 701.5963189769536, 845.6094395369291]	1.2329040193186374	0	0	0	0	0	0.056749999999999995	0.375	0	0
129	1.0	125.0	[2, 2, 3, 3]	set()	7.4817201994212414	5.804623373680402	5.716446820615656	0.0	0	[249.1154926663177, 378.9695265320654, 621.0027355700731, 696.5483548119664]	1.5116867265205287	0	0	0	0	0	0.13275	0.625	0	0
192	1.0	125.0	[3]	set()	2.9099088477709216	2.7564964849310885	2.693842322276878	0.0	0	[121.8200959265232]	0.3705357878965357	0	0	0	0	0	0.03025	0.25	0	0
254	1.0	125.0	[3]	set()	2.0752464053697754	1.960327265171694	1.9517900096944554	0.0	0	[67.14161043055356]	0.2461816219698829	0	0	0	0	0	0.025125	0.375	0	0
377	1.0	125.0	[2, 3]	set()	5.1681122034450695	4.408621336727664	4.299509574337875	0.0	0	[738.5030639689014, 854.8207897692919]	0.7542767387150361	0	0	0	0	0	0.05475	0.375	0	0
68	1.0	125.0	[3, 3, 3]	set()	5.301818214377061	4.686166399513835	4.65174637720234	0.0	0	[74.41523484885693, 541.4225030690432, 618.6139681376517]	1.1142798555112479	0	0	0	0	0	0.3255	1.5	0	0
440	1.0	125.0	[3]	set()	4.241366480966251	3.7690050932489143	3.7549488043997954	0.0	0	[412.2530568856746]	0.6776680947690426	0	0	0	0	0	0.125	0.25	0	0
5	1.0	125.0	[3, 2, 3, 2, 3, 3, 2, 2]	set()	6.018394211681523	3.230891281698781	3.87759464909252	0.0	0	[96.33638876528305, 165.4680618084967, 209.5907477196306, 533.7171894874499, 798.3745750971138, 850.2085331529727, 914.275900926441, 929.6039778273552]	1.845104672842249	0	0	0	0	0	0.18162499999999998	1.875	0	0
130	1.0	125.0	[3, 3, 2, 2, 3]	set()	7.062731648098481	4.92979232254498	5.224401920227011	0.0	0	[31.895149499177933, 44.39820272968742, 112.898029102253, 332.8895164645271, 488.2137256114487]	1.313490778793975	0	0	0	0	0	0.07037500000000001	1.0	0	0
316	1.0	125.0	[3, 3, 3, 3, 2]	set()	9.590519300249099	6.615580486831141	6.8938916927455045	0.0	0	[184.3123285139949, 199.16600044895816, 228.87660982087252, 374.9708153773099, 931.0077782720329]	1.2705225065498307	0	0	0	0	0	0.23100000000000004	1.125	0	0
193	1.0	125.0	[3]	set()	5.812572181262494	5.374024521703689	5.499079734146921	0.0	0	[149.83676373958588]	0.42242583349074686	0	0	0	0	0	0.125	0.25	0	0
378	1.0	125.0	[2]	set()	5.340650989446529	4.6863053588508805	4.7037065470066555	0.0	0	[425.78095803037286]	0.6820894297360084	0	0	0	0	0	0.0	0.0	0	0
255	1.0	125.0	[2, 3, 2]	set()	8.243970796243074	6.548954982360318	6.7171957159808	0.0	0	[527.4511768948287, 728.6863154731691, 978.8874192163348]	1.088147621224991	0	0	0	0	0	0.0	0.0	0	0
441	1.0	125.0	[3, 3, 3, 3, 2, 3]	set()	5.311790196616982	3.905061862256705	3.9572858305204006	0.0	0	[135.45579090714455, 397.4335388996921, 545.4819221049547, 587.672358378768, 636.7258493820334, 871.8513767234981]	1.7896242906674942	0	0	0	0	0	0.40275	2.75	0	0
69	1.0	125.0	[3, 3, 2, 3, 3]	set()	4.736874867481882	4.087193705924192	4.077350619137844	0.0	0	[165.6885128468275, 428.96603466942906, 441.6594773488613, 809.9952298216522, 824.7524232137948]	1.4399326743194965	0	0	0	0	0	0.377625	2.125	0	0
194	1.0	125.0	[3, 3, 3]	set()	3.554813799279924	2.8324455070523227	2.78461195179215	0.0	0	[100.2482557669282, 210.5742481071502, 425.81924237310886]	1.1229483697596032	0	0	0	0	0	0.079375	0.625	0	0
6	1.0	125.0	[3, 2, 3, 3, 3, 2]	set()	5.511098008863618	4.055912962670266	4.1514417042930765	0.0	0	[240.53664969627863, 346.56751002136195, 412.91993111372, 456.5671609957247, 937.5061721075326, 976.6431857274606]	1.4639916896189713	0	0	0	0	0	0.17575000000000002	1.75	0	0
256	1.0	125.0	[3]	set()	1.816187707854974	1.7538107181621188	1.724355885280764	0.0	0	[116.46090354770422]	0.35981377256815117	0	0	0	0	0	0.375	0.75	0	0
131	1.0	125.0	[3, 3, 3, 3, 3]	set()	5.9454185797406565	4.5331854365219115	4.490730707036366	0.0	0	[121.85280910741358, 358.08309726417065, 391.4577324170743, 487.265320494771, 527.4510877548169]	1.4189379664410877	0	0	0	0	0	0.463	3.0	0	0
379	1.0	125.0	[3]	set()	2.8943923685413018	2.806490358241437	2.792312028197513	0.0	0	[631.5883789211512]	0.65810490377805	0	0	0	0	0	0.046125	0.125	0	0
317	1.0	125.0	[2, 3]	set()	7.101715974086939	5.689602795193496	5.937346431312872	0.0	0	[34.737357705196146, 417.8895861841738]	0.7992592449147964	0	0	0	0	0	0.052125000000000005	0.25	0	0
70	1.0	125.0	[3, 3]	set()	3.853537706472829	3.2527404792798165	3.323486761430983	0.0	0	[710.2897646836936, 931.5065667033195]	0.7603399577874239	0	0	0	0	0	0.28625	1.0	0	0
132	1.0	125.0	[2, 2, 3, 3]	set()	3.6728834605281286	3.0507397149817352	3.1537403868469895	0.0	0	[339.10952047382017, 543.2973760751612, 625.2105047110832, 938.72211384587]	1.430831228945221	0	0	0	0	0	0.07825	0.25	0	0
195	1.0	125.0	[2, 3]	set()	6.184563796203735	5.079544647768468	4.998171120236046	0.0	0	[332.1989496253805, 784.8856395576149]	1.0554110146386069	0	0	0	0	0	0.125	0.375	0	0
442	1.0	125.0	[3, 3, 3, 3, 2]	set()	8.048943841403846	6.320543781100303	6.35684690481216	0.0	0	[447.31580559164286, 601.8965560942888, 690.8678822219372, 897.7875616401434, 946.4723381704428]	1.4935663541489221	0	0	0	0	0	0.319375	2.25	0	0
7	1.0	125.0	[3, 3]	set()	5.708400267825802	4.68623628532435	4.8943684754397445	0.0	0	[0.9336580988019704, 497.166016837582]	0.6999250015322053	0	0	0	0	0	0.00025	0.25	0	0
257	1.0	125.0	[3]	set()	7.121144265885216	6.752995108102717	6.702603854696313	0.0	0	[418.4545371681452]	0.6797882618311627	0	0	0	0	0	0.1455	0.25	0	0
380	1.0	125.0	[3, 3, 2]	set()	6.521035184843775	5.590295430467212	5.5250192366883635	0.0	0	[51.75763973966241, 432.48088541440666, 590.129133361541]	1.17772849928806	0	0	0	0	0	0.429	1.75	0	0
318	1.0	125.0	[2, 3, 3, 2, 2]	set()	7.049277721509553	5.249707526583234	5.682104554035092	0.0	0	[154.74650622394125, 412.7428668063562, 620.4653948079795, 624.8364483499153, 846.1467429069075]	1.6102351064487528	0	0	0	0	0	0.375	2.25	0	0
133	1.0	125.0	[3]	set()	3.3033349376563104	3.217353352890994	3.227735806223012	0.0	0	[958.1310637295246]	0.173838910411176	0	0	0	0	0	0.01575	0.375	0	0
8	1.0	125.0	[3]	set()	3.508890654853571	3.2131623354499137	3.1949654787820023	0.0	0	[798.4121881891042]	0.5025957350860188	0	0	0	0	0	0.07575	0.375	0	0
71	1.0	125.0	[2, 3, 2, 3]	set()	8.055127473732579	5.7972140254591435	5.809406350848566	0.0	0	[31.22394047548127, 533.6816501803696, 676.1083829868712, 850.5148347467184]	1.3203156479465012	0	0	0	0	0	0.2605	1.5	0	0
443	1.0	125.0	[3, 3, 2]	set()	5.487875083302281	4.858195822572883	4.933757670883982	0.0	0	[75.48863952979445, 335.2259668425139, 596.2826241739094]	1.261985001161075	0	0	0	0	0	0.08375	0.5	0	0
196	1.0	125.0	[2, 3, 3]	set()	6.080831918264423	5.126181705188724	5.286490071200807	0.0	0	[138.4189547970891, 719.1692255437374, 851.8592570908368]	1.1402068124017977	0	0	0	0	0	0.0745	0.5	0	0
258	1.0	125.0	[3, 3, 2]	set()	3.985804758385901	3.0979766624771226	3.222579881642364	0.0	0	[14.066683128476145, 286.5204808325648, 422.58481856994257]	1.0027579527983055	0	0	0	0	0	0.041	0.625	0	0
319	1.0	125.0	[3, 3]	set()	6.995516112612583	6.1258577745165805	5.93533717871378	0.0	0	[288.08608930557966, 735.1260231807828]	1.0703224765564405	0	0	0	0	0	0.055875	0.125	0	0
134	1.0	125.0	[2, 3, 3, 3]	set()	4.688004232153739	3.5881419572444884	3.6981166075423415	0.0	0	[34.72962789237499, 89.82225181534886, 473.5692711547017, 650.0714463356858]	1.3175018415552382	0	0	0	0	0	0.29000000000000004	1.5	0	0
9	1.0	125.0	[3, 3, 2]	set()	3.560713822062344	3.3663204721356674	3.279942899608102	0.0	0	[143.22314807213843, 462.8465119749308, 975.3235019743444]	1.0768397574512742	0	0	0	0	0	0.15125	0.75	0	0
72	1.0	125.0	[3, 3]	set()	5.810999723186789	5.264357716753332	5.098987088533567	0.0	0	[493.2131725935385, 952.9901500791312]	0.849590731827335	0	0	0	0	0	0.262	1.0	0	0
381	1.0	125.0	[3, 2, 3, 3, 3, 3]	set()	9.379973964578731	6.9250237886864925	7.253526681079071	0.0	0	[162.53032416975356, 245.0902829878032, 253.03569680523964, 297.8583457879722, 600.2297394443303, 958.1252438403664]	1.541097477178328	0	0	0	0	0	0.1795	1.625	0	0
444	1.0	125.0	[3, 3]	set()	4.135199123890013	3.8512132638639667	3.737418894840902	0.0	0	[94.41074077039956, 129.68721752986312]	0.4616910982015604	0	0	0	0	0	0.048374999999999994	0.75	0	0
197	1.0	125.0	[3]	set()	5.3211343099396045	5.17996874910932	5.179878136783293	0.0	0	[499.20523376204073]	0.6931459172526673	0	0	0	0	0	0.312875	0.625	0	0
320	1.0	125.0	[3]	set()	2.8071937904997846	2.6186819132163013	2.6381098316654716	0.0	0	[281.658778199926]	0.5945131537113247	0	0	0	0	0	0.28512499999999996	0.625	0	0
259	1.0	125.0	[3, 3, 3, 3, 3, 3, 3, 3]	set()	8.599235481251565	5.981383765424466	6.174290177264567	0.0	0	[154.1562339871123, 285.067527089268, 357.87518707137014, 405.0215821506002, 413.8223654590547, 427.5430287234485, 662.0371066387834, 771.1953371763229]	1.9090064468574144	0	0	0	0	0	0.47550000000000003	4.375	0	0
198	1.0	125.0	[3, 3, 3]	set()	3.2982441684967934	2.87583762019033	2.8362328405448864	0.0	0	[331.5149525544742, 630.1118289120495, 925.94906501472]	1.2799906438789592	0	0	0	0	0	0.259375	1.125	0	0
10	1.0	125.0	[3, 3, 3, 2, 2, 3]	set()	6.01563906684189	3.8870129059905354	4.428859058514081	0.0	0	[19.221169874072075, 79.96171948543117, 429.3847698718309, 694.8927715773526, 783.2617823725856, 886.4670619368553]	1.6613976076425268	0	0	0	0	0	0.14075000000000001	1.25	0	0
382	1.0	125.0	[3, 2, 3, 3]	set()	5.0552899475841375	4.029342714826301	4.0275093032659885	0.0	0	[345.97104155268573, 352.6067580096424, 541.8358313689531, 867.507252034411]	1.3486795204551922	0	0	0	0	0	0.293125	1.375	0	0
73	1.0	125.0	[3, 3]	set()	5.229269416252616	4.51292165395841	4.459473983677705	0.0	0	[157.5804732274264, 562.5948857050389]	1.018933745306088	0	0	0	0	0	0.058875	0.375	0	0
445	1.0	125.0	[3]	set()	6.715475882727651	6.643121637233634	6.493862904626614	0.0	0	[918.9267065376044]	0.28138293280689175	0	0	0	0	0	0.0205	0.25	0	0
321	1.0	125.0	[3, 3]	set()	3.9622066008453616	3.3420880336782637	3.367471337758498	0.0	0	[254.7030649147928, 327.1911204792559]	0.8052093297812348	0	0	0	0	0	0.072625	0.375	0	0
135	1.0	125.0	[2, 3, 2, 2, 3, 2, 3]	set()	10.803340052195122	7.6231772732450445	7.715390580599012	0.0	0	[165.77071277424693, 422.5230417214334, 540.5314727686346, 616.2873215507716, 741.6645288467407, 793.1573274545372, 948.4142479486763]	1.9498586150153736	0	0	0	0	0	0.342625	2.625	0	0
260	1.0	125.0	[2, 3, 3, 3]	set()	4.433292958834399	3.3590002419308598	3.4256896746690173	0.0	0	[283.30623311921954, 321.02539762854576, 615.8630475401878, 657.5340683311777]	1.3404445609797944	0	0	0	0	0	0.30425	1.5	0	0
199	1.0	125.0	[2, 3]	set()	3.9336570979940624	3.1521391136111574	3.192356792821623	0.0	0	[479.4370159506798, 948.2407071627676]	0.8608739011283829	0	0	0	0	0	0.25	0.75	0	0
11	1.0	125.0	[3, 3]	set()	4.145368490088228	3.8000330088363996	3.8883817678073522	0.0	0	[930.4785649292172, 972.719507291913]	0.2989655288817637	0	0	0	0	0	0.1775	1.875	0	0
74	1.0	125.0	[3, 3]	set()	4.945249708988924	4.355508007627413	4.251116147445502	0.0	0	[344.9121122248471, 878.8787643425167]	0.9578519413312261	0	0	0	0	0	0.058249999999999996	0.25	0	0
446	1.0	125.0	[3, 2]	set()	4.362779031512366	3.7241061648771883	3.8504139413619223	0.0	0	[481.2892857007682, 719.1311200149357]	1.0502031060083348	0	0	0	0	0	0.060125	0.125	0	0
383	1.0	125.0	[2, 3, 2, 2]	set()	5.433460545395575	4.590807455556953	4.678999424621587	0.0	0	[168.82488317787647, 218.006094917655, 364.55962993204594, 876.0594800114632]	1.331599075812633	0	0	0	0	0	0.3045	1.75	0	0
322	1.0	125.0	[3, 3]	set()	2.0656312534998786	1.7645911662801386	1.7699531078916164	0.0	0	[190.4834825545549, 579.3698467314243]	1.0474148035457689	0	0	0	0	0	0.07125	0.375	0	0
136	1.0	125.0	[3, 3, 3]	set()	4.341290156694424	3.345593590205443	3.4648376711640703	0.0	0	[549.9008291034614, 819.9438266456127, 886.0113854278339]	1.1094383309804052	0	0	0	0	0	0.15350000000000003	0.75	0	0
200	1.0	125.0	[3, 2]	set()	3.029600302540231	2.6799183493133434	2.780193374945056	0.0	0	[203.11720110476017, 720.8707649260759]	1.0207688365694383	0	0	0	0	0	0.076125	0.375	0	0
12	1.0	125.0	[3]	set()	3.1092172206757027	2.834803467393349	2.770680779724943	0.0	0	[137.52184621989727]	0.4004392867112546	0	0	0	0	0	0.0	0.0	0	0
447	1.0	125.0	[3, 2]	set()	3.2003945634094895	2.7105316550116783	2.6918442009352384	0.0	0	[339.44963500835, 476.0473577771336]	0.9773374747978234	0	0	0	0	0	0.16525	0.5	0	0
261	1.0	125.0	[3, 3, 3]	set()	5.61936362269573	4.27925864662929	4.4082664359581925	0.0	0	[219.72555496461555, 806.1393007329838, 936.2635782454164]	1.0867774922660203	0	0	0	0	0	0.10874999999999999	0.375	0	0
323	1.0	125.0	[3, 3]	set()	2.3211886416250778	1.9161503126484356	1.9903022406225828	0.0	0	[76.26460727173966, 932.1238286793232]	0.5120761223463577	0	0	0	0	0	0.249	0.75	0	0
75	1.0	125.0	[2, 3, 2, 2]	set()	4.2262923470025004	3.188555172549506	3.3382421882134294	0.0	0	[373.8140525896605, 427.7834049426019, 519.1253561060876, 535.8534860424697]	1.168668339172272	0	0	0	0	0	0.196625	1.0	0	0
384	1.0	125.0	[3, 3, 2, 3]	set()	7.069588555140665	5.167319630277792	5.194282174795757	0.0	0	[239.75278344005343, 347.50163462013006, 731.4005922526121, 751.3848058879375]	1.3742263948611861	0	0	0	0	0	0.281125	1.375	0	0
13	1.0	125.0	[3]	set()	2.1646886223866115	1.877882670994707	1.8714807609390425	0.0	0	[540.9071464091539]	0.689796647606529	0	0	0	0	0	0.0	0.0	0	0
137	1.0	125.0	[3, 2]	set()	4.031313624096974	3.5846555274666314	3.579063052868152	0.0	0	[39.52462758872488, 556.0940126888454]	0.8294299803833521	0	0	0	0	0	0.125	0.375	0	0
201	1.0	125.0	[3]	set()	6.215273760903422	5.224149233514816	5.402731602541337	0.0	0	[180.97169091925025]	0.47286371392239746	0	0	0	0	0	0.0	0.0	0	0
76	1.0	125.0	[3, 3, 3]	set()	3.31273021956577	2.430426745681218	2.4020390665363065	0.0	0	[569.9254889041185, 756.4204070857354, 959.5102514374184]	1.0872165297840222	0	0	0	0	0	0.17074999999999999	0.5	0	0
324	1.0	125.0	[3]	set()	4.355664024765574	4.094286378707231	3.930836491336039	0.0	0	[119.23386715352537]	0.3653957407900802	0	0	0	0	0	0.15475	0.5	0	0
262	1.0	125.0	[2, 2, 3, 3]	set()	7.710411378844802	5.323872603919781	5.622127042713369	0.0	0	[322.3610199056566, 631.6604162566364, 773.0097835883498, 870.2664911800242]	1.4960368336552272	0	0	0	0	0	0.129125	0.625	0	0
448	1.0	125.0	[3, 3]	set()	5.859747880400161	5.406750114683153	5.5072638725643595	0.0	0	[120.87176088243724, 289.4830950535834]	0.7983881143978945	0	0	0	0	0	0.125	0.375	0	0
14	1.0	125.0	[3, 3, 3, 3, 3]	set()	4.920268360653301	3.6609132974380207	3.8384359781460047	0.0	0	[116.616431411664, 592.804558807984, 714.7809057367328, 779.4601625340873, 816.0263889609575]	1.4700833417134977	0	0	0	0	0	0.28574999999999995	1.5	0	0
385	1.0	125.0	[3]	set()	4.547359665263013	4.26298108189512	4.143098108590207	0.0	0	[700.9853022173047]	0.6100271446678746	0	0	0	0	0	0.0875	0.125	0	0
325	1.0	125.0	[3, 3, 3]	set()	4.402152548841076	3.3429538656549354	3.6736852214684252	0.0	0	[905.7515896856784, 959.2141946901478, 970.2507266774774]	0.40054419819557163	0	0	0	0	0	0.019375	0.625	0	0
77	1.0	125.0	[3, 3, 3]	set()	3.9464096167869283	3.1472376179195756	3.212209359131176	0.0	0	[76.59568963572383, 434.51484316028655, 808.4123779713383]	1.248945914215823	0	0	0	0	0	0.14900000000000002	0.625	0	0
202	1.0	125.0	[2]	set()	5.465262613863903	5.192272163204525	5.147241410462536	0.0	0	[211.10837161540985]	0.515421482613619	0	0	0	0	0	0.0	0.0	0	0
263	1.0	125.0	[2, 3]	set()	4.86013545826781	4.299187674421397	4.215214715343709	0.0	0	[155.28005547821522, 306.1796501278877]	0.8282059592455528	0	0	0	0	0	0.03825	0.25	0	0
15	1.0	125.0	[3]	set()	1.7025275422505388	1.5931424241753545	1.5970842966658816	0.0	0	[430.3186805918813]	0.6834045269034332	0	0	0	0	0	0.25	0.5	0	0
138	1.0	125.0	[2, 3, 2, 3]	set()	13.042413517309841	9.390510091010563	10.625164763111183	0.0	0	[123.45659756101668, 125.06500928436992, 495.1073611155152, 574.9937347350151]	1.2020158691209062	0	0	0	0	0	0.0	0.0	0	0
449	1.0	125.0	[2, 3]	set()	6.457300180694068	5.72056304379905	5.801252209181284	0.0	0	[89.72722920589149, 738.5296714492142]	0.84776541763684	0	0	0	0	0	0.25	0.75	0	0
326	1.0	125.0	[3, 3, 3, 3, 3]	set()	5.1025208508065845	3.9772116454242	4.135100556793839	0.0	0	[311.320248991251, 349.9963872380624, 581.6655809837931, 651.1520060110549, 822.0394692039523]	1.6222926300480085	0	0	0	0	0	0.26587500000000003	1.375	0	0
264	1.0	125.0	[3]	set()	2.389063110132362	2.310720226521507	2.3212997216264917	0.0	0	[665.7626782543957]	0.6371389274545646	0	0	0	0	0	0.333125	0.625	0	0
203	1.0	125.0	[3, 3, 3]	set()	6.503964056198833	5.334780498036143	5.2925858317081795	0.0	0	[90.61041264794768, 240.79516250640157, 425.9577217503452]	1.1332101113253124	0	0	0	0	0	0.196875	0.625	0	0
78	1.0	125.0	[3, 3, 2]	set()	6.384276216520712	5.7676503207134715	5.7341027998933605	0.0	0	[211.1871549859643, 256.07217056676745, 679.8425200395286]	1.1961803756083678	0	0	0	0	0	0.128	1.0	0	0
16	1.0	125.0	[2]	set()	3.4741831049236964	3.1499500975711747	3.1701972508627176	0.0	0	[580.3781254217029]	0.6801696578722483	0	0	0	0	0	0.0	0.0	0	0
386	1.0	125.0	[2, 3, 2, 2, 2]	set()	9.128048406898007	7.339630755253705	7.4875456521140435	0.0	0	[131.8965073770917, 192.01148860156536, 237.4189538827928, 334.45331640541553, 442.56696314550936]	1.3692330064025513	0	0	0	0	0	0.125	0.75	0	0
450	1.0	125.0	[3]	set()	3.6450461037787933	3.5100500514525077	3.5306813496393077	0.0	0	[132.31696374714377]	0.39076754503334493	0	0	0	0	0	0.14150000000000001	0.375	0	0
265	1.0	125.0	[3]	set()	4.816306114899119	4.348287380595951	4.308226192787836	0.0	0	[380.2200478967279]	0.6641717478679113	0	0	0	0	0	0.2025	0.375	0	0
327	1.0	125.0	[2, 3, 2, 3]	set()	4.81778927502281	3.9583989476952204	4.009719691576471	0.0	0	[166.64091497659683, 271.00954740308225, 769.1777236759663, 782.4553877580911]	1.270807152565066	0	0	0	0	0	0.11837500000000001	0.5	0	0
139	1.0	125.0	[2, 2]	set()	8.424237477515796	6.595237856066378	6.8857795920031855	0.0	0	[634.6968573052436, 936.768907122314]	0.8247239385124688	0	0	0	0	0	0.0	0.0	0	0
79	1.0	125.0	[3, 3, 2]	set()	4.448129814241598	3.793057829959701	3.9742663651766614	0.0	0	[334.1884248853106, 374.4129517581314, 594.5155005902052]	1.1947204849972366	0	0	0	0	0	0.135	0.75	0	0
17	1.0	125.0	[2]	set()	5.079601401572427	4.821216892124727	4.824027477726341	0.0	0	[761.3849435001612]	0.5494782672858729	0	0	0	0	0	0.125	0.25	0	0
204	1.0	125.0	[2, 2]	set()	3.125093761516821	2.715167413659309	2.7615462434549496	0.0	0	[202.6648567989469, 618.3672305196524]	1.0560170797841275	0	0	0	0	0	0.0	0.0	0	0
387	1.0	125.0	[3]	set()	5.500124423231945	5.360581824135882	5.359488399613159	0.0	0	[520.4958091489971]	0.692306788728732	0	0	0	0	0	0.19	0.375	0	0
266	1.0	125.0	[3]	set()	3.1787846396986734	2.9963642428230477	3.0202341473536016	0.0	0	[655.2021310199052]	0.6441667010143712	0	0	0	0	0	0.16375	0.25	0	0
451	1.0	125.0	[2, 3, 2]	set()	5.7193623951715535	4.100790457941943	4.124488033590641	0.0	0	[351.4853506349027, 457.3159739375114, 698.1054437346756]	1.3096113549144128	0	0	0	0	0	0.06787499999999999	0.25	0	0
205	1.0	125.0	[3]	set()	1.9881090135067903	1.820179367902861	1.8045123065842354	0.0	0	[753.5599514376372]	0.5583902350400726	0	0	0	0	0	0.0	0.0	0	0
80	1.0	125.0	[3]	set()	3.5825287055840627	3.526837246984418	3.5321158591319306	0.0	0	[791.4474601857364]	0.5120325686690516	0	0	0	0	0	0.151125	0.375	0	0
140	1.0	125.0	[2]	set()	4.113976714044401	3.754490608721058	3.7977976879855264	0.0	0	[953.3800818026066]	0.18843987798779163	0	0	0	0	0	0.0	0.0	0	0
328	1.0	125.0	[3, 3]	set()	5.2394709428996995	4.505409080701551	4.568242056141881	0.0	0	[38.14655262976885, 717.2351032495499]	0.7445801616223345	0	0	0	0	0	0.2005	0.75	0	0
388	1.0	125.0	[3, 3, 3, 3]	set()	7.843761132417479	6.283273377025331	6.342771067694653	0.0	0	[230.99252115935087, 329.7985955141485, 888.8035537675023, 998.1768138241024]	1.1458421813717985	0	0	0	0	0	0.09875	1.375	0	0
267	1.0	125.0	[3]	set()	4.226261550751592	3.716344793336158	3.7721717527291743	0.0	0	[668.1772032752633]	0.6354620063408691	0	0	0	0	0	0.0415	0.125	0	0
18	1.0	125.0	[3, 3, 3, 3, 3, 3, 3]	set()	10.354177215030502	7.180771848636829	7.47180477214295	0.0	0	[334.5864289286133, 476.4473420064159, 527.174434158951, 591.4989805551762, 647.7244481237605, 715.5260629951954, 916.6144309565424]	1.8450988887695743	0	0	0	0	0	0.432125	4.0	0	0
452	1.0	125.0	[3, 3]	set()	3.6501388722419117	3.040266992868302	3.092131353303631	0.0	0	[422.9221143759787, 920.3950448427348]	0.9127501334013326	0	0	0	0	0	0.11225	0.75	0	0
141	1.0	125.0	[3]	set()	4.206604576353334	3.910118463090549	3.903384326253458	0.0	0	[642.8064040374011]	0.6517863791678764	0	0	0	0	0	0.16975	0.375	0	0
81	1.0	125.0	[2]	set()	4.938070677246574	4.468850666732748	4.457140699897371	0.0	0	[735.6336514931172]	0.5775746132745759	0	0	0	0	0	0.0	0.0	0	0
206	1.0	125.0	[3, 3, 3]	set()	7.470721985971695	6.332401040428682	6.382257031775707	0.0	0	[399.02949845418334, 439.6249079145491, 783.944106195122]	1.194821236968133	0	0	0	0	0	0.12499999999999999	0.5	0	0
329	1.0	125.0	[3, 3, 2]	set()	4.084630940811594	3.3615589134956236	3.459709441236865	0.0	0	[293.97400142624974, 350.6653662307899, 463.2774945348501]	1.102525071391919	0	0	0	0	0	0.16875	0.75	0	0
389	1.0	125.0	[3, 3, 3, 3, 2]	set()	4.691689361274027	4.0072888051058095	3.959797813864412	0.0	0	[38.85004485147592, 88.80046149715781, 237.7312035709167, 384.8223495776586, 587.9894633867506]	1.5305344692992364	0	0	0	0	0	0.12837500000000002	1.125	0	0
19	1.0	125.0	[3, 3, 3]	set()	5.321809241970042	4.4724796023226805	4.471401859741371	0.0	0	[121.49262428283691, 358.51234524093934, 473.89664128422737]	1.1843756926520854	0	0	0	0	0	0.235	0.75	0	0
142	1.0	125.0	[3, 3]	set()	2.8732078385510325	2.2870759038615307	2.4209079541392664	0.0	0	[251.3143413234502, 266.6175775229931]	0.6384537438009876	0	0	0	0	0	0.28325	1.0	0	0
268	1.0	125.0	[2, 3]	set()	7.127508810784629	6.460367951277185	6.3355439588933535	0.0	0	[236.5163704380393, 807.2984521277249]	0.9783642030482105	0	0	0	0	0	0.125	0.375	0	0
453	1.0	125.0	[3, 2, 3, 3]	set()	8.665884017665599	5.7690412805745765	6.056091076114923	0.0	0	[434.50435413978994, 445.0469017702621, 484.8149102181196, 815.7890350421253]	1.2160015365792889	0	0	0	0	0	0.1855	1.0	0	0
330	1.0	125.0	[3, 3]	set()	3.1504215959015966	2.658825934497585	2.6289931732598397	0.0	0	[458.8661539010968, 602.4083001539111]	1.0027993280231573	0	0	0	0	0	0.125	0.375	0	0
82	1.0	125.0	[3, 3]	set()	3.2214296178297968	2.9970344980585684	2.995244627042777	0.0	0	[119.57750096917152, 208.93546217121184]	0.6551727470441491	0	0	0	0	0	0.165875	0.75	0	0
20	1.0	125.0	[2, 3]	set()	4.40844035411664	3.4597504918807456	3.5093105979830623	0.0	0	[456.66908170096576, 716.941923639292]	1.0655177199839303	0	0	0	0	0	0.16049999999999998	0.5	0	0
390	1.0	125.0	[3, 3]	set()	6.06059129252297	5.005411757258209	5.091451959725591	0.0	0	[103.19105628877878, 232.0012617856264]	0.7010768157968168	0	0	0	0	0	0.0	0.0	0	0
207	1.0	125.0	[3, 3, 3, 3]	set()	7.526994874168688	6.8745669058594885	6.6258582781761595	0.0	0	[682.5556023977697, 785.5502553284168, 871.2985094773358, 958.6522702593356]	1.050090495042055	0	0	0	0	0	0.1245	1.625	0	0
83	1.0	125.0	[3]	set()	2.7469551369110627	2.667267467990399	2.6237861996354215	0.0	0	[851.1705389246345]	0.4206732850130311	0	0	0	0	0	0.018625	0.125	0	0
269	1.0	125.0	[3]	set()	3.857517575242256	3.5160503578545255	3.502149697960137	0.0	0	[5.332312546670437]	0.03322723572394781	0	0	0	0	0	0.125625	0.375	0	0
143	1.0	125.0	[2, 2, 3]	set()	5.337208549859108	3.895853627378316	4.010594452419337	0.0	0	[98.9034972153604, 295.8998144682088, 417.8925158483895]	1.120484520606602	0	0	0	0	0	0.0	0.0	0	0
21	1.0	125.0	[3]	set()	2.699130152691447	2.5263787681353564	2.506247496008898	0.0	0	[706.2950059771538]	0.6054358243308628	0	0	0	0	0	0.0735	0.25	0	0
331	1.0	125.0	[3, 2, 2]	set()	4.771912411150958	4.201625018516688	4.156809323418286	0.0	0	[240.72735127992928, 443.0497661232948, 776.4040837064385]	1.3672408033289805	0	0	0	0	0	0.125	0.5	0	0
391	1.0	125.0	[3, 2]	set()	3.7695541804095134	3.2638934824635424	3.3769711248332057	0.0	0	[652.1900058723986, 689.7143670357764]	0.7650577664247338	0	0	0	0	0	0.0435	0.25	0	0
454	1.0	125.0	[3, 2, 3, 3, 3, 3]	set()	9.77946927846016	7.116821263568699	7.387315063306019	0.0	0	[36.76840011382154, 723.9071461135943, 732.598185306415, 778.0978042717901, 817.765572341159, 890.9164320211858]	1.1221299358909342	0	0	0	0	0	0.19200000000000003	1.875	0	0
144	1.0	125.0	[2, 3, 2]	set()	2.591188258318988	2.2240846170546256	2.312802216238835	0.0	0	[94.02704005312934, 286.87488360297755, 839.0870401635766]	1.1615823374562062	0	0	0	0	0	0.33925	1.25	0	0
270	1.0	125.0	[3, 3, 3, 3]	set()	6.340443536091174	4.706701777427978	5.174393278147535	0.0	0	[95.46784226671645, 277.2312823889087, 282.6042806264013, 733.7146536688555]	1.2736962040225852	0	0	0	0	0	0.284625	1.5	0	0
208	1.0	125.0	[3, 3, 3, 2, 2, 3, 3]	set()	5.6908874582577775	3.9650138496086567	4.27381347816763	0.0	0	[16.103757545351982, 309.4394447935065, 702.2478783037513, 889.7803379792242, 921.7012458066274, 948.4188561327755, 999.372168444097]	1.4702346678175289	0	0	0	0	0	0.29162499999999997	3.25	0	0
84	1.0	125.0	[2, 3, 2]	set()	4.512561076984531	4.086253219660038	4.041438820824577	0.0	0	[214.4398894160986, 292.75790067541527, 686.5407053846866]	1.260280687064147	0	0	0	0	0	0.198	1.0	0	0
22	1.0	125.0	[3]	set()	3.972327856019346	3.8801845281405383	3.9153834577203734	0.0	0	[885.1279215887189]	0.35658189407398466	0	0	0	0	0	0.014375	0.125	0	0
392	1.0	125.0	[2, 3, 2]	set()	5.862632492040226	5.0510738259309305	5.095077165479396	0.0	0	[66.56070198483732, 166.74310946837068, 203.94237153232095]	0.7148594345060051	0	0	0	0	0	0.0415	0.5	0	0
271	1.0	125.0	[2, 2]	set()	3.653673665405556	2.9184277795396225	2.9774277215630756	0.0	0	[65.2810619212687, 918.973830062896]	0.5168133492712862	0	0	0	0	0	0.0	0.0	0	0
332	1.0	125.0	[3, 2, 3, 3, 2, 2, 3]	set()	9.567428742433115	5.908627060857986	6.332167638766979	0.0	0	[62.78043333441019, 221.0833928456105, 304.2377019301057, 527.7180797420442, 697.8202995378524, 715.7622752711177, 818.4583580587059]	1.9241966713123064	0	0	0	0	0	0.27949999999999997	2.125	0	0
455	1.0	125.0	[2, 3, 3, 2]	set()	4.584190317593108	3.8285019273598166	3.9760240758734273	0.0	0	[140.15715552444829, 422.18807339668274, 445.9786522202194, 508.0190412700176]	1.2427652192200824	0	0	0	0	0	0.34175	1.875	0	0
209	1.0	125.0	[3, 2, 2, 3, 3]	set()	4.351770584566647	3.121034854906757	2.9838847896685	0.0	0	[38.93345434105022, 94.64356532858086, 200.5018217023462, 374.7360672650804, 482.3116382572778]	1.4100953663756965	0	0	0	0	0	0.0	0.0	0	0
23	1.0	125.0	[3, 3, 3, 3, 3]	set()	5.33584882402976	4.536895605902211	4.663612436656849	0.0	0	[162.05535057475683, 437.260827049613, 486.2902766905046, 591.4034987799823, 779.8801818862557]	1.682318010492184	0	0	0	0	0	0.35762499999999997	2.25	0	0
145	1.0	125.0	[3, 3, 3, 2, 2]	set()	4.913820898740694	3.5589791164201436	3.844974269937233	0.0	0	[298.32242988049984, 534.2237680487733, 759.4402417745272, 922.91864091506, 940.631207311526]	1.5724672753319824	0	0	0	0	0	0.421375	2.375	0	0
85	1.0	125.0	[3, 3, 3]	set()	4.228219590903224	3.648004638779132	3.58160774511331	0.0	0	[155.0369719043374, 252.3661218583584, 475.03733821213245]	1.1885126448019907	0	0	0	0	0	0.11025	0.75	0	0
393	1.0	125.0	[2, 3]	set()	3.375270428227556	3.1196537796596013	3.1181800764835286	0.0	0	[54.64965663850308, 556.8011133000255]	0.8654122640782449	0	0	0	0	0	0.111	0.25	0	0
24	1.0	125.0	[3, 3, 3]	set()	2.4799787068716106	2.2077158480609733	2.1828094288109874	0.0	0	[170.61971523799002, 232.81792948049016, 831.3589300960302]	1.081846537506433	0	0	0	0	0	0.35587499999999994	1.625	0	0
146	1.0	125.0	[2]	set()	3.037370379223539	2.779069605100874	2.6536035522770707	0.0	0	[784.0706459246576]	0.5217073844065137	0	0	0	0	0	0.125	0.25	0	0
86	1.0	125.0	[3]	set()	3.5989781491269923	3.5713299759507837	3.539479796462362	0.0	0	[43.04584208875895]	0.17750603267627565	0	0	0	0	0	0.125	0.25	0	0
333	1.0	125.0	[3]	set()	4.377569103992175	4.014873832754942	4.073513769880596	0.0	0	[339.5953578874469]	0.640766716208577	0	0	0	0	0	0.167375	0.375	0	0
456	1.0	125.0	[2, 2, 2]	set()	5.658276084609863	4.3006491168094545	4.229786230194527	0.0	0	[336.92482695914805, 645.4824714455754, 824.731498491019]	1.3426997042912237	0	0	0	0	0	0.0	0.0	0	0
210	1.0	125.0	[3, 2, 3, 3]	set()	6.4669296828029745	5.581724739715979	5.844754565186796	0.0	0	[259.2179467052453, 882.8533902750987, 950.1907513476908, 999.4656664784998]	0.9784796119626744	0	0	0	0	0	0.22875	1.625	0	0
272	1.0	125.0	[2, 2, 3]	set()	8.571152465488472	6.222416421689215	6.410687502985203	0.0	0	[583.5200408473611, 819.2205515224487, 875.3821039572358]	1.076196946371591	0	0	0	0	0	0.015625	0.125	0	0
394	1.0	125.0	[3]	set()	6.154746049030002	5.198673940983089	5.179031012521622	0.0	0	[336.7320029065013]	0.6388440007077487	0	0	0	0	0	0.083	0.125	0	0
334	1.0	125.0	[3, 3, 3, 3]	set()	4.519618006316312	3.6189332679640582	3.5760719902438636	0.0	0	[144.1314872354269, 148.26151728630066, 437.1909946203232, 619.5164064497014]	1.338562433306446	0	0	0	0	0	0.24812499999999998	1.5	0	0
147	1.0	125.0	[3, 3]	set()	4.7629043915578215	4.149150337792458	4.1150369848398585	0.0	0	[310.78632874414325, 538.2092567160726]	1.056800508904862	0	0	0	0	0	0.125	0.375	0	0
457	1.0	125.0	[2, 3, 3]	set()	4.31362921944606	3.430661260898517	3.4629520623060674	0.0	0	[221.8103646300733, 378.213464980945, 855.2602515555918]	1.2570463526343276	0	0	0	0	0	0.065375	0.375	0	0
25	1.0	125.0	[3, 3, 3, 3]	set()	5.994708558439781	4.643756931724477	4.804735916347779	0.0	0	[220.2140875160694, 342.7503101247884, 606.4013075083494, 828.6674316041172]	1.5784627972769245	0	0	0	0	0	0.28375	1.375	0	0
87	1.0	125.0	[3, 3, 3, 3]	set()	6.4086822201140015	5.338203683130994	5.14457984572879	0.0	0	[74.67577922987867, 76.29736215586202, 197.1089355647564, 671.9535424591334]	1.178798928144642	0	0	0	0	0	0.36724999999999997	2.625	0	0
395	1.0	125.0	[3, 3]	set()	3.5104862646657677	2.900360481025762	2.859783962110003	0.0	0	[182.47278593480587, 339.7042630240321]	0.8753655474180007	0	0	0	0	0	0.019625	0.125	0	0
273	1.0	125.0	[3, 3, 3, 2]	set()	5.354172635135333	4.167843833899122	4.1223356200985695	0.0	0	[58.4803584497422, 115.84280780516563, 515.956349670887, 626.3913495931774]	1.3076587162403706	0	0	0	0	0	0.19287500000000002	1.0	0	0
211	1.0	125.0	[2, 2, 3, 2, 2]	set()	7.36861174993899	5.48063244799104	5.771559813527319	0.0	0	[442.5118747167289, 478.6598705686629, 526.5992374625057, 555.2062084898353, 606.9636531174183]	1.2483957691644083	0	0	0	0	0	0.2435	1.5	0	0
335	1.0	125.0	[3, 3]	set()	2.375364247010379	2.092630324447883	2.105689834188112	0.0	0	[542.0853018795109, 588.7036137282848]	0.8402694194421179	0	0	0	0	0	0.228	0.625	0	0
148	1.0	125.0	[3]	set()	3.580367022144416	3.5198378984561742	3.5249637235658993	0.0	0	[419.8927371762693]	0.6802573549909442	0	0	0	0	0	0.22974999999999998	0.5	0	0
458	1.0	125.0	[3]	set()	4.130840087598913	3.828341260429279	3.9241391060672814	0.0	0	[133.8272150605917]	0.39359786180087636	0	0	0	0	0	0.141625	0.375	0	0
26	1.0	125.0	[3, 3, 2]	set()	7.337579197966604	6.184941978724625	6.034776820015911	0.0	0	[16.005233410826936, 170.8631431683898, 623.905079953241]	1.0815210292913455	0	0	0	0	0	0.02325	0.375	0	0
88	1.0	125.0	[3]	set()	6.400949295086019	5.883451235140698	5.935037430676746	0.0	0	[343.57841964811087]	0.6433805392457305	0	0	0	0	0	0.042875	0.125	0	0
274	1.0	125.0	[3, 2]	set()	5.805701732759651	4.4791571435958595	4.682190673622417	0.0	0	[868.1337713631544, 964.6048680879176]	0.4666226720844946	0	0	0	0	0	0.125	0.375	0	0
459	1.0	125.0	[3, 3]	set()	4.229409497050078	3.8410224915981392	3.8552384553369534	0.0	0	[623.1384328566492, 825.2079142257571]	0.9227392806940902	0	0	0	0	0	0.047125	0.25	0	0
212	1.0	125.0	[3, 3, 2, 3, 3, 3]	set()	6.803141003025516	5.163570468735012	5.0747968500134775	0.0	0	[214.90736515261236, 252.84439884126184, 271.46265519677246, 518.8641592905844, 688.4548834520823, 727.2753094021933]	1.655663536993491	0	0	0	0	0	0.5075	3.5	0	0
336	1.0	125.0	[3]	set()	5.572898679591107	4.7139119911167855	4.877318590616143	0.0	0	[976.9296338781714]	0.10975914496508939	0	0	0	0	0	0.003	0.125	0	0
396	1.0	125.0	[2, 3, 3]	set()	7.146261187524143	6.275822480673338	6.2311800514629425	0.0	0	[416.1877815285146, 643.1558586983562, 902.1392329595984]	1.2787526251723336	0	0	0	0	0	0.11375	0.75	0	0
149	1.0	125.0	[3, 2, 2, 2, 3]	set()	7.445620255258985	5.534160195249875	5.71141252927951	0.0	0	[85.61445365410414, 146.273510530591, 670.2391186263412, 787.9193348344415, 798.6312862485647]	1.3422033179111819	0	0	0	0	0	0.27525	1.625	0	0
27	1.0	125.0	[3]	set()	2.774150314352796	2.5408655703349226	2.5695534789844805	0.0	0	[830.7843941729516]	0.4546402732910381	0	0	0	0	0	0.27125	0.625	0	0
275	1.0	125.0	[2, 2]	set()	3.772987434992754	2.992622944647715	3.0160938551982475	0.0	0	[603.2050689682364, 603.9598099887371]	0.6771730276421801	0	0	0	0	0	0.0	0.0	0	0
337	1.0	125.0	[2, 2, 3, 2]	set()	5.38338399214061	3.3600850447042854	3.908367318347559	0.0	0	[521.6219205511352, 526.450586039573, 629.1798907332122, 648.9765999596025]	1.0441415219828387	0	0	0	0	0	0.046375	0.25	0	0
397	1.0	125.0	[3]	set()	3.252148293003521	3.1069600664866837	3.0734605479696944	0.0	0	[746.6182843782008]	0.5660199339084907	0	0	0	0	0	0.25	0.5	0	0
460	1.0	125.0	[3, 2]	set()	4.393711717748034	3.8345309216293613	3.832842390238101	0.0	0	[518.3988348580897, 842.0773535035551]	0.9971741599018058	0	0	0	0	0	0.31925	0.75	0	0
28	1.0	125.0	[3, 3, 3]	set()	5.228043628165384	4.097165627809885	4.360920038684692	0.0	0	[34.618664998561144, 518.3837090094148, 658.7702120590882]	1.1102426260266407	0	0	0	0	0	0.08650000000000001	0.5	0	0
150	1.0	125.0	[2, 3, 3]	set()	4.441771699181528	3.583402621983944	3.588638197316434	0.0	0	[157.55346277728677, 787.6814538612962, 810.0230216514319]	0.9826216230146587	0	0	0	0	0	0.151625	0.75	0	0
213	1.0	125.0	[2, 3, 3]	set()	5.983611417937831	4.736035975851824	4.806752526462464	0.0	0	[141.76900813244987, 269.0503773082118, 524.1439808160067]	1.241205206808189	0	0	0	0	0	0.0595	0.125	0	0
89	1.0	125.0	[2, 3, 2, 2, 3, 2, 2]	set()	14.521731473270362	7.518903671397495	8.81079590573897	0.0	0	[58.26156268617771, 202.8741508256644, 325.3662418574095, 464.6754406378985, 707.2045551612973, 858.9345500804484, 941.9135209172964]	1.978585400910762	0	0	0	0	0	0.27525	2.25	0	0
276	1.0	125.0	[3]	set()	4.291845666632274	4.204716275707841	4.07808521190208	0.0	0	[856.9195079617202]	0.4105163026905491	0	0	0	0	0	0.036	0.25	0	0
398	1.0	125.0	[3, 2]	set()	2.8460625040490104	2.2953120632138715	2.509066094534348	0.0	0	[338.5425335727632, 941.1597233265638]	0.8385770138227211	0	0	0	0	0	0.5405	1.625	0	0
29	1.0	125.0	[3]	set()	2.216556997329268	2.009077259855603	2.0276707627309944	0.0	0	[383.6896261200309]	0.6658415215426725	0	0	0	0	0	0.172875	0.375	0	0
338	1.0	125.0	[2, 3, 2]	set()	4.116940732360872	3.3306918280919198	3.2133936903287714	0.0	0	[55.0921472018715, 103.8973149843514, 787.8217971883714]	0.8958601149500516	0	0	0	0	0	0.051500000000000004	1.0	0	0
214	1.0	125.0	[3]	set()	3.094944278137626	3.079368075190333	3.0835184968071236	0.0	0	[784.9615481682122]	0.5205561769744844	0	0	0	0	0	0.162	0.75	0	0
461	1.0	125.0	[3, 3, 2]	set()	4.923769556860434	4.340077502284254	4.401571656193883	0.0	0	[147.2317974548787, 257.59283476509154, 742.5592881627381]	1.2255910245520825	0	0	0	0	0	0.08725	0.625	0	0
90	1.0	125.0	[2, 2]	set()	6.2456785806564845	5.897118678632486	5.737178299653814	0.0	0	[126.86288449913263, 149.60357174277306]	0.4857779056630595	0	0	0	0	0	0.0	0.0	0	0
151	1.0	125.0	[3, 3, 3, 3, 3, 3]	set()	7.429164558783718	5.656199636466271	5.400100591434186	0.0	0	[53.158379654621335, 72.55704700946808, 215.25915429557207, 335.6355221690579, 454.53872508369386, 707.7383016851031]	1.7256653489829523	0	0	0	0	0	0.2895	2.5	0	0
277	1.0	125.0	[3, 2, 2, 2, 3, 3]	set()	8.738437076284534	6.589833715696491	6.705352096650198	0.0	0	[21.883743815124035, 658.9112054794452, 672.8510016428828, 730.1447489051693, 780.8812851824096, 896.2567914277315]	1.2297796558918639	0	0	0	0	0	0.3345	2.25	0	0
30	1.0	125.0	[2, 2]	set()	3.9898340738848552	3.0977512144674795	3.176182446980119	0.0	0	[280.9030122818484, 729.9606250599027]	1.0697249591368339	0	0	0	0	0	0.0	0.0	0	0
462	1.0	125.0	[2, 3, 2]	set()	3.144293176448781	2.4076387716904044	2.407482512325308	0.0	0	[120.25520717725158, 175.3249731037294, 585.4866234585643]	1.1449519008319244	0	0	0	0	0	0.22812499999999997	0.75	0	0
215	1.0	125.0	[3, 2, 3, 2]	set()	6.578954224233628	4.615599671589239	4.7301359722507925	0.0	0	[522.1526613188247, 611.5084001794457, 698.8398050889373, 876.3108749880979]	1.333362425618221	0	0	0	0	0	0.16274999999999998	0.875	0	0
399	1.0	125.0	[2, 3]	set()	10.309002561592646	8.778651088632522	8.755258326446185	0.0	0	[508.01255996339023, 552.7428248897195]	0.8429054252155828	0	0	0	0	0	0.056	0.125	0	0
339	1.0	125.0	[3, 2, 3, 3, 3, 3]	set()	7.365925272816744	5.203436741379434	5.085127874420259	0.0	0	[2.764905337244272, 162.92012546570666, 633.228775113821, 850.6666962057352, 878.3025060561729, 999.7835322654367]	1.3532736290421596	0	0	0	0	0	0.18625	1.625	0	0
91	1.0	125.0	[2, 3]	set()	4.003548357248202	3.5832676523604197	3.431547722272406	0.0	0	[68.5043630655855, 171.51520680636168]	0.5736710156098225	0	0	0	0	0	0.021374999999999998	0.25	0	0
152	1.0	125.0	[2, 3, 3, 3]	set()	6.2312493852037445	4.632042619238658	4.729008594447566	0.0	0	[62.534061969952816, 149.6665608137846, 770.560510456562, 793.8076837453991]	1.0949061886794549	0	0	0	0	0	0.047375	0.5	0	0
278	1.0	125.0	[3, 3]	set()	2.7964769688599223	2.448999833492565	2.427478798536375	0.0	0	[389.7252331953496, 998.5401186885168]	0.6788943481052726	0	0	0	0	0	0.174125	0.75	0	0
216	1.0	125.0	[3]	set()	3.0553824799437392	2.7655239828444045	2.7634195132600277	0.0	0	[512.2290491126478]	0.6928480514482813	0	0	0	0	0	0.186	0.375	0	0
92	1.0	125.0	[3]	set()	1.69619038672574	1.5080374308570204	1.5520573166850715	0.0	0	[172.11902444250882]	0.4592303365453526	0	0	0	0	0	0.043	0.25	0	0
340	1.0	125.0	[2]	set()	4.578793677075596	4.2471787835697485	4.303472800382935	0.0	0	[2.582856453955173]	0.017970396308739384	0	0	0	0	0	0.0	0.0	0	0
400	1.0	125.0	[3, 3, 3, 2]	set()	3.7690974534949335	3.061391305218253	3.1249934735273364	0.0	0	[0.795233529061079, 319.5592276751996, 380.4332067385233, 962.1543736506854]	0.9795741805420038	0	0	0	0	0	0.210625	1.375	0	0
463	1.0	125.0	[3, 3, 3, 2]	set()	6.7715033287642	5.247148648653678	5.146210409296169	0.0	0	[188.3746167422497, 687.6796116121113, 823.1765103992075, 872.0018584281206]	1.342635727864793	0	0	0	0	0	0.2565	1.25	0	0
31	1.0	125.0	[2, 3, 3, 3, 3, 2, 2]	set()	7.156659733302944	4.784948131030321	4.9636682409625745	0.0	0	[113.79294539801776, 117.7460413891822, 418.6020802125272, 693.0503724279577, 697.4031829740852, 818.1080032300642, 992.6538181025536]	1.6050756848786394	0	0	0	0	0	0.488625	4.125	0	0
153	1.0	125.0	[2]	set()	3.8728008188077983	3.6154692207926873	3.6212570641905995	0.0	0	[623.1782576069236]	0.6624867554269992	0	0	0	0	0	0.0	0.0	0	0
279	1.0	125.0	[3]	set()	4.035908479777757	3.494705640085901	3.5689934743673546	0.0	0	[709.784984588623]	0.6023440917111174	0	0	0	0	0	0.125	0.25	0	0
217	1.0	125.0	[2, 3]	set()	3.979218245393942	3.2747366876589856	3.245674362413654	0.0	0	[656.8650929257274, 691.5262043476105]	0.7554021444289312	0	0	0	0	0	0.20225	0.625	0	0
341	1.0	125.0	[3]	set()	3.6192505002285795	3.188169765931134	3.2891840979293754	0.0	0	[237.3095634393394]	0.5479588236928434	0	0	0	0	0	0.029625	0.125	0	0
93	1.0	125.0	[3, 3, 3]	set()	6.8561644627598834	5.162350502436585	5.127471421773229	0.0	0	[113.46407296185612, 144.56181088462472, 637.3386168852448]	1.0714366635486805	0	0	0	0	0	0.104875	0.375	0	0
32	1.0	125.0	[3]	set()	4.319290865415155	4.130302059363332	4.1518118362938505	0.0	0	[236.862750723958]	0.547436624006615	0	0	0	0	0	0.375	0.75	0	0
401	1.0	125.0	[3, 3, 3]	set()	6.570844280640425	5.738953991571221	5.706751538817384	0.0	0	[164.57586036995053, 343.387821810774, 851.7628517001867]	1.2316786171720433	0	0	0	0	0	0.10075	0.375	0	0
154	1.0	125.0	[3, 2]	set()	3.2154413863019404	2.830998865018187	2.8420755055038205	0.0	0	[363.4523060172796, 624.2888122797012]	1.0861774906033945	0	0	0	0	0	0.09075	0.25	0	0
218	1.0	125.0	[3, 2]	set()	4.995224870337134	4.332690425319118	4.238896792627049	0.0	0	[19.0285979770124, 413.6327491141856]	0.755327252361373	0	0	0	0	0	0.00475	0.25	0	0
464	1.0	125.0	[3, 3, 2, 2, 3, 3, 3, 2]	set()	7.5475143481121245	5.862601861301344	6.045083005371613	0.0	0	[72.98429824090347, 75.15108259394765, 97.1385603914392, 219.15988344699144, 238.47970087081197, 278.89582366462525, 504.10099793225527, 684.1879030689597]	1.759321587021443	0	0	0	0	0	0.13287500000000002	2.5	0	0
342	1.0	125.0	[3]	set()	3.896021302172203	3.779127975474962	3.7786245281163877	0.0	0	[485.8775921165943]	0.6927482426977996	0	0	0	0	0	0.31062500000000004	0.625	0	0
94	1.0	125.0	[3, 3]	set()	4.414141504595953	3.963765472927654	4.011707656554622	0.0	0	[804.1484267450869, 901.0770922512918]	0.6303412339046192	0	0	0	0	0	0.07375000000000001	0.75	0	0
155	1.0	125.0	[2, 3]	set()	3.8456391902905525	3.206275025949357	3.1715512883720036	0.0	0	[80.32794343307614, 370.460232719779]	0.8529027345654355	0	0	0	0	0	0.17125	0.625	0	0
402	1.0	125.0	[2]	set()	3.9065046500970624	3.4702329514608232	3.4824893474144067	0.0	0	[661.5413576364517]	0.6400078067468618	0	0	0	0	0	0.0	0.0	0	0
280	1.0	125.0	[2, 3, 3, 3, 3, 3, 3, 2, 2]	set()	9.625147908700166	6.24852484613446	6.673691259913212	0.0	0	[51.00085167214274, 151.33381973142602, 226.4735654462129, 272.0883649735515, 340.1732720305919, 568.6258843634278, 592.1179475262761, 759.6144019633671, 771.1748813744634]	2.0144669564668964	0	0	0	0	0	0.484125	4.75	0	0
33	1.0	125.0	[2, 2, 3, 3]	set()	3.595706120580023	2.871098283546952	2.9776514098456666	0.0	0	[494.6892817970365, 630.502475425601, 702.5401177816093, 768.388455035165]	1.3267329703517543	0	0	0	0	0	0.125	0.625	0	0
219	1.0	125.0	[2, 3, 3, 3]	set()	8.360658375271413	5.773198634434401	6.1351064816875525	0.0	0	[117.84277820285703, 563.5876283049583, 709.6530962637332, 920.6148863304406]	1.4225381391917544	0	0	0	0	0	0.11675	0.625	0	0
343	1.0	125.0	[3, 2, 3]	set()	5.254340146148461	4.269600462932176	4.443500921956016	0.0	0	[471.4437876828015, 561.3379189744592, 838.2125766947865]	1.2213217220677102	0	0	0	0	0	0.13225	0.75	0	0
95	1.0	125.0	[3, 2, 3, 2]	set()	7.948414725425018	6.160392020785334	6.365158841998745	0.0	0	[465.4115335238234, 672.8965559892006, 771.9345982186496, 780.4601316930776]	1.284766514780662	0	0	0	0	0	0.115375	0.625	0	0
156	1.0	125.0	[2, 2]	set()	5.617800892322613	5.030988474189385	5.022487612217937	0.0	0	[334.09344288520515, 527.10444573313]	1.0379252140692254	0	0	0	0	0	0.125	0.375	0	0
403	1.0	125.0	[3, 2, 2]	set()	5.707420952823673	3.859984052907961	4.496112148360771	0.0	0	[113.11662546359004, 629.9266805872321, 685.7444196958138]	1.1124923836376779	0	0	0	0	0	0.25	1.0	0	0
465	1.0	125.0	[3, 3, 3, 3, 2, 3, 2]	set()	9.902911553854743	7.424794068836418	7.200786223712594	0.0	0	[29.946479736125298, 47.3354016430676, 78.83036579966019, 251.4320045410048, 521.8582050285216, 548.8531851591255, 706.555855951819]	1.6898760042251921	0	0	0	0	0	0.111625	1.75	0	0
220	1.0	125.0	[2, 2, 2, 3]	set()	6.402119183776135	4.831372176836851	5.160594261365953	0.0	0	[186.4145181607455, 596.7535697855055, 840.9692747877253, 998.540056636557]	1.3236303599261692	0	0	0	0	0	0.0	0.0	0	0
34	1.0	125.0	[3, 2, 3, 3, 3, 2]	set()	11.62424572724688	7.029712985572739	7.741307320083355	0.0	0	[55.41857797652483, 492.2659554609855, 550.2398847602308, 616.1905489744375, 626.7451594000966, 792.4523461058959]	1.5387543489122517	0	0	0	0	0	0.19375	1.25	0	0
344	1.0	125.0	[3, 2]	set()	3.2284892453720295	2.589681851878621	2.7148190649430712	0.0	0	[582.4544990900904, 817.7106748335063]	0.9655393001797803	0	0	0	0	0	0.05225	0.25	0	0
281	1.0	125.0	[2]	set()	5.411036803015647	4.531595371219037	4.541191535924692	0.0	0	[470.1882323715836]	0.6913686429326833	0	0	0	0	0	0.0	0.0	0	0
404	1.0	125.0	[2, 2]	set()	3.5732474240527488	3.23760726379572	3.2271715176399125	0.0	0	[245.9977965336293, 324.9273579567671]	0.81067290558894	0	0	0	0	0	0.125	0.375	0	0
157	1.0	125.0	[3, 3]	set()	3.645063168231512	3.1055794713367417	3.2158140081008977	0.0	0	[7.60843395255506, 800.7774613797665]	0.5423222630690436	0	0	0	0	0	0.224125	0.5	0	0
96	1.0	125.0	[2, 3, 3, 3]	set()	4.623554401058589	3.756021923525535	3.8715847791282156	0.0	0	[165.37462756969035, 450.4579312882158, 947.9933551981136, 992.4005810171366]	1.1780769715301194	0	0	0	0	0	0.312875	1.75	0	0
345	1.0	125.0	[3, 3, 3]	set()	3.656445237617884	3.1255664562223435	3.0636670956876637	0.0	0	[256.9356430321932, 806.0949657426141, 954.848695663897]	1.101616836340452	0	0	0	0	0	0.17075	0.875	0	0
282	1.0	125.0	[2]	set()	3.2499074999514437	3.094642293964537	3.0523566752878213	0.0	0	[688.6244118213654]	0.6201968794734802	0	0	0	0	0	0.0	0.0	0	0
466	1.0	125.0	[3]	set()	3.074381119417128	2.9101261832135803	2.918072678520477	0.0	0	[214.91755126044157]	0.5203995894502165	0	0	0	0	0	0.1785	0.5	0	0
35	1.0	125.0	[3, 3, 3, 3, 3, 3, 2, 3]	set()	6.830390505215042	4.188737258391094	4.3758662066626455	0.0	0	[63.857055914031015, 129.33220574632287, 306.8193195145712, 440.304234623909, 461.1400611449259, 468.3065317779826, 622.518690643456, 798.484250906382]	1.9627016815526477	0	0	0	0	0	0.2515	2.125	0	0
405	1.0	125.0	[2]	set()	3.6840104784943546	3.4186113562636247	3.31641299690458	0.0	0	[906.4047988504173]	0.31077782411627297	0	0	0	0	0	0.0	0.0	0	0
221	1.0	125.0	[3, 2, 3]	set()	9.51323427455674	8.479144870974425	8.37894138971126	0.0	0	[504.89842519164085, 949.8550649732352, 977.4082573130728]	0.8899504971181588	0	0	0	0	0	0.188	0.625	0	0
467	1.0	125.0	[3]	set()	2.639775939828915	2.3728739125897444	2.337140408223036	0.0	0	[654.0253292769194]	0.6449191271868365	0	0	0	0	0	0.0865	0.25	0	0
97	1.0	125.0	[3, 3, 3, 3, 2, 2, 3]	set()	6.367780864126201	3.914959297752417	4.0617859284559685	0.0	0	[8.012792823083092, 321.9645821410784, 395.17625072039664, 497.7535124367423, 520.4397423167588, 723.4148420586852, 727.4178565883141]	1.6133555064384026	0	0	0	0	0	0.22125	1.625	0	0
158	1.0	125.0	[2, 2, 3, 3, 3]	set()	5.767906689199757	4.588336289093823	4.673945988855653	0.0	0	[116.94749702362728, 368.3745376765728, 613.4119341795716, 731.8982469995933, 771.3855300098658]	1.6604115497953953	0	0	0	0	0	0.250375	1.625	0	0
346	1.0	125.0	[3]	set()	4.246792310605305	3.9514206874166935	3.9434380084902805	0.0	0	[390.9152029082179]	0.6691557083941471	0	0	0	0	0	0.125	0.25	0	0
283	1.0	125.0	[3, 3]	set()	3.641191663230364	3.4199469083472187	3.4855859922743195	0.0	0	[13.933567725818996, 441.6851636487991]	0.748200420268549	0	0	0	0	0	0.12662500000000002	0.5	0	0
222	1.0	125.0	[3, 2]	set()	4.130542913710427	3.39553054997442	3.4786028004524754	0.0	0	[892.6092172041535, 946.97801861912]	0.415454297797189	0	0	0	0	0	0.125	0.375	0	0
406	1.0	125.0	[3, 2, 3]	set()	6.425119719035895	5.151040761411337	5.20619818162381	0.0	0	[385.9627693891525, 598.1636866328332, 745.0415366329253]	1.326575074429729	0	0	0	0	0	0.22125	0.75	0	0
36	1.0	125.0	[3, 3, 3, 3, 3, 3]	set()	9.815404645856496	7.348392187610987	7.108261841530057	0.0	0	[1.778824022039771, 21.476102191371854, 537.1232070028782, 709.1066762804985, 764.6905009169132, 905.9729813598096]	1.392316745613818	0	0	0	0	0	0.28650000000000003	2.25	0	0
98	1.0	125.0	[3, 3]	set()	5.946235639357752	4.657156150694086	4.994691391520998	0.0	0	[123.17203934816668, 910.042810253799]	0.6632044424158573	0	0	0	0	0	0.026625	0.25	0	0
468	1.0	125.0	[2, 3]	set()	6.018666106298932	4.9863172976203	4.946354269815245	0.0	0	[419.8430278338492, 575.782278785482]	1.0179214515370942	0	0	0	0	0	0.053125	0.125	0	0
284	1.0	125.0	[3, 2, 3, 3]	set()	6.945061527099536	4.838952147823751	5.220867559216112	0.0	0	[107.23695415072144, 733.9143920406108, 761.2259981688112, 994.9297611601652]	0.9971527508395225	0	0	0	0	0	0.182375	1.25	0	0
407	1.0	125.0	[3]	set()	1.8823519607427674	1.7038710082577206	1.6951911268184057	0.0	0	[356.52010538615286]	0.6513896711907822	0	0	0	0	0	0.0	0.0	0	0
347	1.0	125.0	[3, 3, 3, 3, 3, 3, 3]	set()	7.417388410229435	5.073983884876236	5.659849721643109	0.0	0	[297.3397464957088, 422.0142509866791, 473.98851482300427, 697.4115485667294, 747.267297339153, 801.5058499295264, 991.9493366466622]	1.7709666432117532	0	0	0	0	0	0.41737499999999994	3.125	0	0
223	1.0	125.0	[2, 3, 2, 3]	set()	9.39626568333863	6.154106389386946	6.526575345187869	0.0	0	[447.026212932542, 452.5402127765119, 651.5744277276099, 747.1951122861356]	1.281988016094537	0	0	0	0	0	0.238	1.125	0	0
469	1.0	125.0	[3]	set()	4.2626484256270505	4.124096221078961	4.1244198493701925	0.0	0	[467.2180514317006]	0.6909963257544782	0	0	0	0	0	0.25825	0.5	0	0
99	1.0	125.0	[3, 3]	set()	6.191875851426683	4.9227931437351895	4.884305138207727	0.0	0	[577.8509704396129, 662.1844129408659]	0.8920869155273776	0	0	0	0	0	0.072125	0.125	0	0
37	1.0	125.0	[2, 3, 3, 3]	set()	4.239488021222577	3.581475222182115	3.6352112928920763	0.0	0	[460.4103146120906, 480.4249706735444, 740.392810665071, 957.1009511128068]	1.252098454219535	0	0	0	0	0	0.162875	1.0	0	0
408	1.0	125.0	[2, 3, 3]	set()	5.997588990095747	4.22541281633641	4.6342619764567665	0.0	0	[515.240554846383, 748.7628902308643, 992.7463949282388]	1.0612296160932253	0	0	0	0	0	0.062	0.375	0	0
285	1.0	125.0	[2, 3, 3]	set()	6.709531838917529	4.7849560525992905	5.039811833846608	0.0	0	[61.39875389635563, 559.5182331744581, 904.5704738236964]	1.1098271731370002	0	0	0	0	0	0.05512499999999999	0.25	0	0
159	1.0	125.0	[3, 3, 3, 2, 2]	set()	11.836810654676977	9.075982476851866	9.582592862398403	0.0	0	[2.861672779545188, 506.0050217434764, 598.0330321472138, 836.8597226217389, 941.721230805688]	1.3260429581521154	0	0	0	0	0	0.11199999999999999	0.875	0	0
348	1.0	125.0	[3, 2]	set()	5.909315076921633	4.851127025707411	5.136513506806642	0.0	0	[454.6108450740576, 958.1716560262668]	0.8366149058919187	0	0	0	0	0	0.0	0.0	0	0
470	1.0	125.0	[2]	set()	3.1072869512500194	2.725953354699132	2.7213345831197735	0.0	0	[565.8475654199719]	0.6844501345573822	0	0	0	0	0	0.0	0.0	0	0
409	1.0	125.0	[2, 3, 3]	set()	3.9855156707139168	3.207402628601009	3.2342006245304757	0.0	0	[320.7016745582223, 640.250178752467, 701.7484260722995]	1.2616048706844971	0	0	0	0	0	0.11737500000000001	0.375	0	0
38	1.0	125.0	[3]	set()	3.676977363181703	3.515362944411298	3.511439737106797	0.0	0	[827.6506066322327]	0.459591986983649	0	0	0	0	0	0.021625	0.125	0	0
160	1.0	125.0	[3]	set()	3.3149691032265016	3.246824619005592	3.247285329212465	0.0	0	[483.92476863227785]	0.692630265359645	0	0	0	0	0	0.12925	0.25	0	0
286	1.0	125.0	[3, 3]	set()	6.643182270285804	5.5446516074847905	5.637073096260615	0.0	0	[102.64849152611676, 864.3088268581778]	0.7120651290708039	0	0	0	0	0	0.0	0.0	0	0
100	1.0	125.0	[2, 3, 3]	set()	8.210607331576648	5.934870139123209	6.357270626629687	0.0	0	[65.5761308392453, 548.7317936494946, 568.4888982214034]	0.9703207347160667	0	0	0	0	0	0.3065	1.25	0	0
224	1.0	125.0	[3, 2, 2, 3, 3, 2]	set()	8.297006489524449	6.032926266063729	6.106682425760909	0.0	0	[142.66218966804445, 569.0087613184005, 590.9385276027024, 620.7868817728013, 694.3138933734092, 757.2442090604454]	1.5394805476570628	0	0	0	0	0	0.375	2.625	0	0
349	1.0	125.0	[3]	set()	3.3899642644523507	3.3054279513965676	3.2937038627473942	0.0	0	[132.56376143544912]	0.39123141410881884	0	0	0	0	0	0.0495	0.375	0	0
39	1.0	125.0	[3, 2, 3]	set()	4.2240762931537645	3.1779452037732474	3.213711758284865	0.0	0	[211.04575973004103, 799.3249067416297, 921.5793202165514]	1.0970025119490745	0	0	0	0	0	0.009875	0.125	0	0
471	1.0	125.0	[3, 3, 3, 3, 2]	set()	7.048322520218154	5.708555808708885	5.788640834768772	0.0	0	[594.7500831954846, 645.7009193081743, 653.8357818499207, 907.4135408736764, 983.2472149282694]	1.1118840816562559	0	0	0	0	0	0.363125	3.0	0	0
410	1.0	125.0	[3, 3]	set()	5.020291984987941	4.053224583947881	4.246184556137172	0.0	0	[717.908665258915, 905.1394590642304]	0.7750426938580441	0	0	0	0	0	0.136875	0.5	0	0
287	1.0	125.0	[3]	set()	3.1956454254645745	2.758861378076294	2.8267318235313086	0.0	0	[10.327013209462166]	0.057498855696784514	0	0	0	0	0	0.00125	0.125	0	0
161	1.0	125.0	[2, 3, 3]	set()	5.640825457673703	4.273535955186404	4.5461296246973575	0.0	0	[256.33340096101165, 653.7963394075632, 821.4895201381296]	1.322690203894007	0	0	0	0	0	0.109125	0.625	0	0
101	1.0	125.0	[3, 3, 3]	set()	4.968759073037491	4.334081168376051	4.254992499045567	0.0	0	[348.19316305220127, 859.0479295235127, 993.7669187784196]	1.012172576983843	0	0	0	0	0	0.0805	0.875	0	0
225	1.0	125.0	[3, 3, 2]	set()	5.183866922668308	4.35435368006859	4.4251993701321695	0.0	0	[813.2323361933231, 837.1209520846605, 942.9801946971564]	0.658382241732133	0	0	0	0	0	0.06712499999999999	1.0	0	0
411	1.0	125.0	[3, 2, 3, 3, 3, 3]	set()	5.564516038832833	3.1163096027547112	3.8338502889868105	0.0	0	[413.2824063520466, 550.1518362776816, 594.275412243567, 840.9508210606873, 940.309189146754, 959.6698398356295]	1.555623862771909	0	0	0	0	0	0.09762499999999999	1.875	0	0
40	1.0	125.0	[3]	set()	5.62141061147526	4.980375585706764	5.095150172736885	0.0	0	[54.98112202621997]	0.2129285077254113	0	0	0	0	0	0.00675	0.125	0	0
350	1.0	125.0	[2, 3, 3, 2, 3, 2]	set()	9.014181425022722	6.090044216583934	7.07405249441468	0.0	0	[507.1756150697749, 612.185978355523, 744.8552347553834, 814.3599033479969, 897.8633559308946, 989.6220378701966]	1.5081940343803217	0	0	0	0	0	0.24637499999999998	1.875	0	0
226	1.0	125.0	[2, 3, 3]	set()	3.994408925899811	2.797538739536901	2.916094294231634	0.0	0	[265.84453298710287, 405.0670959986746, 940.5003336723894]	1.1290741519183802	0	0	0	0	0	0.074375	0.25	0	0
102	1.0	125.0	[3]	set()	4.428660566400068	4.300298800631324	4.2286922157424485	0.0	0	[812.6242505386472]	0.4823953213288116	0	0	0	0	0	0.125	0.25	0	0
472	1.0	125.0	[3, 3, 2, 2, 2, 3, 3]	set()	8.258343527639788	5.493382320708145	5.644690784638633	0.0	0	[264.21938091516495, 353.06006646715105, 369.3437197079544, 611.2919971346855, 809.573254759709, 908.7999709881842, 928.4624508582056]	1.793144845985124	0	0	0	0	0	0.121625	0.75	0	0
288	1.0	125.0	[3, 2, 3, 3, 3]	set()	10.404121162392709	7.444237425636716	7.571182660758149	0.0	0	[72.96389830298722, 254.3968087827317, 413.1260814444624, 547.9634115472436, 642.5387256313115]	1.6537811906750717	0	0	0	0	0	0.199625	1.25	0	0
162	1.0	125.0	[3, 2, 2, 2, 2, 3]	set()	10.051057951078363	7.738203905462742	8.070853748417736	0.0	0	[89.85922043211758, 97.9703151080783, 257.12691992521286, 383.5774790495634, 400.0632690731436, 529.0328646078706]	1.4960179019085862	0	0	0	0	0	0.206125	1.25	0	0
412	1.0	125.0	[2]	set()	3.3488169752659016	2.9876782984368586	2.974866539654402	0.0	0	[69.62505006231368]	0.25266798634491217	0	0	0	0	0	0.0	0.0	0	0
351	1.0	125.0	[2]	set()	5.256054820746532	4.609929508344929	4.5952508684608455	0.0	0	[393.132533878088]	0.6701287035480514	0	0	0	0	0	0.0	0.0	0	0
227	1.0	125.0	[3]	set()	3.560517922734099	3.3069731599273515	3.3504130737783466	0.0	0	[315.38485968485475]	0.6233416271804769	0	0	0	0	0	0.085625	0.125	0	0
103	1.0	125.0	[3, 3]	set()	5.805633621952175	5.366167244101221	5.253050424732979	0.0	0	[322.3448507487774, 556.4183918759227]	1.0654159358461448	0	0	0	0	0	0.20975	0.625	0	0
41	1.0	125.0	[3]	set()	6.9492734864204895	6.4540535457464046	6.363644642693204	0.0	0	[232.6882400084287]	0.5425042247097941	0	0	0	0	0	0.029	0.125	0	0
473	1.0	125.0	[3, 3, 3, 3]	set()	5.871169979834763	4.558102131728818	4.59775894307106	0.0	0	[61.01091019809246, 360.33035429303504, 434.4273585722132, 556.0629417758154]	1.3412720821380746	0	0	0	0	0	0.26525	1.5	0	0
289	1.0	125.0	[3]	set()	2.4687526218916727	2.2990408010025645	2.3091619894317676	0.0	0	[431.1060756444931]	0.6836241670694376	0	0	0	0	0	0.10775	0.25	0	0
413	1.0	125.0	[3, 3, 3, 3]	set()	6.812589864861515	4.823412152191249	5.127589848034711	0.0	0	[4.573988262563944, 191.00841691645252, 337.22156911383604, 503.8058755030335]	1.265201937130902	0	0	0	0	0	0.16499999999999998	1.125	0	0
163	1.0	125.0	[2, 3]	set()	5.1314821537610475	4.560502696261715	4.622853009622163	0.0	0	[387.1977616189071, 769.1407797392458]	1.0734222771581057	0	0	0	0	0	0.096125	0.25	0	0
290	1.0	125.0	[3, 3]	set()	2.879019737247622	2.3928029655876153	2.4836874620460327	0.0	0	[347.6561086717993, 945.108387619257]	0.8343664634627844	0	0	0	0	0	0.17525	0.625	0	0
352	1.0	125.0	[3, 3]	set()	5.701399034201348	4.769157446839925	4.847228811443033	0.0	0	[654.4953682459891, 821.6030413219087]	0.8839204183375589	0	0	0	0	0	0.108875	0.625	0	0
474	1.0	125.0	[3, 2]	set()	2.9352761895811534	2.550550669945559	2.5112686277858396	0.0	0	[338.99699663743377, 923.9710129966662]	0.8762700922523792	0	0	0	0	0	0.0845	0.25	0	0
228	1.0	125.0	[2, 2, 3, 3]	set()	8.014171682285928	5.981766201760942	6.193553783102171	0.0	0	[204.49855743228017, 234.82556115630416, 539.5186096429825, 972.899498243386]	1.2528566157517371	0	0	0	0	0	0.11875	0.625	0	0
42	1.0	125.0	[3, 3, 3, 3]	set()	6.571506726199972	5.516353293087369	5.483342285964761	0.0	0	[58.02761949598789, 205.92654682695863, 842.236659489572, 925.8722705063502]	1.1359213153620684	0	0	0	0	0	0.141	1.5	0	0
414	1.0	125.0	[2]	set()	5.786587049322454	5.254569446385914	5.2619308426352775	0.0	0	[382.4017527513206]	0.6652276683128999	0	0	0	0	0	0.0	0.0	0	0
104	1.0	125.0	[3]	set()	8.719157183441741	7.925379591154882	7.949690951608381	0.0	0	[479.3357278686017]	0.6922929129890885	0	0	0	0	0	0.065125	0.125	0	0
291	1.0	125.0	[3, 3]	set()	6.060902773594902	4.583434973041378	4.789067800419128	0.0	0	[67.44598061777651, 250.99544488988988]	0.7094993167255504	0	0	0	0	0	0.179125	0.75	0	0
164	1.0	125.0	[3, 2, 3, 3, 2, 3, 3]	set()	7.516623407488017	5.431121269023442	5.452515410001204	0.0	0	[112.8496746532619, 205.1960868499196, 208.12584507981, 349.38568346363576, 676.7344602662048, 866.3129517645235, 880.0010936239045]	1.7537376337006756	0	0	0	0	0	0.12937500000000002	1.5	0	0
353	1.0	125.0	[3, 3]	set()	5.682425360576611	4.602580629682306	4.5962496864623255	0.0	0	[317.0477766543627, 358.69647935032845]	0.781474091383485	0	0	0	0	0	0.07925	0.25	0	0
229	1.0	125.0	[3, 3, 3]	set()	3.4288776756680885	2.56844293777658	2.6546898220766035	0.0	0	[443.0761747062206, 749.6776578115996, 847.5035689771175]	1.237325981630206	0	0	0	0	0	0.15837500000000002	0.875	0	0
415	1.0	125.0	[2, 3]	set()	4.24049033901456	3.872803117212916	3.896468499047801	0.0	0	[132.64858536422253, 898.0994429439306]	0.7052707819296787	0	0	0	0	0	0.125	0.375	0	0
105	1.0	125.0	[3, 2]	set()	5.620240456590259	4.207071354829347	4.29992546276719	0.0	0	[47.49762546271086, 624.70157886594]	0.8297419592769135	0	0	0	0	0	0.005875	0.125	0	0
292	1.0	125.0	[3, 3]	set()	2.8615564754416347	2.6692318517593896	2.6504360383176784	0.0	0	[499.6020589200541, 919.3701439071448]	0.9140932522428313	0	0	0	0	0	0.09275	0.5	0	0
475	1.0	125.0	[2, 3, 2, 2, 2, 3]	set()	10.890599169665036	7.537782385488515	7.6373725460707425	0.0	0	[313.004070651588, 567.2409779764189, 619.2670054388137, 773.0837349951564, 777.0510569575839, 832.9896740615368]	1.6356097685668822	0	0	0	0	0	0.112875	0.5	0	0
165	1.0	125.0	[3]	set()	2.326342845499173	2.1960414355995277	2.178920940896546	0.0	0	[725.7846910506487]	0.587406552323581	0	0	0	0	0	0.215625	0.375	0	0
230	1.0	125.0	[3]	set()	1.876340551535935	1.7174726635573165	1.715755082125173	0.0	0	[625.422410434112]	0.6613470793753671	0	0	0	0	0	0.125	0.25	0	0
354	1.0	125.0	[3, 2]	set()	4.607755692265632	3.973557527283038	3.755096475964257	0.0	0	[229.53152377158403, 309.94107481092215]	0.7964839498615115	0	0	0	0	0	0.028625	0.125	0	0
416	1.0	125.0	[3]	set()	1.3362059189870523	1.2897119968689879	1.2873734792926759	0.0	0	[375.8151894435287]	0.6619782405518495	0	0	0	0	0	0.1875	0.5	0	0
43	1.0	125.0	[3, 3, 3, 3, 3, 2, 3]	set()	11.406021142755563	6.78773337967913	6.7859426803778105	0.0	0	[34.368571573313744, 336.0418835507026, 649.0438952698345, 772.2703986769051, 874.3274991154378, 880.9887575566522, 940.2812463231384]	1.7010519333652312	0	0	0	0	0	0.057374999999999995	0.875	0	0
293	1.0	125.0	[3]	set()	3.285083111212345	3.0809063034551802	3.1023776455734517	0.0	0	[86.22693130746484]	0.2937202902281338	0	0	0	0	0	0.0215	0.25	0	0
476	1.0	125.0	[2]	set()	3.943189023688479	3.7683904243224955	3.7601255984342172	0.0	0	[162.15522889979184]	0.44322652229837334	0	0	0	0	0	0.0	0.0	0	0
106	1.0	125.0	[3, 2, 3]	set()	5.266460768087198	4.645680561933469	4.5024577994621335	0.0	0	[250.64542749896648, 273.185963742435, 775.4680466534379]	1.1135655830719577	0	0	0	0	0	0.21875	0.875	0	0
231	1.0	125.0	[2, 3, 3]	set()	5.48686543980478	3.8447488375120997	4.097464473203244	0.0	0	[766.8482290184146, 773.4891513794935, 989.6124396473168]	0.6153954778336718	0	0	0	0	0	0.02975	0.375	0	0
166	1.0	125.0	[3, 3]	set()	6.964426988963099	6.494178556457511	6.502626208325767	0.0	0	[388.8933097632688, 410.1657352875918]	0.7605781105052654	0	0	0	0	0	0.24725	0.625	0	0
417	1.0	125.0	[3, 3, 2, 3]	set()	4.279186984164926	3.262116467281255	3.167851110418474	0.0	0	[192.02669034712017, 196.06651552021503, 816.8247414852345, 985.899334553157]	0.9957251570650313	0	0	0	0	0	0.074875	0.75	0	0
44	1.0	125.0	[3, 3, 2, 3, 3, 2]	set()	10.257116333177889	6.910659723381956	7.321849067714416	0.0	0	[325.7791334921674, 472.4247536959929, 473.03475533466366, 478.0711350031197, 978.1842879019678, 989.7404261864722]	1.1231265478284014	0	0	0	0	0	0.421875	2.875	0	0
477	1.0	125.0	[2, 2, 2]	set()	4.737427013252546	3.4209477389141814	3.7201580024176124	0.0	0	[71.76465541124344, 105.68149574100973, 664.7816165350378]	0.995283862083139	0	0	0	0	0	0.0	0.0	0	0
355	1.0	125.0	[2, 3, 2, 3, 2]	set()	8.199641561815714	5.587500316251251	6.001575948019255	0.0	0	[247.59671156910912, 406.8845403380692, 426.073051057756, 794.9179727584124, 808.2142369417966]	1.456144953899897	0	0	0	0	0	0.17575000000000002	1.0	0	0
107	1.0	125.0	[3, 3, 3]	set()	3.9561394822180684	3.0697453834269	3.0951728120724455	0.0	0	[58.96391114220023, 506.4258296042681, 544.9719652533531]	1.0105391946798452	0	0	0	0	0	0.25325000000000003	1.125	0	0
294	1.0	125.0	[3, 2, 3, 2]	set()	5.0875970583624435	3.8804209896622037	3.692150100906156	0.0	0	[589.8778326267271, 643.9772968872815, 645.207099547711, 962.0409933850168]	0.9657413383817326	0	0	0	0	0	0.09575	0.75	0	0
418	1.0	125.0	[3]	set()	2.641087716415763	2.5423788093271384	2.544201654837386	0.0	0	[554.8759796656668]	0.6871122844774398	0	0	0	0	0	0.1385	0.25	0	0
167	1.0	125.0	[3, 2]	set()	4.527891523396198	4.114644683166641	4.200768929782917	0.0	0	[66.59764051437378, 188.17813764326277]	0.6058546094029233	0	0	0	0	0	0.14150000000000001	0.625	0	0
232	1.0	125.0	[3, 3, 3]	set()	3.743189129842342	3.361237839482944	3.4364339561039725	0.0	0	[332.1580130621253, 526.6460087150335, 743.9832226373255]	1.3650867328919791	0	0	0	0	0	0.407625	1.75	0	0
478	1.0	125.0	[3, 3]	set()	4.854931918209507	3.8505844015035056	4.189093072216588	0.0	0	[417.4205909948796, 880.8042323216796]	0.9746467254975801	0	0	0	0	0	0.197875	0.625	0	0
295	1.0	125.0	[3, 2]	set()	2.8431535307199414	2.2015672650412057	2.231655301325091	0.0	0	[263.2334530353546, 917.677990987725]	0.8343728694813743	0	0	0	0	0	0.0	0.0	0	0
45	1.0	125.0	[3, 2, 3]	set()	5.136623229351805	3.4941011994570688	3.7474355530014924	0.0	0	[456.0210853815079, 524.5960147808476, 724.1770038164718]	1.2187348728514986	0	0	0	0	0	0.125	0.5	0	0
108	1.0	125.0	[3]	set()	3.617134619219029	3.0972871778923183	3.0621621932239598	0.0	0	[741.4849540218711]	0.5714979643386807	0	0	0	0	0	0.032375	0.125	0	0
356	1.0	125.0	[3, 3, 3]	set()	5.564797245457197	3.9440677532231723	3.9779168389890254	0.0	0	[332.5111139719378, 401.21572744101286, 834.6902760944554]	1.210006422857433	0	0	0	0	0	0.133625	0.625	0	0
233	1.0	125.0	[3, 2, 2]	set()	4.104130003301393	3.327027931548616	3.291426564030996	0.0	0	[267.6665731705725, 318.4980386868119, 647.490551462397]	1.2375286436021833	0	0	0	0	0	0.15837500000000002	0.625	0	0
168	1.0	125.0	[3, 3]	set()	4.693716784303286	4.034769302375019	4.180169615686884	0.0	0	[130.86056290194392, 967.6878275349736]	0.5260968786162552	0	0	0	0	0	0.35462499999999997	0.875	0	0
419	1.0	125.0	[3, 2, 3, 2]	set()	7.636055155144864	5.721459613417699	6.113883699127142	0.0	0	[536.8015000130981, 809.1365830041468, 814.5544554572552, 893.9780839718878]	1.1555632476724684	0	0	0	0	0	0.22675	1.0	0	0
479	1.0	125.0	[3, 3, 3, 3]	set()	4.400268808676203	3.3833344471040743	3.5260503859151973	0.0	0	[219.8741183230024, 539.4752270076424, 864.5173923335428, 891.7358750477433]	1.4016713202615152	0	0	0	0	0	0.057999999999999996	0.5	0	0
357	1.0	125.0	[3]	set()	3.314969456089962	3.163058115712622	3.0862392083962904	0.0	0	[61.63826305419207]	0.23145166765259478	0	0	0	0	0	0.007625	0.125	0	0
296	1.0	125.0	[3, 3]	set()	5.271443919186383	4.57260901169278	4.592262350943373	0.0	0	[315.1848502457142, 352.02306625433266]	0.7666795075463757	0	0	0	0	0	0.129625	0.5	0	0
109	1.0	125.0	[2, 3]	set()	3.913782853064027	3.5229358360193004	3.5888256443126947	0.0	0	[408.651530543213, 842.313265427947]	1.0192896771962974	0	0	0	0	0	0.25	0.75	0	0
46	1.0	125.0	[3, 3, 2]	set()	8.604468775807959	6.940216699504623	7.038517168763481	0.0	0	[240.529433453188, 284.2928618192673, 974.463855637132]	0.8292516276912913	0	0	0	0	0	0.3155	1.375	0	0
169	1.0	125.0	[3, 3, 3, 3, 3]	set()	4.864794439052748	3.3103154894303035	3.4859563363624413	0.0	0	[416.4014239795506, 416.78734232151584, 449.859118987967, 684.5796828599404, 768.3169641532004]	1.3672677359529826	0	0	0	0	0	0.317125	2.125	0	0
234	1.0	125.0	[3, 3, 3, 3]	set()	8.51465064081899	6.221881903349358	6.353897174864393	0.0	0	[477.1740410942584, 598.4295497182757, 678.6571878474206, 702.1675438154489]	1.2601986183580833	0	0	0	0	0	0.16525	0.875	0	0
420	1.0	125.0	[3, 3]	set()	6.3130654138791575	5.3120965744590825	5.433865383886009	0.0	0	[422.0613247030227, 910.3260054253042]	0.9303633777525256	0	0	0	0	0	0.08349999999999999	0.375	0	0
110	1.0	125.0	[3, 3, 2]	set()	5.752041987013122	4.481252026997652	4.522795089195634	0.0	0	[428.0853255654331, 617.1074165031314, 906.3789248466492]	1.25864273289786	0	0	0	0	0	0.0535	0.125	0	0
297	1.0	125.0	[3, 3, 3, 2]	set()	5.854464108715537	4.012924024203661	4.212127503905556	0.0	0	[607.4398905038834, 636.4393336698413, 843.734718323721, 985.4333379278968]	1.0701734384722732	0	0	0	0	0	0.094625	0.875	0	0
480	1.0	125.0	[3, 2, 3]	set()	5.714081601254735	4.425954936317234	4.776598609522642	0.0	0	[4.411482252180576, 732.1855961345136, 910.1664461276335]	0.7788763610246113	0	0	0	0	0	0.0005	0.125	0	0
358	1.0	125.0	[3, 3, 3]	set()	6.285807849429165	5.317852433689839	5.152375398307072	0.0	0	[482.1500898491937, 759.8853829882248, 805.01146055758]	1.1661154142046453	0	0	0	0	0	0.175	1.0	0	0
47	1.0	125.0	[3, 3]	set()	3.0869277060040217	2.5420866912057756	2.5463501757017255	0.0	0	[842.2969623934478, 905.570943141356]	0.5420549404295245	0	0	0	0	0	0.01975	0.25	0	0
170	1.0	125.0	[3, 3, 2, 3]	set()	4.858701032079453	3.4694744664776125	3.8141678918530073	0.0	0	[737.7634977456182, 785.811760132014, 919.1311749726996, 983.3074652124196]	0.8834249324962621	0	0	0	0	0	0.0845	1.125	0	0
235	1.0	125.0	[3]	set()	2.7574451774119364	2.4445399588526375	2.448307589968334	0.0	0	[746.0356848314404]	0.5666486275190021	0	0	0	0	0	0.03175	0.125	0	0
111	1.0	125.0	[3]	set()	2.6792655451683673	2.2284100943057306	2.3217476685120517	0.0	0	[81.94797299802303]	0.2835014080480251	0	0	0	0	0	0.010125	0.125	0	0
421	1.0	125.0	[3]	set()	4.233509871578757	3.967659320425401	4.020906038631356	0.0	0	[765.1020810008049]	0.5451271560788318	0	0	0	0	0	0.279375	0.625	0	0
481	1.0	125.0	[3, 3, 3]	set()	4.791948752230155	3.5774262641270584	3.8141206106038594	0.0	0	[210.84677940234545, 485.02046905973503, 733.4995878158104]	1.38138415677765	0	0	0	0	0	0.287125	1.125	0	0
48	1.0	125.0	[3, 2, 3]	set()	6.688006039539326	5.367833516498914	5.491843629371932	0.0	0	[287.08892315626144, 420.1776086881287, 516.1574347876012]	1.2028892504059023	0	0	0	0	0	0.156875	0.375	0	0
359	1.0	125.0	[3, 2, 3, 3]	set()	6.410477295393847	4.8763107996309	4.774084873976511	0.0	0	[178.91186103224754, 600.5609398978255, 758.8018740558606, 777.4916343976541]	1.3725144882625577	0	0	0	0	0	0.149625	0.875	0	0
298	1.0	125.0	[2, 3, 2, 3, 3]	set()	9.345995076358475	6.638271345190389	6.3890679344297325	0.0	0	[57.65383210884078, 96.64497455441732, 486.9389995001257, 555.4283632233899, 866.5402471087873]	1.473879613552126	0	0	0	0	0	0.273375	2.0	0	0
112	1.0	125.0	[3, 3, 3]	set()	3.110218884509898	2.6211307715050483	2.5290063012123927	0.0	0	[68.72282829135656, 379.6659443671544, 527.6791984215379]	1.1843028391090409	0	0	0	0	0	0.23149999999999998	0.875	0	0
171	1.0	125.0	[3, 3]	set()	7.826390054640027	6.265861946425736	6.43198141738234	0.0	0	[171.02591693401337, 959.2353828090048]	0.620052977123746	0	0	0	0	0	0.10362500000000001	0.25	0	0
422	1.0	125.0	[3, 3, 3, 3, 3]	set()	3.7422615064163343	2.8485185391924728	2.9489312328814328	0.0	0	[366.0255214656423, 463.8158840273077, 551.3177686370909, 676.1321746744215, 953.2708092592655]	1.5669072763079122	0	0	0	0	0	0.327625	2.5	0	0
360	1.0	125.0	[3]	set()	2.9013207272037533	2.6318060818577003	2.6416656612532843	0.0	0	[95.87591188028456]	0.31592575678705015	0	0	0	0	0	0.011875	0.125	0	0
49	1.0	125.0	[3, 3]	set()	5.18516188970574	4.252918351480757	4.227239815877978	0.0	0	[462.0999312028289, 507.9768877476454]	0.8470697845733413	0	0	0	0	0	0.125	0.375	0	0
482	1.0	125.0	[2]	set()	6.532970841522424	5.6121174894761054	5.671525528687442	0.0	0	[714.3373200669885]	0.598222296161195	0	0	0	0	0	0.0	0.0	0	0
299	1.0	125.0	[2, 3, 3, 3]	set()	3.0216667212873305	2.4878236857599907	2.5012654070675007	0.0	0	[113.58896475002167, 169.88322976976633, 390.7887423411012, 464.9895510339599]	1.2702420174063451	0	0	0	0	0	0.329125	2.0	0	0
113	1.0	125.0	[3, 3]	set()	3.649641690732468	3.013581113620639	2.978785941675585	0.0	0	[19.88137885928154, 962.9344400123116]	0.255321960298378	0	0	0	0	0	0.011875	0.5	0	0
236	1.0	125.0	[3, 2, 3, 3, 3, 3]	set()	8.965322974575386	7.007328122390975	6.962029181671603	0.0	0	[70.59716575805552, 121.04461947456002, 510.2706179022789, 590.1897678480454, 815.1718485169113, 924.6107027583898]	1.679643785062309	0	0	0	0	0	0.158	1.375	0	0
361	1.0	125.0	[3]	set()	4.043342322809149	3.9292612125392403	3.9680477404349	0.0	0	[973.414437379688]	0.12266511591744103	0	0	0	0	0	0.378375	0.875	0	0
172	1.0	125.0	[3, 3, 3, 3, 2, 3]	set()	5.595934980694372	4.058818209693787	4.0605571496337465	0.0	0	[481.1804629862309, 636.1535000614822, 828.9416348561645, 850.7620813325047, 949.1087475325912, 999.3125987239182]	1.4250498101543434	0	0	0	0	0	0.22087500000000002	1.5	0	0
50	1.0	125.0	[2, 3, 2]	set()	4.4829110317297545	3.4434406211856294	3.4057432000046646	0.0	0	[76.6314190709627, 489.3455831333995, 964.3008385319264]	1.0346915440517055	0	0	0	0	0	0.25	1.0	0	0
114	1.0	125.0	[2, 2, 3]	set()	5.164009091289835	4.3293674451944675	4.3980116214426	0.0	0	[522.7079624310136, 737.4138310551643, 747.6110485905803]	1.0636654180333778	0	0	0	0	0	0.06325	0.25	0	0
423	1.0	125.0	[2, 3, 3, 3, 2, 3]	set()	12.758542090358189	8.489378937529553	9.015149544378112	0.0	0	[56.173825777475095, 111.58631577532364, 130.20150583399425, 161.8237653747201, 514.0787291694999, 725.755770497062]	1.5564379371867574	0	0	0	0	0	0.121125	0.75	0	0
300	1.0	125.0	[3, 3, 3, 3]	set()	5.858723558511607	4.57631878025915	4.639778561054371	0.0	0	[129.78235153885186, 247.4216229442021, 597.2806843928993, 844.9885249137878]	1.518855122381574	0	0	0	0	0	0.127	0.875	0	0
237	1.0	125.0	[3, 2, 3, 3]	set()	7.0489984217773785	6.28401319479422	6.354901255121558	0.0	0	[268.47883802838624, 408.0732625442933, 530.9120584425444, 591.4555077906698]	1.4209851529560709	0	0	0	0	0	0.4345	2.0	0	0
362	1.0	125.0	[2, 3]	set()	3.100175723144888	2.831873245882316	2.8830580035566196	0.0	0	[129.86836535856128, 921.671570977196]	0.6494224907367423	0	0	0	0	0	0.154625	0.75	0	0
483	1.0	125.0	[2, 3, 3, 3, 2, 3]	set()	9.98250391603047	6.565427727129722	7.606063759013109	0.0	0	[484.6747016951669, 487.2690984047949, 557.2545658400807, 578.5206262193396, 592.9581634700298, 642.2652770345811]	1.211821487453144	0	0	0	0	0	0.17775	1.25	0	0
173	1.0	125.0	[3, 3]	set()	2.3927119356726787	2.2562093721872203	2.2936916897284	0.0	0	[69.97798383235931, 530.6290001608431]	0.8981832522407149	0	0	0	0	0	0.2575	0.875	0	0
51	1.0	125.0	[2, 3, 3]	set()	5.543534653693855	4.618373964631525	4.578881626910021	0.0	0	[281.98358975350857, 370.9937585517764, 543.2179532945156]	1.2331270841010193	0	0	0	0	0	0.06787499999999999	0.375	0	0
115	1.0	125.0	[3]	set()	3.35100792088055	3.184503658480111	3.1882865711585198	0.0	0	[554.0534313768148]	0.6872921977797759	0	0	0	0	0	0.1115	0.25	0	0
363	1.0	125.0	[3]	set()	2.0343842859707415	1.8600324162511273	1.8807981762392374	0.0	0	[659.8499156534672]	0.641134977773827	0	0	0	0	0	0.25	0.5	0	0
238	1.0	125.0	[3]	set()	4.604710970878752	4.451519052186638	4.4006368931132736	0.0	0	[210.3933559264988]	0.5144773717630509	0	0	0	0	0	0.29625	0.375	0	0
301	1.0	125.0	[2, 3, 3, 3, 3]	set()	5.552615756266281	4.300387300924307	4.334572461546756	0.0	0	[289.6394247518754, 554.2144470899091, 612.6884096302092, 678.8706816732883, 927.9386918060482]	1.5921600717729967	0	0	0	0	0	0.30937500000000007	2.0	0	0
174	1.0	125.0	[3]	set()	2.005824934628433	1.893457641151902	1.916202704641128	0.0	0	[211.5647280588746]	0.5160224529250033	0	0	0	0	0	0.22362500000000002	0.375	0	0
484	1.0	125.0	[3, 3, 2]	set()	5.3751779997602345	4.289088780089827	4.590040287236539	0.0	0	[632.6683899255135, 763.546634465456, 770.917390473187]	0.9295654223082275	0	0	0	0	0	0.016375	0.125	0	0
424	1.0	125.0	[3, 2, 3, 2, 3]	set()	9.702045107800112	6.3291116742678	6.8998641769662505	0.0	0	[142.2488233074546, 253.8861766089382, 466.48664586246014, 581.428935718161, 772.9679854113751]	1.7531726417946105	0	0	0	0	0	0.076	0.5	0	0
52	1.0	125.0	[2]	set()	3.060982156684175	2.7489348733542815	2.7409444918271793	0.0	0	[778.8670354057103]	0.5283381810980762	0	0	0	0	0	0.0	0.0	0	0
302	1.0	125.0	[3]	set()	2.6727238779244846	2.5095397696542947	2.5338716361809284	0.0	0	[294.25046732649207]	0.6059137368821177	0	0	0	0	0	0.0735	0.25	0	0
116	1.0	125.0	[3, 2, 3]	set()	5.238190781689919	4.581042778037048	4.605542186803668	0.0	0	[369.4857491645962, 742.8968245166553, 899.4148569181561]	1.2570088452825832	0	0	0	0	0	0.196375	0.875	0	0
239	1.0	125.0	[3]	set()	3.737683313602748	3.7008475550401894	3.7112332487638984	0.0	0	[160.12435359880328]	0.43987602851328245	0	0	0	0	0	0.16499999999999998	0.5	0	0
364	1.0	125.0	[3, 3, 2]	set()	5.668768495202869	4.443032933312505	4.4268672756339855	0.0	0	[292.8827118349297, 459.19074211269617, 966.9605768816364]	1.1147927889680247	0	0	0	0	0	0.18237499999999998	0.75	0	0
485	1.0	125.0	[3, 3, 3]	set()	3.6846986760137868	2.9252759132759585	2.9701732140648986	0.0	0	[284.568018745631, 476.2595712672919, 610.7722939923406]	1.311406485522058	0	0	0	0	0	0.179	0.75	0	0
175	1.0	125.0	[3, 3, 3, 2]	set()	5.016077503670987	4.49199829467467	4.477941829378186	0.0	0	[105.07094138301908, 132.49257189941588, 344.98772490769625, 376.82914517595424]	1.0689533412346954	0	0	0	0	0	0.22075	1.375	0	0
53	1.0	125.0	[2, 3, 3]	set()	3.9575117259022528	3.3698722605218316	3.448834094256614	0.0	0	[483.50976352500254, 588.2711042650044, 635.7582366964589]	1.1002764335112192	0	0	0	0	0	0.33099999999999996	1.5	0	0
303	1.0	125.0	[3]	set()	2.136252002097483	1.9697053800349131	1.9841749479837834	0.0	0	[245.3205483034253]	0.5571356031996126	0	0	0	0	0	0.280625	0.625	0	0
117	1.0	125.0	[3, 3]	set()	2.8609017319963526	2.264127935684316	2.341138528363201	0.0	0	[103.57473233880476, 177.70901881158352]	0.5886303012395045	0	0	0	0	0	0.022125	0.25	0	0
425	1.0	125.0	[3, 3]	set()	6.3355343236475665	5.23692387711825	5.564657392394591	0.0	0	[140.0395785458386, 483.0001541413367]	0.9833811515653136	0	0	0	0	0	0.16425	0.5	0	0
486	1.0	125.0	[3]	set()	3.6742249573966226	3.323248511909419	3.4179485766047137	0.0	0	[704.1950561106205]	0.6072678261638418	0	0	0	0	0	0.148	0.5	0	0
240	1.0	125.0	[3, 3, 2, 3]	set()	7.068558546648952	5.40325435109655	5.7861636818042665	0.0	0	[375.5234517157078, 508.54103337042034, 869.164248695597, 886.1276397947222]	1.3205033654747196	0	0	0	0	0	0.203125	1.125	0	0
176	1.0	125.0	[3]	set()	2.99911351622153	2.950304018567124	2.9129297939657985	0.0	0	[928.3847194164993]	0.2577972774887878	0	0	0	0	0	0.027	0.375	0	0
365	1.0	125.0	[2, 3, 2, 3, 3]	set()	6.031972768841126	5.160218918459688	5.2475047632451135	0.0	0	[275.43055792938367, 401.45516900159794, 812.2448471840471, 903.7337900875044, 923.8259082194418]	1.4750821968622974	0	0	0	0	0	0.08950000000000001	0.875	0	0
54	1.0	125.0	[3, 3]	set()	4.188977729923571	3.7493550647457807	3.734019122585937	0.0	0	[212.3999921604991, 812.7577118575573]	0.9490849078100367	0	0	0	0	0	0.1205	0.625	0	0
118	1.0	125.0	[3, 3]	set()	4.087030244709037	3.7748242694367913	3.740819396363313	0.0	0	[124.18138515204193, 432.0806139985551]	0.9430588760778336	0	0	0	0	0	0.0865	0.25	0	0
426	1.0	125.0	[3, 2, 3]	set()	5.332377664622645	4.1868615988087745	4.339854993636681	0.0	0	[48.35273249834948, 306.2610873994756, 714.3985736183822]	1.2196330481706261	0	0	0	0	0	0.131	0.625	0	0
304	1.0	125.0	[3, 3, 3, 2]	set()	9.375953802122577	8.278618163212464	7.998396966143568	0.0	0	[250.0114964786917, 414.51607551425695, 753.6071373122535, 903.451626839792]	1.5203317177911755	0	0	0	0	0	0.3545	1.75	0	0
487	1.0	125.0	[3, 3, 3, 3]	set()	5.487889169564851	4.243879719948985	4.353471258342906	0.0	0	[260.21549198776484, 291.0948565695435, 412.1645078994334, 760.3394668549299]	1.4230319074641489	0	0	0	0	0	0.16375	0.75	0	0
177	1.0	125.0	[3, 3, 3, 3, 3]	set()	3.598458141821893	3.050742839487997	3.1438949152979907	0.0	0	[324.4307776152491, 673.2101191414783, 687.2635675858409, 735.9661534428596, 905.7957157492638]	1.4633365636160889	0	0	0	0	0	0.249	2.125	0	0
241	1.0	125.0	[3, 3, 3]	set()	3.3977570375997743	2.7879549302517375	2.6554892174851856	0.0	0	[629.1384600093766, 649.7906220611185, 800.6722796036473]	0.9785073829712643	0	0	0	0	0	0.31525000000000003	1.5	0	0
55	1.0	125.0	[3]	set()	3.1212049506945885	2.843429845739778	2.8376030015497706	0.0	0	[375.1893462613225]	0.6616598846008956	0	0	0	0	0	0.078125	0.125	0	0
366	1.0	125.0	[3, 3, 3]	set()	4.664410215462509	3.97603360799186	4.107138367125685	0.0	0	[414.5540522877127, 799.4242776185274, 853.5126689821482]	1.1716877771850955	0	0	0	0	0	0.055125	0.375	0	0
427	1.0	125.0	[3]	set()	1.2859615039425951	1.2410704813821345	1.2316114279191663	0.0	0	[95.30062461271882]	0.314632950466273	0	0	0	0	0	0.02375	0.25	0	0
119	1.0	125.0	[3, 2, 3]	set()	3.8036529766386766	3.083595159827223	2.941991475988164	0.0	0	[185.07071677595377, 279.14942242205143, 279.467882531488]	0.773313802595642	0	0	0	0	0	0.0	0.0	0	0
242	1.0	125.0	[3]	set()	2.406549349073401	2.3160538012006797	2.3162283413435056	0.0	0	[507.9912799410522]	0.6930194540116364	0	0	0	0	0	0.18662499999999999	0.375	0	0
305	1.0	125.0	[2]	set()	4.509945878655026	4.152489025965185	4.054892755951529	0.0	0	[781.4269168302417]	0.525096018871857	0	0	0	0	0	0.0	0.0	0	0
367	1.0	125.0	[3, 3]	set()	2.1373792821013606	1.8593116950049446	1.84149025575082	0.0	0	[318.27475521418603, 347.2840064205229]	0.745527817173703	0	0	0	0	0	0.286125	0.75	0	0
428	1.0	125.0	[2, 3]	set()	2.2314632224718736	1.8274754703284977	1.8575736279705715	0.0	0	[672.4064887712273, 732.3073802981526]	0.7882941050532328	0	0	0	0	0	0.0335	0.125	0	0
178	1.0	125.0	[2, 3]	set()	4.325256503329696	3.615831575717901	3.596312179830938	0.0	0	[140.7191618345678, 504.3670414015651]	0.99169826023711	0	0	0	0	0	0.063	0.25	0	0
488	1.0	125.0	[3, 3, 2, 3]	set()	6.428536043782426	4.775744250859005	4.837512769301642	0.0	0	[124.82227734290063, 138.53124878369272, 239.41106084360771, 332.93857627133013]	1.041635015237605	0	0	0	0	0	0.34375	1.625	0	0
56	1.0	125.0	[2, 3, 3, 3]	set()	5.346129475015967	4.169172753402469	4.420811602600272	0.0	0	[424.582076491788, 571.2839527691789, 656.7183583974838, 760.0580109283328]	1.4324967285921841	0	0	0	0	0	0.122625	0.625	0	0
243	1.0	125.0	[2, 3]	set()	6.060720537347101	5.160288809628313	5.138602392468639	0.0	0	[654.0482379496098, 792.0531493145972]	0.8775808884857557	0	0	0	0	0	0.099	0.25	0	0
306	1.0	125.0	[3, 3]	set()	5.569219482356901	4.399004537317174	4.447262547166219	0.0	0	[362.718503922224, 724.9753528740257]	1.0907071436005107	0	0	0	0	0	0.1595	0.5	0	0
120	1.0	125.0	[2, 3]	set()	7.182571775292917	5.893289312035884	6.088014470682205	0.0	0	[318.5048080049455, 974.0346539765596]	0.7360440305939473	0	0	0	0	0	0.00325	0.125	0	0
489	1.0	125.0	[3, 3, 2]	set()	2.471500245372108	2.1524862454725073	2.142464851797574	0.0	0	[405.8485561981797, 774.1295555606484, 976.9336793106048]	1.1443861088061738	0	0	0	0	0	0.16362500000000002	1.125	0	0
368	1.0	125.0	[3]	set()	4.3653354453573945	4.309839486381555	4.3118486666461395	0.0	0	[465.33718425780535]	0.690742230422106	0	0	0	0	0	0.066875	0.125	0	0
57	1.0	125.0	[3, 3]	set()	3.664166031581545	3.1488631888334817	3.1192709161301693	0.0	0	[503.6507491022349, 735.7059919270749]	1.0361158882904258	0	0	0	0	0	0.317	0.875	0	0
179	1.0	125.0	[3, 3, 3]	set()	6.416413436197691	5.435007287309015	5.559157946858511	0.0	0	[385.243320139125, 435.204709880054, 716.4501552470028]	1.231330050980794	0	0	0	0	0	0.34925	1.375	0	0
307	1.0	125.0	[3, 3, 3, 3]	set()	4.369628403101155	3.1812534639051684	3.3379897415455426	0.0	0	[199.8609300530676, 333.2187996711582, 436.2271825990032, 806.9921303540468]	1.5099845875773714	0	0	0	0	0	0.245375	1.375	0	0
244	1.0	125.0	[3]	set()	5.129357057926894	4.693216039093448	4.493533617286717	0.0	0	[160.29080469161272]	0.4401517854491894	0	0	0	0	0	0.02	0.125	0	0
121	1.0	125.0	[2, 3, 2, 3]	set()	4.849496704807956	4.013225537406372	4.182991057054744	0.0	0	[178.26005164533854, 184.77444094605744, 245.2356046786481, 711.6947834782101]	1.2241325966396297	0	0	0	0	0	0.309125	1.625	0	0
490	1.0	125.0	[3]	set()	3.295392135007674	3.103885772010174	3.1180854732429744	0.0	0	[421.6342624276877]	0.6808140166045035	0	0	0	0	0	0.10525	0.25	0	0
369	1.0	125.0	[3, 3, 3]	set()	6.322165642251982	5.691069138465737	5.721293986040206	0.0	0	[177.5156383009353, 297.0830036792904, 480.4759007237438]	1.2120802722789794	0	0	0	0	0	0.18425	0.875	0	0
429	1.0	125.0	[3, 2, 2, 3, 3]	set()	9.048536276875284	6.581083503871587	6.49399811617033	0.0	0	[16.131440410390496, 24.53181535848703, 182.3411118326048, 603.1322705093771, 614.0547543764114]	1.1791213809745356	0	0	0	0	0	0.178625	1.25	0	0
58	1.0	125.0	[3, 3, 3, 3, 2, 3]	set()	7.180611862393381	4.49791631247963	4.708763025694722	0.0	0	[143.41338444501162, 159.6604660324763, 400.14254117997615, 427.8281293809414, 530.2349879838339, 620.4141993075609]	1.6054921450770525	0	0	0	0	0	0.136125	0.75	0	0
308	1.0	125.0	[3]	set()	2.5101844769451964	2.291419844921629	2.268854319559202	0.0	0	[617.5592341460288]	0.6652463666610622	0	0	0	0	0	0.077125	0.125	0	0
180	1.0	125.0	[3, 3, 3]	set()	6.465564401726421	5.170036201005531	5.098597461707812	0.0	0	[602.8718264630934, 652.9677528887987, 802.1610980847207]	1.0594626215901566	0	0	0	0	0	0.07450000000000001	0.5	0	0
245	1.0	125.0	[3, 3]	set()	2.955975566379234	2.5773776255050485	2.5857992260673974	0.0	0	[587.3989891260862, 695.3487982973456]	0.9149367680702327	0	0	0	0	0	0.17662499999999998	0.625	0	0
491	1.0	125.0	[3, 3, 3, 3]	set()	4.485668860864655	3.0827871928665536	3.418452555808013	0.0	0	[462.5712432197133, 558.9459892362356, 753.6826729774475, 945.544432848692]	1.375947123732716	0	0	0	0	0	0.13875	0.875	0	0
122	1.0	125.0	[2]	set()	5.281694771743884	4.979650974559308	4.9850346178019045	0.0	0	[528.7774596363306]	0.6914899805539426	0	0	0	0	0	0.0	0.0	0	0
370	1.0	125.0	[2, 3, 3]	set()	6.058449048780783	5.052570324193232	5.006670598505037	0.0	0	[72.16093968600035, 558.1372838933021, 621.627977816388]	1.0831452951881975	0	0	0	0	0	0.2355	1.0	0	0
430	1.0	125.0	[3, 3, 3]	set()	4.541269942378408	3.680520300628325	3.8034191534250703	0.0	0	[635.193404783343, 726.1263988912106, 996.8803357332944]	0.8780437335578176	0	0	0	0	0	0.27387500000000004	1.375	0	0
246	1.0	125.0	[3, 3]	set()	3.8627060610093586	3.2348311299240793	3.2384198428380584	0.0	0	[254.595298320055, 492.3687840346247]	1.0340273244640223	0	0	0	0	0	0.15675	0.5	0	0
309	1.0	125.0	[3]	set()	5.415930714735179	4.687902602292127	4.7556327736448365	0.0	0	[773.9076325669885]	0.5345114223195281	0	0	0	0	0	0.0	0.0	0	0
59	1.0	125.0	[3, 3, 3, 2, 3]	set()	8.08102321709147	5.392682387313568	5.2347230008526315	0.0	0	[2.4754414334893227, 230.50112673081455, 353.3018883317709, 628.925204990842, 859.6139689128073]	1.578659902088403	0	0	0	0	0	0.110125	0.875	0	0
492	1.0	125.0	[2]	set()	3.9337085149366255	3.6171061708425536	3.583884428387999	0.0	0	[609.1818453278393]	0.6691126509414722	0	0	0	0	0	0.0	0.0	0	0
123	1.0	125.0	[3, 2]	set()	3.8266782201430796	3.574732523826121	3.5907712193377312	0.0	0	[472.7295679040253, 980.5301087908448]	0.774993142002269	0	0	0	0	0	0.25	0.75	0	0
181	1.0	125.0	[2, 2, 2, 2, 2]	set()	10.366655921693482	6.67239333099878	7.28020320688155	0.0	0	[42.58856081762152, 168.3837897750735, 223.48989204614975, 394.1952658351511, 477.7870874386281]	1.4034334791778391	0	0	0	0	0	0.0	0.0	0	0
431	1.0	125.0	[3]	set()	4.715247559268039	3.905061568461189	3.910784977108575	0.0	0	[842.8684158716351]	0.434882632778799	0	0	0	0	0	0.125	0.25	0	0
371	1.0	125.0	[2, 3, 3]	set()	6.861779364350845	4.99325174712264	5.267356293803415	0.0	0	[394.1504959948361, 673.083359375596, 732.9805167391896]	1.2442996013596654	0	0	0	0	0	0.0335	0.125	0	0
60	1.0	125.0	[2]	set()	2.5539324416764826	2.1354513888313464	2.1441987776564067	0.0	0	[666.745490161702]	0.6364595180313435	0	0	0	0	0	0.125	0.25	0	0
493	1.0	125.0	[3]	set()	3.359787636890826	3.1317967032790657	3.123347644293265	0.0	0	[894.7442746721208]	0.33647985110539436	0	0	0	0	0	0.01325	0.125	0	0
247	1.0	125.0	[3, 3, 3]	set()	8.64774015163691	6.91181896338134	6.950340362616763	0.0	0	[1.084187999367714, 474.2711642757058, 591.0488441586494]	0.9779164686635415	0	0	0	0	0	0.17625	0.75	0	0
182	1.0	125.0	[3, 3, 3]	set()	4.538210607115231	4.3201918518392946	4.313110744351268	0.0	0	[198.3663487249876, 253.98179886286783, 758.0820033326745]	1.1701928372278008	0	0	0	0	0	0.53425	2.125	0	0
494	1.0	125.0	[3]	set()	3.8439974326260837	3.3189893749208506	3.3166182591639286	0.0	0	[515.2227752842009]	0.6926836431585035	0	0	0	0	0	0.0	0.0	0	0
432	1.0	125.0	[3, 2, 2, 2]	set()	5.890212962530902	4.146752207398286	4.403220228452481	0.0	0	[278.08792563155293, 597.114413511008, 747.6382680924557, 911.4024990703912]	1.5164533110507379	0	0	0	0	0	0.0695	0.25	0	0
61	1.0	125.0	[3, 2, 3, 3]	set()	9.10005721485808	7.778931303572889	7.869575080914134	0.0	0	[61.12483167089522, 124.67703456059098, 163.39431190863252, 289.46386533789337]	0.9757606503524487	0	0	0	0	0	0.125	0.625	0	0
183	1.0	125.0	[3, 3, 3, 3]	set()	4.918160486748643	3.4289578690378972	3.46327385837127	0.0	0	[31.25039115548134, 155.6800348585967, 469.38452403992414, 475.0842901399405]	1.0990672350173578	0	0	0	0	0	0.0625	0.5	0	0
495	1.0	125.0	[3]	set()	1.9608825400803676	1.828110955090845	1.7916404599374054	0.0	0	[248.3054816257209]	0.5604658572836114	0	0	0	0	0	0.062	0.25	0	0
433	1.0	125.0	[2]	set()	3.2447069011685343	3.0103917620191627	2.8323092196109307	0.0	0	[887.2707895934582]	0.35218363975605527	0	0	0	0	0	0.0	0.0	0	0
184	1.0	125.0	[3]	set()	2.6525887305910323	2.2683344525241824	2.3233710235917777	0.0	0	[803.4329935908318]	0.4956062948370217	0	0	0	0	0	0.0	0.0	0	0
185	1.0	125.0	[3, 3, 2, 3, 2]	set()	6.0626598234034805	4.870973395308477	4.979128930099132	0.0	0	[31.35483735240996, 74.12222120910883, 130.1359066274017, 340.13752173632383, 792.5108356866986]	1.4176990578875357	0	0	0	0	0	0.17675	1.5	0	0
