iter	recomb_rate	mut_rate	recomb_type	recomb_node	ARG_length_1	ARG_length_2	ARG_length_3	ARG_length_4	root_height_change	bp	bp_pos_deviation	rank_stat	info_sites_global	confounding_info_sites	consistent_info_sites	weighted_consistent_info_sites	rf_dist	no_neu_recurr_mut	no_adv_recurr_mut	info_sites_imbalance
310	0.1	12.5	[3]	{0}	5.109219663170293	4.714857323840231	4.7150066932256935	0.0	0	526.9437902607024	26.94379026070237	5.765502899331519	50	42	46	32.09177516104281	7.070279307438575	0	0	42
248	0.1	12.5	[2]	{2}	1.9349659921154592	1.8290042573982819	1.8040212029021554	0.0	0	205.8851688634605	294.11483113653946	1.005037815259212	21	5	13	8.860736857498065	0.9214814053889712	0	0	5
186	0.1	12.5	[1]	{0}	4.856159616455889	3.967252616891858	3.967252616891858	0.0	0	163.72416401281953	336.27583598718047	1.224744871391589	3	1	2	0.8684483280256391	0.0	0	0	1
124	0.1	12.5	[2]	{0}	3.553585800840247	2.8389878437512657	2.834745430009713	0.0	0	392.3125173896549	107.68748261034511	0.24743582965269675	20	6	13	10.119812656506895	1.0973481365693072	0	0	6
372	0.1	12.5	[1]	{1}	4.846776889096856	3.7365239670246755	3.7365239670246746	0.0	0	875.0066165812315	375.00661658123147	0.33866700533384136	30	8	19	10.488887518119064	0.0	0	0	8
62	0.1	12.5	[1]	{0}	8.554206198006163	7.76310273773332	7.76310273773332	0.0	0	873.403144534677	373.40314453467704	1.4263994477758974	71	41	56	32.82042390605808	0.0	0	0	41
434	0.1	12.5	[1]	{1}	1.4543730278851215	1.1886006026088385	1.1886006026088385	0.0	0	129.3655051849782	370.6344948150218	1.0	2	0	1	0.9473655051849782	0.0	0	0	0
496	0.1	12.5	[1]	{2}	6.0559431467959115	4.848593812592743	4.848593812592743	0.0	0	371.41795689240087	128.58204310759913	nan	1	1	1	0.6154179568924009	0.0	0	0	1
0	0.1	12.5	[1]	{1}	5.748189973954389	4.097915109479069	4.097915109479069	0.0	0	956.1863844282924	456.1863844282924	0.9258200997725514	6	0	3	0.4854408467151229	0.0	0	0	0
311	0.1	12.5	[1]	{1}	4.731153912063438	3.551681378411952	3.551681378411952	0.0	0	365.277688484639	134.722311515361	1.224744871391589	3	3	3	2.3677223115153607	0.0	0	0	3
187	0.1	12.5	[3]	{2}	7.738611450212067	6.005223006126504	6.620828280058565	0.0	0	34.6083655022085	465.39163449779153	0.29424494316824984	69	61	65	32.96932702663913	7.857725780607181	0	0	61
125	0.1	12.5	[2]	{0}	1.7198150910233294	1.4089293797106004	1.4152636964586112	0.0	0	781.2834568321705	281.2834568321705	0.7333333333333333	14	0	7	5.1837165431678285	0.5778754872042153	0	0	0
249	0.1	12.5	[2]	{1}	4.690082376806227	3.4262553329050287	3.719017521106832	0.0	0	925.6173542235048	425.6173542235048	0.2946278254943948	31	21	26	13.766183498635886	2.0618293661776894	0	0	21
373	0.1	12.5	[1]	{1}	2.5036185154237476	2.1431191936496017	2.1431191936496017	0.0	0	278.1119109131397	221.8880890868603	1.092606434117874	22	0	11	7.358111910913139	0.0	0	0	0
63	0.1	12.5	[1]	{1}	0.987165742507302	0.7581719463979955	0.7581719463979955	0.0	0	122.33663350343716	377.66336649656284	0.4472135954999579	4	2	3	2.4260099005103113	0.0	0	0	2
435	0.1	12.5	[1]	{2}	6.9726772119053395	6.139590382040901	6.139590382040901	0.0	0	39.70060683786872	460.2993931621313	0.5773502691896258	8	2	5	2.618101820513606	0.0	0	0	2
497	0.1	12.5	[3]	{2}	6.70569564224968	5.475229638572065	5.458504958976198	0.0	0	210.22686548531067	289.77313451468933	1.0527227119356304	65	19	42	29.512537309706214	3.4915822785481647	0	0	19
1	0.1	12.5	[3]	{2}	4.607991869716858	3.6729760917012735	3.617890869772662	0.0	0	392.485843738541	107.514156261459	2.0884261561098607	34	12	23	16.249599093830213	1.8075289391616662	0	0	12
188	0.1	12.5	[3]	{0}	1.4214578753183646	1.0726310547611941	1.0702599668442285	0.0	0	155.57216526940448	344.4278347305955	1.8257418583505538	11	5	8	4.65514433053881	0.0402166184386053	0	0	5
312	0.1	12.5	[2]	{1}	4.0792282038350285	3.2212622506435	3.197639339386649	0.0	0	383.6807645857335	116.31923541426647	0.6714647604670964	32	8	20	13.376084587514402	1.3611121230794083	0	0	8
374	0.1	12.5	[3]	{2}	5.938172597589356	5.1525609018443115	5.193897560386525	0.0	0	865.7181167509407	365.7181167509407	3.2258599054479076	46	38	42	26.054020263969896	6.03517363922589	0	0	38
126	0.1	12.5	[3]	{0}	5.9935062882876196	4.304234577416677	4.818270023811307	0.0	0	923.956161364913	423.956161364913	1.9321835661585918	47	37	42	22.547665868133315	3.7975955729367725	0	0	37
250	0.1	12.5	[1]	{1}	3.187250081457726	2.2823751637856993	2.2823751637856993	0.0	0	363.619567360729	136.38043263927102	1.3416407864998738	8	2	5	3.375858702082187	0.0	0	0	2
64	0.1	12.5	[1]	{2}	3.279565957069639	2.999475229193306	2.999475229193306	0.0	0	895.5852119252087	395.5852119252087	0.2997802417046013	36	22	29	16.893369701869783	0.0	0	0	22
436	0.1	12.5	[3]	{1}	4.3877094571337505	3.983815182256989	3.902123004307996	0.0	0	885.291404789314	385.291404789314	1.8609684207969417	47	27	37	20.687132070688524	5.102754284564832	0	0	27
498	0.1	12.5	[1]	{1}	5.4897567223971375	3.80338813778172	3.803388137781719	0.0	0	573.5317929647862	73.53179296478618	0.2449489742783178	9	3	6	4.946063585929573	0.0	0	0	3
2	0.1	12.5	[1]	{2}	4.709411113331161	4.474466578697759	4.474466578697759	0.0	0	987.1219522319736	487.12195223197364	nan	0	0	0	0.0	0.0	0	0	0
313	0.1	12.5	[3]	{2}	5.635901601740932	4.72189798942214	4.720218927367763	0.0	0	553.0081156175584	53.00811561755836	3.4291970047322216	46	28	37	27.59700811561756	3.9780173743002774	0	0	28
189	0.1	12.5	[2]	{0}	5.7512789276289595	5.582071982564146	5.536667972551561	0.0	0	984.8176757805052	484.81767578050517	1.1709653601230698	57	51	54	28.316845507852722	2.7546802303651954	0	0	51
127	0.1	12.5	[2]	{2}	2.3259882597548	2.1344531527809067	2.1399846967322413	0.0	0	549.8346739914269	49.83467399142694	0.6880329612324521	20	2	11	8.230826630042865	1.0879884626630063	0	0	2
375	0.1	12.5	[1]	{1}	3.0264845978780928	2.3694571726644247	2.3694571726644247	0.0	0	180.61112193390724	319.38887806609273	0.42640143271122083	10	0	5	3.6518333658017217	0.0	0	0	0
437	0.1	12.5	[3]	{1}	5.1152931806421895	4.396508402201386	4.276819314747706	0.0	0	283.978516701609	216.021483298391	2.4680623824956416	42	14	28	19.743785167016092	4.07685647299451	0	0	14
251	0.1	12.5	[2]	{0}	3.9665322712571576	3.3239300775754548	3.3233276819811355	0.0	0	442.31418659910565	57.68581340089435	0.9379580992210836	30	8	19	15.537543947409837	1.3505042454982397	0	0	8
499	0.1	12.5	[1]	{2}	3.557524885416922	2.730546275616036	2.730546275616037	0.0	0	150.69173369556668	349.30826630443335	nan	2	2	2	1.1563834673911333	0.0	0	0	2
65	0.1	12.5	[2]	{1}	3.7605065865752825	3.6429402121273453	3.639347107762195	0.0	0	565.8078172709793	65.80781727097929	1.8278153875348273	47	3	25	19.043348528148602	1.8136937771257182	0	0	3
3	0.1	12.5	[1]	{0}	10.844303042162734	10.08049143991814	10.08049143991814	0.0	0	899.5112075936048	399.5112075936048	1.0802812932909054	114	76	95	51.29545769379475	0.0	0	0	76
190	0.1	12.5	[1]	{0}	4.287631483405171	3.080452228267714	3.0804522282677143	0.0	0	503.0181240290405	3.018124029040507	0.0	6	0	3	2.4629456279128785	0.0	0	0	0
314	0.1	12.5	[1]	{0}	7.467327422688578	6.928382606599099	6.928382606599099	0.0	0	787.8168171737345	287.81681717373453	0.7319250547113999	13	1	7	6.042549548478798	0.0	0	0	1
438	0.1	12.5	[3]	{0}	3.276798681578423	2.814852982848205	2.8122011986037974	0.0	0	990.650753257796	490.65075325779605	1.9242809417694555	34	28	31	18.381128155523918	2.842222126228956	0	0	28
376	0.1	12.5	[2]	{2}	2.1781166596243224	1.8586613710627946	1.967861340814547	0.0	0	59.68718114309018	440.3128188569098	0.731126155013931	24	18	21	11.743430804004893	1.1268084404950924	0	0	18
128	0.1	12.5	[1]	{1}	6.550836555952319	5.9570809504906475	5.9570809504906475	0.0	0	422.63755062595	77.36244937405002	nan	0	0	0	0.0	0.0	0	0	0
252	0.1	12.5	[1]	{1}	4.405999019408943	3.2387536056818407	3.23875360568184	0.0	0	970.809518825263	470.809518825263	0.0	6	2	4	1.406761924698948	0.0	0	0	2
66	0.1	12.5	[2]	{2}	2.8693158690777283	2.7909839139699213	2.7910549639304776	0.0	0	404.0797152556479	95.9202847443521	nan	33	15	24	16.83291316613555	1.3571377482160614	0	0	15
4	0.1	12.5	[1]	{2}	3.758275185305112	3.059601103959191	3.059601103959191	0.0	0	150.00715386122465	349.99284613877535	nan	2	2	2	1.2490143077224491	0.0	0	0	2
439	0.1	12.5	[3]	{2}	5.0355246216569745	4.627564661325861	4.59389583112311	0.0	0	644.7006622329355	144.70066223293554	6.301265616732485	71	63	67	48.233088742040096	6.77069809053536	0	0	63
191	0.1	12.5	[1]	{1}	4.769646398395212	4.632818854159511	4.632818854159511	0.0	0	906.1111120972784	406.11111209727835	0.3049460841996664	46	18	32	17.205888861276208	0.0	0	0	18
315	0.1	12.5	[2]	{1}	2.664544580925817	2.5460224936715417	2.475000360669809	0.0	0	746.7646836303177	246.76468363031768	0.8920515501750789	28	14	21	13.18894164376333	1.4305412692306803	0	0	14
253	0.1	12.5	[1]	{0}	4.426768454520245	3.4354259995425704	3.4354259995425704	0.0	0	168.18354418501255	331.8164558149874	1.0	2	2	2	1.336	0.0	0	0	2
377	0.1	12.5	[1]	{0}	4.146093110295938	3.069422513767005	3.069422513767005	0.0	0	972.05728571862	472.05728571862005	nan	1	1	1	0.92694271428138	0.0	0	0	1
129	0.1	12.5	[2]	{1}	4.69462194120161	3.411402703299724	3.8971352102158328	0.0	0	74.36252431944027	425.63747568055976	0.4576043153224294	38	34	36	18.622325826860965	2.6910125387408526	0	0	34
67	0.1	12.5	[1]	{0}	4.468733307841285	3.3948496602122877	3.3948496602122877	0.0	0	973.5183576121927	473.51835761219274	1.1547005383792517	5	1	3	1.0154449271634218	0.0	0	0	1
5	0.1	12.5	[1]	{2}	1.9661714594264736	1.5430477943177932	1.5430477943177932	0.0	0	223.0349220335484	276.9650779664516	nan	2	0	1	0.23303492203354836	0.0	0	0	0
316	0.1	12.5	[1]	{1}	6.131624136392231	5.10363257135526	5.103632571355261	0.0	0	227.5343234650791	272.46567653492093	0.0	3	1	2	1.3680686469301582	0.0	0	0	1
192	0.1	12.5	[1]	{2}	8.389370139029566	6.089636275266226	6.089636275266226	0.0	0	761.745308060199	261.745308060199	0.8249446963053483	27	3	15	9.573273459699005	0.0	0	0	3
440	0.1	12.5	[2]	{0}	1.9771337093683057	1.535070193067674	1.5542716406614612	0.0	0	50.744799198582655	449.25520080141735	0.0	12	10	11	6.239703192787244	0.6084454099245304	0	0	10
378	0.1	12.5	[3]	{0}	5.994647352247126	5.357598896591109	5.362696895178963	0.0	0	464.71460629254585	35.28539370745415	4.423010159147786	52	38	46	33.767	7.078170053344777	0	0	40
254	0.1	12.5	[2]	{1}	4.1520331600570515	3.2840935224257763	3.2759428152201786	0.0	0	585.5679884552958	85.56798845529579	0.17712297710801905	29	1	15	11.292432011544705	1.2951803991931348	0	0	1
130	0.1	12.5	[1]	{0}	8.575258556708356	6.520363144311409	6.520363144311409	0.0	0	681.5832313150169	181.58323131501686	1.8516401995451028	20	8	14	10.272833537369966	0.0	0	0	8
68	0.1	12.5	[1]	{1}	4.141972575629602	3.790993800630593	3.790993800630593	0.0	0	637.0235085487366	137.02350854873657	0.0	5	1	3	2.1329294743537903	0.0	0	0	1
6	0.1	12.5	[3]	{1}	2.5151410022244196	1.9958000499666269	1.9376526897035953	0.0	0	121.01112771779304	378.98887228220696	1.0606601717798214	15	1	8	4.783066766306757	0.5638031231800722	0	0	1
441	0.1	12.5	[3]	{2}	7.417953367668444	6.521038930131326	6.644380443647359	0.0	0	843.3438953943552	343.3438953943552	2.679194001067492	74	58	66	43.21086860264839	9.006559418632335	0	0	58
317	0.1	12.5	[1]	{2}	3.7598874409744667	3.0968795220580336	3.0968795220580336	0.0	0	346.43326001241815	153.56673998758185	0.7348469228349533	9	1	5	3.4222997800372545	0.0	0	0	1
255	0.1	12.5	[3]	{0}	3.0878502974834103	2.5197723862889663	2.578029894207248	0.0	0	648.377565201372	148.37756520137202	1.6195237395163873	24	14	19	13.313601913187652	2.4897675338314498	0	0	14
379	0.1	12.5	[1]	{2}	2.5036105022692197	1.9201072527144243	1.9201072527144243	0.0	0	760.863047791645	260.86304779164504	0.0	3	1	2	1.508	0.0	0	0	1
193	0.1	12.5	[2]	{1}	3.7932228908974124	3.5499902108156327	3.6037640285515926	0.0	0	271.91639225929987	228.08360774070013	nan	32	16	24	14.913993414223194	1.9429162062260934	0	0	16
131	0.1	12.5	[1]	{1}	5.270456530973915	4.37746316937812	4.37746316937812	0.0	0	16.30906481295824	483.69093518704176	0.37047928681747416	16	2	9	4.539781583316624	0.0	0	0	2
69	0.1	12.5	[1]	{0}	4.040310913539589	3.2077646380259277	3.2077646380259277	0.0	0	441.0717403516173	58.92825964838272	0.9258200997725514	6	2	4	2.894	0.0	0	0	2
7	0.1	12.5	[1]	{0}	5.036259628834095	3.99302722431955	3.99302722431955	0.0	0	691.2722438573837	191.27224385738373	1.0	2	0	1	0.4987277561426162	0.0	0	0	0
318	0.1	12.5	[3]	{2}	4.05831236029093	3.5809303633505545	3.707044166385688	0.0	0	64.6533037070185	435.3466962929815	3.4489280791435615	51	45	47	25.57417223715968	5.5961650773966625	0	0	43
442	0.1	12.5	[1]	{1}	4.696682553468969	4.37306972257852	4.373069722578519	0.0	0	841.2427259609107	341.24272596091066	0.0	5	3	4	2.2220290961563576	0.0	0	0	3
256	0.1	12.5	[3]	{2}	3.306017551172527	2.8390486757239835	2.6633610020851277	0.0	0	919.5876996964216	419.5876996964216	0.09589266029707683	28	10	19	10.458184504553676	1.8894977333845646	0	0	10
380	0.1	12.5	[1]	{0}	2.152434083929885	2.0012304021288827	2.0012304021288823	0.0	0	669.4211149588227	169.42111495882273	nan	2	0	1	0.6834211149588227	0.0	0	0	0
194	0.1	12.5	[1]	{2}	1.7961119233814329	1.4984966610340709	1.4984966610340709	0.0	0	734.0377208311112	234.0377208311112	0.6454972243679028	14	0	7	5.003886837506666	0.0	0	0	0
132	0.1	12.5	[2]	{2}	5.19177709413928	4.743855301790921	4.83296204644884	0.0	0	942.4090564716608	442.40905647166085	0.2499186595065504	57	43	50	29.113547176416954	2.4384860684811307	0	0	43
70	0.1	12.5	[3]	{0}	8.157188536507391	7.298339959778187	7.107043072314041	0.0	0	724.0401096642015	224.0401096642015	2.421622058386725	64	30	46	34.83559890335798	8.767064429934193	0	0	28
8	0.1	12.5	[1]	{2}	3.6594605963710114	2.8496769790206304	2.8496769790206304	0.0	0	441.8173655867577	58.18263441324228	1.3887301496588271	6	4	5	3.862817365586758	0.0	0	0	4
257	0.1	12.5	[3]	{2}	5.329727826730115	4.343254466251583	4.227452976353952	0.0	0	697.3966271616518	197.39662716165185	0.7000323198744314	33	1	17	10.679430355545135	2.427900561454152	0	0	1
381	0.1	12.5	[3]	{2}	6.095901370913178	5.354535456926318	5.361440507402948	0.0	0	398.1297451537103	101.8702548462897	3.0372024842741854	45	33	39	27.76772464822792	6.383898627525187	0	0	33
443	0.1	12.5	[1]	{2}	3.781636701898755	3.297894266923195	3.297894266923195	0.0	0	509.78794810362166	9.787948103621659	0.0778498944161523	26	2	14	10.377424103792755	0.0	0	0	2
319	0.1	12.5	[1]	{1}	4.1223595043388395	2.946701214303533	2.946701214303533	0.0	0	404.7953276894986	95.2046723105014	nan	1	1	1	0.9117953276894986	0.0	0	0	1
195	0.1	12.5	[1]	{1}	5.783845515252832	5.6961076276429345	5.6961076276429345	0.0	0	490.0187542662026	9.98124573379738	0.34621787165076917	52	0	26	19.718849965870383	0.0	0	0	0
71	0.1	12.5	[3]	{1}	2.6315348019280913	2.1238898188052975	2.164439059183196	0.0	0	630.0317517016085	130.03175170160853	1.1114378604524227	20	16	18	13.251555476177481	1.8381447303073657	0	0	16
133	0.1	12.5	[2]	{2}	2.3698598895942338	1.9423378565486187	2.0423274318257203	0.0	0	775.6277367006988	275.62773670069885	0.3578300267477955	26	14	20	13.187956212788821	1.2201678543145333	0	0	14
9	0.1	12.5	[2]	{0}	3.299254719607649	2.8198763365002524	2.832570905793348	0.0	0	311.4586726296692	188.5413273703308	0.7789808377045201	37	13	25	16.227549470482387	1.250273979428984	0	0	13
258	0.1	12.5	[3]	{0}	7.560549378058486	6.089081609596599	6.385279344771186	0.0	0	304.3093464802951	195.69065351970488	2.4791191472036487	71	53	62	40.36361124513299	7.232540339713573	0	0	53
444	0.1	12.5	[3]	{1}	4.139950000381254	3.976302368577186	4.006936291367359	0.0	0	190.9434734843672	309.0565265156328	3.717153517646536	45	39	42	25.687304204531014	7.3149111048263284	0	0	39
382	0.1	12.5	[1]	{2}	8.179870996784276	6.4757289801298725	6.4757289801298725	0.0	0	851.0281140916051	351.02811409160506	1.120946804772838	22	6	14	7.855718859083948	0.0	0	0	6
320	0.1	12.5	[2]	{2}	10.665908672089627	9.482611814754499	9.749554883050372	0.0	0	984.077548608184	484.077548608184	0.7258985180458698	114	96	105	51.6618573961407	4.968047456831037	0	0	96
196	0.1	12.5	[3]	{2}	1.9324370255473342	1.747016478671498	1.7590304212167363	0.0	0	162.58440515957776	337.4155948404223	3.162277660168379	17	15	17	12.009090836117048	2.5132269878752367	0	0	17
72	0.1	12.5	[3]	{1}	2.6664107164174604	2.166407423392098	2.282355047771933	0.0	0	60.200274921953785	439.7997250780462	1.299867367239363	28	22	25	12.990006873048843	2.524013411682354	0	0	22
134	0.1	12.5	[3]	{2}	2.4718698322873283	1.8969790467380552	1.9397244643365807	0.0	0	897.9093718808145	397.90937188081455	0.37047928681747416	16	2	9	4.188815653072669	0.7940017293229119	0	0	2
10	0.1	12.5	[1]	{2}	3.88232736691622	3.035264791279527	3.035264791279527	0.0	0	101.91026469692582	398.0897353030742	0.31506301890630223	16	2	9	6.67655132348463	0.0	0	0	2
259	0.1	12.5	[3]	{2}	4.017723679424177	3.1306387021173303	3.157203321542109	0.0	0	371.4582938700915	128.5417061299085	0.04588314677411235	29	3	16	11.868666350960734	1.3579459773029714	0	0	3
445	0.1	12.5	[1]	{1}	5.806768867316158	5.145342432097892	5.145342432097891	0.0	0	477.482897695154	22.51710230484599	0.4472135954999579	4	0	2	1.447965795390308	0.0	0	0	0
383	0.1	12.5	[1]	{1}	2.012118186501162	1.8100715043934597	1.8100715043934597	0.0	0	775.391709757969	275.391709757969	1.5491933384829668	4	2	3	1.923608290242031	0.0	0	0	2
321	0.1	12.5	[1]	{2}	3.7082520011757962	3.3880330471350923	3.3880330471350923	0.0	0	464.2318412661553	35.7681587338447	0.8783100656536799	6	4	5	3.871304476201534	0.0	0	0	4
197	0.1	12.5	[2]	{0}	3.0590787254074785	2.302682447151038	2.3967398237524504	0.0	0	757.3833770584317	257.38337705843173	0.8320502943378437	20	10	15	9.129549606474113	1.2326373345421362	0	0	10
73	0.1	12.5	[2]	{0}	3.3030408280095656	2.9840003800125947	2.9810738236320735	0.0	0	532.9189598560332	32.91895985603321	nan	33	11	22	16.58778288316727	1.418455258085437	0	0	11
11	0.1	12.5	[1]	{2}	1.7849360735939117	1.3262509107392109	1.3262509107392109	0.0	0	537.830321583897	37.83032158389699	nan	0	0	0	0.0	0.0	0	0	0
135	0.1	12.5	[2]	{0}	7.696766098135757	6.771006455242863	6.532014757038674	0.0	0	18.79942161031045	481.20057838968955	1.3936052345883763	63	29	46	24.842773394074285	3.1802888379434178	0	0	29
260	0.1	12.5	[2]	{2}	2.492601106931396	2.0467713231338767	2.047220811654505	0.0	0	488.934590946883	11.06540905311698	0.4423258684646914	22	4	13	9.77619622715935	0.8415413069426769	0	0	4
384	0.1	12.5	[3]	{1}	2.4173912608670904	2.0712206852640476	1.9825373305348233	0.0	0	674.8909340240064	174.89093402400636	1.5698043554168508	22	2	12	8.123999999999999	1.863029134460268	0	0	2
446	0.1	12.5	[1]	{1}	6.950372439728326	5.909030769413649	5.909030769413649	0.0	0	103.19714294746528	396.8028570525347	0.8081220356417687	55	3	29	16.63374571600184	0.0	0	0	3
322	0.1	12.5	[1]	{1}	5.416156191419008	4.669624520462013	4.669624520462013	0.0	0	510.4075386188925	10.407538618892488	0.29277002188455997	6	2	4	3.13263015447557	0.0	0	0	2
198	0.1	12.5	[3]	{2}	4.814413274437703	4.607137211871506	4.443589718555907	0.0	0	218.27692212536945	281.7230778746306	4.965334841020175	52	36	44	31.008323065504438	7.2427638242766825	0	0	36
74	0.1	12.5	[1]	{2}	4.261081756318943	3.311067353978629	3.311067353978629	0.0	0	692.1940015163273	192.19400151632726	0.2881752638568445	33	7	20	15.901835990902036	0.0	0	0	7
136	0.1	12.5	[2]	{0}	12.190130322600792	9.366766527832992	9.522925738853743	0.0	0	180.53842592053115	319.46157407946885	0.5493735356726148	84	26	55	31.176152314582833	3.9166805912614926	0	0	26
12	0.1	12.5	[1]	{0}	7.821352686469723	6.215657468316867	6.215657468316867	0.0	0	405.1446681842208	94.85533181577921	nan	1	1	1	0.6931446681842208	0.0	0	0	1
261	0.1	12.5	[3]	{2}	3.739508454805965	3.5168270652341285	3.4863892011324538	0.0	0	246.74083990976217	253.25916009023783	3.946648814672956	41	37	39	26.679039317924524	5.574247532541369	0	0	37
385	0.1	12.5	[3]	{2}	2.42642706549415	2.0179248659677134	2.0464371070276473	0.0	0	822.3661305382848	322.3661305382848	1.3021720984236467	22	10	16	9.738338694617152	1.9013812272271837	0	0	10
447	0.1	12.5	[2]	{0}	3.0099150682184708	2.6840130874072594	2.557411402000943	0.0	0	108.25345385819668	391.7465461418033	0.36499819754421575	31	5	17	8.840308715589345	1.3756263033686231	0	0	3
323	0.1	12.5	[1]	{0}	1.8903617409371263	1.3914467138710271	1.3914467138710274	0.0	0	621.2207004427911	121.2207004427911	1.5491933384829668	4	2	3	1.836779299557209	0.0	0	0	2
199	0.1	12.5	[2]	{0}	8.47258070695835	7.881819134094416	7.363631285281404	0.0	0	25.483924429863524	474.5160755701365	1.3889946796498878	79	33	56	28.473099768072355	4.21937527055546	0	0	33
75	0.1	12.5	[2]	{1}	8.332258571062564	7.389744748734703	7.510544506298653	0.0	0	221.3942348025741	278.6057651974259	0.13316902848554257	86	36	61	39.14610597493128	3.7780019323644876	0	0	36
137	0.1	12.5	[3]	{1}	4.35268208404343	3.5478609762357314	3.8045962605833603	0.0	0	963.1433547474446	463.1433547474446	0.5879747322073337	34	26	30	15.047986067071554	4.875009801123648	0	0	26
13	0.1	12.5	[1]	{2}	5.8393675175041055	5.628623910153962	5.628623910153962	0.0	0	318.53445642627776	181.46554357372224	0.22190115272469207	62	8	35	24.243361410656945	0.0	0	0	8
262	0.1	12.5	[2]	{1}	1.3833923931667693	1.232270764218233	1.2731291780736367	0.0	0	970.2906531747432	470.29065317474317	1.184313050927584	13	9	11	5.5928028150778255	0.668312049954796	0	0	9
386	0.1	12.5	[1]	{1}	2.8835902320599107	2.1246452720634794	2.1246452720634794	0.0	0	913.3919305168092	413.3919305168092	nan	2	0	1	0.9553919305168093	0.0	0	0	0
200	0.1	12.5	[3]	{0}	3.4143088456476036	3.0340886019480617	3.0219956450474337	0.0	0	249.96800557710225	250.03199442289775	1.9148542155126762	32	20	26	16.51442410038784	3.7384777243736718	0	0	20
448	0.1	12.5	[2]	{0}	5.857699476231378	5.444872001741305	5.456938102553307	0.0	0	303.7055700551719	196.2944299448281	1.4662455219099875	64	36	49	32.272161792593074	2.5895577643354826	0	0	34
324	0.1	12.5	[1]	{0}	5.828649669516621	5.062676338194384	5.062676338194384	0.0	0	663.771901279688	163.771901279688	0.29277002188455997	6	0	3	2.255684296160936	0.0	0	0	0
76	0.1	12.5	[1]	{2}	6.764618148761144	5.175811730789221	5.175811730789221	0.0	0	596.0882473737003	96.08824737370026	nan	1	1	1	0.7810882473737002	0.0	0	0	1
138	0.1	12.5	[2]	{1}	6.018171663947348	5.640770400851129	5.637587988127443	0.0	0	488.6058971751483	11.3941028248517	0.9075870678421358	55	7	30	21.475541532203554	2.9078056496016873	0	0	5
14	0.1	12.5	[3]	{1}	4.220119648581134	3.888646425456733	3.900938078615837	0.0	0	467.95492176897847	32.045078231021535	4.303534380397734	41	31	36	26.254999999999995	6.270360560243201	0	0	31
387	0.1	12.5	[3]	{1}	4.782685057700402	3.6175346187243758	3.628195413712647	0.0	0	684.3997093383225	184.3997093383225	0.9847319278346618	23	5	14	10.395601743970065	0.3872664764729663	0	0	5
263	0.1	12.5	[1]	{2}	6.5787488279164705	5.086258750180224	5.086258750180223	0.0	0	559.591288678348	59.59128867834795	1.054295244008272	23	9	16	12.125	0.0	0	0	9
325	0.1	12.5	[3]	{0}	4.690502155612941	3.994299264214418	3.760226072621837	0.0	0	941.6528930887582	441.6528930887582	0.44035242296398963	31	7	19	10.040206603668626	2.468789212957996	0	0	7
449	0.1	12.5	[1]	{0}	5.263641709926933	3.8110882319089012	3.811088231908901	0.0	0	822.1313739195465	322.1313739195465	1.091089451179962	6	2	4	2.551737252160907	0.0	0	0	2
139	0.1	12.5	[3]	{0}	2.90264064542362	2.28285990341904	2.2849776514152	0.0	0	8.519034832715766	491.48096516728424	0.29488391230979427	22	8	15	7.631785522490736	0.8682862503069815	0	0	8
77	0.1	12.5	[3]	{0}	4.772725315651698	4.27750218014401	4.290602339009971	0.0	0	105.25340307503932	394.74659692496067	2.1799410529705368	54	44	49	30.610375913776462	5.721653067191134	0	0	44
326	0.1	12.5	[1]	{0}	7.582371286686718	6.396061931775865	6.396061931775865	0.0	0	646.7489572241905	146.74895722419046	0.8853648783083364	61	11	36	25.868020855516193	0.0	0	0	11
450	0.1	12.5	[3]	{1}	8.652626169159795	7.690908702870284	7.773401759675067	0.0	0	596.0343333426865	96.03433334268652	5.3336925166406965	80	50	65	47.82321033311821	11.130452527224294	0	0	50
201	0.1	12.5	[1]	{1}	2.0675862797561035	1.7192753158586518	1.7192753158586518	0.0	0	907.2456529829652	407.2456529829652	0.5423261445466404	16	0	8	5.819017388068139	0.0	0	0	0
15	0.1	12.5	[1]	{0}	5.153885573391046	3.9319059545132236	3.9319059545132236	0.0	0	154.80781486257908	345.1921851374209	nan	0	0	0	0.0	0.0	0	0	0
388	0.1	12.5	[1]	{0}	3.519069893298009	2.4914555029921255	2.4914555029921255	0.0	0	277.5250198319554	222.47498016804462	1.5491933384829668	4	4	4	2.987	0.0	0	0	4
264	0.1	12.5	[1]	{1}	4.657346218700182	4.041653621120984	4.041653621120984	0.0	0	151.68465278111415	348.31534721888585	0.2449489742783178	9	3	6	4.259369305562228	0.0	0	0	3
202	0.1	12.5	[3]	{0}	4.597415724063643	4.064382006488726	4.072442520314821	0.0	0	476.6918849200011	23.308115079998913	3.750853461087056	43	29	36	26.50315130952001	5.3408701715187705	0	0	29
78	0.1	12.5	[1]	{1}	6.083601734941627	4.468097974322593	4.468097974322592	0.0	0	418.4234137646853	81.57658623531472	1.224744871391589	3	1	2	1.5751531724706296	0.0	0	0	1
140	0.1	12.5	[1]	{1}	5.790377297610501	4.630097655713328	4.630097655713328	0.0	0	30.864011496305466	469.13598850369453	nan	1	1	1	0.04386401149630548	0.0	0	0	1
16	0.1	12.5	[2]	{0}	4.485253416165244	4.232442170141411	4.013013043114953	0.0	0	112.13872651569534	387.86127348430466	1.9406231048611746	42	12	27	17.09874561592378	2.336127598797189	0	0	12
389	0.1	12.5	[1]	{2}	1.495168629229989	1.443080813936041	1.443080813936041	0.0	0	904.2061474174262	404.2061474174262	1.2344267996967353	13	5	9	5.422144673243164	0.0	0	0	5
327	0.1	12.5	[1]	{1}	2.6306963856744554	1.925926727549789	1.925926727549789	0.0	0	165.62274936586616	334.3772506341338	nan	6	4	5	3.0951137468293304	0.0	0	0	4
451	0.1	12.5	[3]	{0}	5.6465893933150415	4.930095450756708	4.921859836616095	0.0	0	443.4483705554157	56.55162944458431	4.255554048504173	43	33	38	27.618483705554155	5.640972339132038	0	0	33
265	0.1	12.5	[2]	{2}	4.89764385028518	3.7949049459014534	3.7967327696930506	0.0	0	390.2868940494955	109.71310595050448	0.1794871794871795	26	8	17	13.410286894049499	1.3645708759638608	0	0	8
203	0.1	12.5	[2]	{2}	1.943864418869499	1.5883228266605345	1.588324658641769	0.0	0	500.00885641202336	0.008856412023362736	0.06666666666666667	14	2	8	5.728964574351907	0.823246108436256	0	0	2
79	0.1	12.5	[1]	{1}	7.860128353593775	5.504464957977262	5.5044649579772615	0.0	0	662.1050415560603	162.1050415560603	0.5773502691896258	15	7	11	7.046054625995458	0.0	0	0	7
141	0.1	12.5	[1]	{1}	3.3611876160326766	2.8480260470322403	2.8480260470322407	0.0	0	567.3862230032684	67.38622300326836	nan	0	0	0	0.0	0.0	0	0	0
17	0.1	12.5	[1]	{2}	8.384447813800302	6.0736316834228266	6.0736316834228266	0.0	0	87.687423452735	412.312576547265	0.7074752003128764	40	10	25	12.488185586318373	0.0	0	0	10
328	0.1	12.5	[3]	{0}	4.151320774751372	3.679719373651767	3.677174293460705	0.0	0	446.8362638726831	53.163736127316895	4.492229315562874	41	31	36	25.27530988901853	4.557342184756065	0	0	31
390	0.1	12.5	[3]	{0}	5.555618617875079	5.002028019349539	4.820252172315305	0.0	0	680.6625900790094	180.66259007900942	2.412884077070009	37	17	27	20.129337409920986	6.234467749180505	0	0	17
266	0.1	12.5	[1]	{0}	2.4446016398013697	1.974900861125328	1.974900861125328	0.0	0	768.6653202399609	268.6653202399609	0.7453559924999299	8	2	5	2.7486733988001952	0.0	0	0	2
452	0.1	12.5	[1]	{2}	5.142016077721211	3.6049813430606656	3.6049813430606656	0.0	0	235.8457320369781	264.1542679630219	0.3872983346207417	7	1	4	3.76	0.0	0	0	1
142	0.1	12.5	[3]	{1}	5.288993492460293	4.624927081784957	4.604568806256492	0.0	0	271.95194689556973	228.04805310443027	4.430532090444947	57	45	51	34.01179867238924	5.191861362562569	0	0	45
204	0.1	12.5	[1]	{2}	5.484551814092138	4.495903207683167	4.495903207683167	0.0	0	700.5562994163485	200.55629941634845	0.5062175977346661	36	6	21	15.867993305252867	0.0	0	0	6
80	0.1	12.5	[2]	{0}	5.217328118478951	4.921983550284368	4.922483719237555	0.0	0	419.4889985956252	80.51100140437478	0.17660643936260018	52	14	33	24.68315895646438	2.3200320899078073	0	0	14
18	0.1	12.5	[2]	{1}	3.3407272666540253	3.0321287289333556	3.0086474119678757	0.0	0	844.0377016086134	344.03770160861336	0.08247860988423225	35	9	22	12.130245967827735	1.40653594070243	0	0	9
329	0.1	12.5	[1]	{1}	8.086210878108712	6.201691710875896	6.201691710875896	0.0	0	466.0737607628107	33.92623923718929	0.5773502691896258	5	1	3	2.1470737607628108	0.0	0	0	1
391	0.1	12.5	[2]	{1}	10.533760489072042	8.12886268995114	8.233119854158883	0.0	0	709.1301472391937	209.13014723919366	1.099063912519901	57	11	34	22.817397055216123	3.4647672756914814	0	0	11
267	0.1	12.5	[1]	{2}	11.608246617067532	10.679797948529837	10.679797948529837	0.0	0	118.05640719830993	381.9435928016901	1.1785113019775793	15	3	9	5.632394850388169	0.0	0	0	3
453	0.1	12.5	[1]	{1}	6.303491521078606	4.769456416835872	4.769456416835872	0.0	0	947.8016565553844	447.8016565553844	0.0	11	3	7	4.22838840411231	0.0	0	0	3
205	0.1	12.5	[3]	{0}	2.320315788690359	1.9528853895280511	1.935886787435385	0.0	0	540.9823402296751	40.98234022967506	0.3086066999241838	13	1	7	5.539017659770325	1.9799782743987013	0	0	1
143	0.1	12.5	[2]	{2}	7.77991890758184	6.997037775810968	7.003810115275781	0.0	0	803.9044020697474	303.90440206974745	1.5976624338467913	89	33	61	39.08364027788488	3.1361351016531804	0	0	33
81	0.1	12.5	[2]	{2}	3.5166637603114137	2.7032370920476843	2.7104795029786644	0.0	0	413.1154215428979	86.88457845710212	0.27421126136024665	22	4	13	10.355192049199713	1.0355043134991468	0	0	4
19	0.1	12.5	[1]	{1}	2.569466540648069	1.881329280873801	1.881329280873801	0.0	0	562.1113609522582	62.111360952258224	nan	1	1	1	0.6491113609522583	0.0	0	0	1
392	0.1	12.5	[3]	{1}	3.2113005100401657	2.9213949293158623	2.9435880446941884	0.0	0	631.8706504534932	131.87065045349323	1.4538350537926796	30	18	24	17.289069592744106	4.449195874627527	0	0	18
330	0.1	12.5	[1]	{1}	6.218422053934284	5.996336652160564	5.996336652160564	0.0	0	727.4669539183382	227.46695391833816	0.6821910402406466	23	3	13	8.287665230408308	0.0	0	0	3
454	0.1	12.5	[1]	{2}	3.9205091913457113	2.8732748918446065	2.873274891844606	0.0	0	479.9047177657484	20.095282234251613	0.11396057645963795	10	0	5	4.300095282234252	0.0	0	0	0
206	0.1	12.5	[1]	{0}	2.9596586225594903	2.3862324778847115	2.3862324778847115	0.0	0	394.3843450397253	105.6156549602747	1.0327955589886444	14	0	7	4.690384345039725	0.0	0	0	0
268	0.1	12.5	[1]	{1}	2.3742863502567597	1.9031765002888235	1.903176500288823	0.0	0	22.481524385511847	477.5184756144881	nan	0	0	0	0.0	0.0	0	0	0
144	0.1	12.5	[2]	{1}	1.661333187261963	1.2769331247931681	1.2740382529125067	0.0	0	819.8791106697173	319.8791106697173	1.224744871391589	9	1	5	3.1626044466514136	0.45242155276972645	0	0	1
82	0.1	12.5	[2]	{1}	5.920008384912121	5.316640281010926	4.984101884657257	0.0	0	770.8967905491593	270.8967905491593	1.7586583684632853	36	8	22	14.530032094508405	3.251644152532272	0	0	8
20	0.1	12.5	[1]	{1}	5.420485572732049	5.045453116767482	5.045453116767482	0.0	0	637.8525611944499	137.8525611944499	1.1643087963517378	43	5	24	17.557653898499904	0.0	0	0	5
331	0.1	12.5	[3]	{2}	3.3176418039981312	2.7532532091661137	2.7474862709069576	0.0	0	509.7763440571726	9.776344057172594	1.620185174601965	20	8	14	9.150552688114344	2.663926342479537	0	0	8
393	0.1	12.5	[1]	{2}	1.9153488005703156	1.333940819759671	1.3339408197596712	0.0	0	180.29346317052844	319.7065368294716	0.0	5	3	4	2.4071738526821136	0.0	0	0	3
269	0.1	12.5	[1]	{2}	3.8633189647879163	3.630978905970759	3.630978905970759	0.0	0	836.4167623221875	336.41676232218754	0.10497813183356478	34	6	20	11.694498278200621	0.0	0	0	6
207	0.1	12.5	[2]	{0}	1.5177510822873768	1.269778278565309	1.225584908749628	0.0	0	806.393342092633	306.393342092633	0.20412414523193154	11	3	7	3.9900332895368344	0.6109467374973514	0	0	3
455	0.1	12.5	[1]	{1}	3.253561319466704	2.581563210053554	2.581563210053554	0.0	0	141.00211206823587	358.9978879317641	nan	1	1	1	0.8350021120682358	0.0	0	0	1
83	0.1	12.5	[3]	{0}	2.1765332431995925	1.8651503797273112	1.8116985504764345	0.0	0	803.4408111125232	303.4408111125232	0.4216370213557839	17	11	14	8.941591888874768	1.61054135158549	0	0	11
145	0.1	12.5	[1]	{1}	7.302030008878033	4.977457029521379	4.977457029521379	0.0	0	388.04570911452174	111.95429088547826	nan	0	0	0	0.0	0.0	0	0	0
21	0.1	12.5	[1]	{0}	2.96410431515981	2.4135267060995735	2.4135267060995735	0.0	0	263.08403210714454	236.91596789285546	0.16984155512168936	12	4	8	6.115336128428577	0.0	0	0	4
332	0.1	12.5	[2]	{1}	6.441075308339757	5.271312281129637	5.292073486764853	0.0	0	530.5982283316554	30.598228331655378	2.8747978728803445	43	9	26	19.573017716683445	2.7500458891310324	0	0	9
394	0.1	12.5	[2]	{2}	4.283910689676047	3.6974476360046675	3.7344509990166235	0.0	0	275.04055690951657	224.95944309048343	0.1246040306825372	46	10	28	21.1467300243713	1.7569846949745997	0	0	10
208	0.1	12.5	[2]	{0}	1.6052906997488536	1.3609075015022896	1.3534121796922611	0.0	0	417.574981227517	82.42501877248299	1.091089451179962	6	2	4	2.4961499624550343	0.6417018629140074	0	0	2
456	0.1	12.5	[1]	{1}	3.4308934719978215	2.7874053043126876	2.7874053043126876	0.0	0	472.5048004183921	27.495199581607892	1.0434983894999017	8	0	4	3.170009600836784	0.0	0	0	0
270	0.1	12.5	[2]	{1}	2.3883037032764287	1.9109799469175544	1.9869142073745563	0.0	0	981.1168296728284	481.11682967282843	0.7299963950884315	23	13	18	8.464897065889089	0.9505915061084859	0	0	13
146	0.1	12.5	[3]	{1}	3.0600576387209646	2.379044476032824	2.3838623710310394	0.0	0	541.683377698064	41.683377698063964	0.0936585811581694	18	6	12	10.098100266188382	0.8261362595626968	0	0	6
84	0.1	12.5	[3]	{1}	9.762544094833666	8.271639536074211	8.171753441591658	0.0	0	661.740061128512	161.74006112851202	3.2932544628331923	82	36	59	44.031379205329344	7.416334725393866	0	0	36
22	0.1	12.5	[1]	{0}	3.286365166060962	3.1716402872528793	3.1716402872528793	0.0	0	418.33199141547067	81.66800858452933	0.06666666666666667	14	2	8	6.5729999999999995	0.0	0	0	2
333	0.1	12.5	[3]	{2}	7.582031584206412	6.156687320530455	6.133687550811278	0.0	0	359.65947574004537	140.34052425995463	1.5737713639612965	40	20	30	22.146551611840724	3.7411963494532534	0	0	20
395	0.1	12.5	[3]	{1}	1.440902704205631	1.1570522074699117	1.1893632391934483	0.0	0	837.8244258929046	337.8244258929046	0.6793662204867574	15	7	11	7.355931315178048	0.9651341392386728	0	0	7
209	0.1	12.5	[1]	{2}	10.497207686073473	9.456424560060208	9.456424560060206	0.0	0	701.036849990487	201.03684999048699	nan	0	0	0	0.0	0.0	0	0	0
271	0.1	12.5	[1]	{2}	4.37737041946914	3.8334386730032186	3.8334386730032186	0.0	0	117.57294880226254	382.42705119773746	nan	2	2	2	1.377145897604525	0.0	0	0	2
85	0.1	12.5	[1]	{0}	3.6405445582933247	3.2471082588037055	3.2471082588037055	0.0	0	409.9071845412256	90.0928154587744	nan	0	0	0	0.0	0.0	0	0	0
147	0.1	12.5	[1]	{2}	6.617129502408927	4.463148963637719	4.463148963637719	0.0	0	953.2113876193762	453.2113876193762	0.29277002188455997	6	4	5	2.027943061903119	0.0	0	0	4
457	0.1	12.5	[2]	{2}	4.808044402319997	3.8511861713839957	3.8512290515761394	0.0	0	499.8273812234402	0.17261877655977287	1.8516401995451028	27	9	18	11.66961904978752	1.695616629461307	0	0	9
23	0.1	12.5	[3]	{0}	8.105747947070821	7.248573168575681	7.276888749947311	0.0	0	180.2216814830898	319.7783185169102	5.286596126078908	77	61	69	46.846315488941976	9.669169850654123	0	0	61
334	0.1	12.5	[1]	{0}	6.015823687647949	4.92610316436176	4.92610316436176	0.0	0	917.3610857687892	417.36108576878917	1.5491933384829668	4	0	2	0.7142778284624216	0.0	0	0	0
396	0.1	12.5	[1]	{1}	8.773068045393552	6.622928367245937	6.622928367245937	0.0	0	59.81369037181133	440.18630962818867	nan	0	0	0	0.0	0.0	0	0	0
148	0.1	12.5	[3]	{1}	5.332882570241079	4.659515678792877	4.676547422641269	0.0	0	432.1859029587361	67.81409704126389	4.816165959085562	43	31	37	25.692044932546096	5.666237401099081	0	0	31
210	0.1	12.5	[3]	{0}	7.185730929954899	6.199558465806852	6.1511967746616145	0.0	0	750.1044345553967	250.10443455539667	2.163968027475012	73	41	57	40.16655365967192	6.288554605780433	0	0	41
86	0.1	12.5	[3]	{1}	2.770333619559957	2.40639766240448	2.408636867328429	0.0	0	474.1624565795066	25.837543420493375	2.7406406388125952	26	20	23	18.103862803943453	2.733757997694289	0	0	20
458	0.1	12.5	[1]	{2}	14.014311944792405	10.480196155824084	10.480196155824084	0.0	0	75.11410489678377	424.8858951032162	0.2449489742783178	9	1	5	3.546342314690351	0.0	0	0	1
272	0.1	12.5	[2]	{0}	3.548174580762505	2.725426768619623	2.8870759893164895	0.0	0	954.9239568877967	454.92395688779675	0.669438681395203	26	14	20	11.10236877601966	1.4683210973491012	0	0	14
24	0.1	12.5	[1]	{0}	3.2040359327572983	2.9017307905788954	2.9017307905788954	0.0	0	10.540165239945054	489.45983476005495	0.9258200997725514	6	2	4	1.6701606609597803	0.0	0	0	2
335	0.1	12.5	[3]	{0}	2.9363898083559636	2.379383477600601	2.4274177425804386	0.0	0	655.5554582737385	155.5554582737385	1.6239958858823003	34	16	25	16.212668125893924	2.109794987062777	0	0	16
397	0.1	12.5	[2]	{1}	6.949965040766738	5.9473762044869325	5.743789882880222	0.0	0	816.8507863301785	316.8507863301785	0.35548994576200565	57	13	35	22.234327196424825	2.911337949100984	0	0	13
87	0.1	12.5	[1]	{0}	9.256681173531423	6.98004483183895	6.98004483183895	0.0	0	164.6468350663781	335.3531649336219	0.29277002188455997	9	7	8	4.5828810103982685	0.0	0	0	7
273	0.1	12.5	[3]	{1}	3.236828682863531	2.8010084684492	2.811429507066621	0.0	0	525.2233762294056	25.22337622940563	3.08922778956685	28	20	24	17.534872732788326	3.483613988223495	0	0	20
149	0.1	12.5	[1]	{2}	7.516755121623873	6.408403116511749	6.40840311651175	0.0	0	759.4223124906421	259.42231249064207	0.43915503282683993	13	1	7	5.00988843754679	0.0	0	0	1
211	0.1	12.5	[2]	{0}	4.003205037568184	3.813848063128008	3.768966336226364	0.0	0	803.9295927155762	303.9295927155762	1.6995137197059738	44	20	32	21.131253033101565	1.9150352781270668	0	0	20
459	0.1	12.5	[1]	{2}	7.256420838953995	6.417316166005483	6.417316166005483	0.0	0	154.18075118213886	345.81924881786114	1.224744871391589	3	1	2	1.5353615023642777	0.0	0	0	1
25	0.1	12.5	[3]	{2}	4.991963104834313	4.304768920107547	4.204364173122396	0.0	0	604.1842312552035	104.18423125520349	4.234048992199705	41	27	34	25.103	4.6468578239988645	0	0	27
336	0.1	12.5	[3]	{1}	1.7105555823892358	1.364932346635433	1.362236515990345	0.0	0	756.950749550015	256.95074955001496	0.5423261445466404	16	4	10	7.08139400359988	0.645050257565126	0	0	4
398	0.1	12.5	[2]	{0}	6.8359269208138205	6.219023708887702	6.192865858744069	0.0	0	335.15416202135384	164.84583797864616	0.5367198354991007	63	13	38	28.401933184683323	2.9335830812369172	0	0	13
88	0.1	12.5	[3]	{2}	2.5446823690125675	1.8850691543653049	2.007099316473937	0.0	0	906.4175169914962	406.4175169914962	1.8263423325843033	18	12	15	9.36957227911055	1.0889584439207844	0	0	12
150	0.1	12.5	[1]	{2}	4.987980079102362	3.3888503260251426	3.3888503260251426	0.0	0	984.8811994306744	484.8811994306744	1.0	2	0	1	0.10111880056932554	0.0	0	0	0
212	0.1	12.5	[2]	{0}	2.649677443462031	2.325925240050685	2.294039324084165	0.0	0	723.9792249165474	223.97922491654742	1.6590301240125063	26	8	17	11.814353176418697	1.1115616448935908	0	0	8
274	0.1	12.5	[1]	{0}	3.1965514894890585	3.1691808299685693	3.1691808299685693	0.0	0	592.8410983178763	92.84109831787634	0.6892152009671538	28	2	15	10.537841098317877	0.0	0	0	2
460	0.1	12.5	[1]	{0}	3.4657774872765277	2.7611131141090883	2.7611131141090883	0.0	0	693.1379423476754	193.13794234767545	1.5491933384829668	4	0	2	1.8167241153046492	0.0	0	0	0
26	0.1	12.5	[1]	{2}	7.1049407341260515	5.078670426126942	5.078670426126942	0.0	0	333.68014125153417	166.31985874846583	nan	0	0	0	0.0	0.0	0	0	0
337	0.1	12.5	[1]	{1}	5.4385653789346255	3.78164013013408	3.781640130134079	0.0	0	327.40414282307034	172.59585717692966	1.3416407864998738	4	2	3	2.5095958571769295	0.0	0	0	2
399	0.1	12.5	[1]	{0}	5.182844173569	4.57802142321982	4.57802142321982	0.0	0	499.4257946964353	0.5742053035647245	0.7712017807220892	48	4	26	19.05359364242852	0.0	0	0	4
89	0.1	12.5	[1]	{2}	4.100455624966619	3.4410521081653993	3.4410521081653993	0.0	0	608.9160055853426	108.91600558534265	0.6793662204867574	27	1	14	10.974503966487946	0.0	0	0	1
461	0.1	12.5	[3]	{1}	3.828250867737802	3.2448207706382997	3.231039964281254	0.0	0	681.8046958651394	181.80469586513937	2.8076472148193554	36	20	28	19.216562433078884	2.954614565085038	0	0	20
275	0.1	12.5	[3]	{2}	6.765183446942845	5.829611800866521	5.853870792004606	0.0	0	554.0775794070215	54.07757940702152	4.201041989720181	46	36	41	31.210612102964884	6.688461752875508	0	0	36
213	0.1	12.5	[1]	{2}	1.9372850251165723	1.5277351327727489	1.5277351327727489	0.0	0	837.2856797650458	337.28567976504576	1.0606601717798212	7	1	4	2.303857280939817	0.0	0	0	1
151	0.1	12.5	[2]	{0}	7.49495533475506	6.546577400560638	6.681111596401984	0.0	0	377.2228697780519	122.77713022194808	1.2938729237669142	79	9	44	32.087131832897676	4.02939333957709	0	0	9
27	0.1	12.5	[2]	{2}	2.912714083772489	2.3010303816300843	2.3015810160550623	0.0	0	571.6336180921644	71.6336180921644	0.5539117094069973	23	1	12	8.753732763815671	0.8529107899355349	0	0	1
338	0.1	12.5	[2]	{2}	4.07889865766977	3.194785380049507	3.2673455718390416	0.0	0	332.5133412145079	167.48665878549212	1.6717771112434274	30	12	21	14.501593388501556	1.6611259241960545	0	0	12
400	0.1	12.5	[1]	{2}	5.018037633752766	4.019053457535271	4.019053457535272	0.0	0	377.860767301172	122.13923269882798	1.0948756088033922	36	16	26	20.516050742216407	0.0	0	0	16
462	0.1	12.5	[3]	{1}	3.2913746293175654	2.7695434935222307	2.672149317397108	0.0	0	738.3063158486042	238.30631584860419	0.570087712549569	29	11	20	15.201549473211163	2.0376399855988154	0	0	11
90	0.1	12.5	[2]	{2}	4.534833224421176	3.8260421756770824	3.784691894608792	0.0	0	21.551516605541053	478.44848339445895	0.042008402520840295	33	15	24	10.954236398532984	1.6037010575933128	0	0	15
276	0.1	12.5	[1]	{0}	5.3575778283949	4.329380602808755	4.3293806028087545	0.0	0	763.5335251688957	263.5335251688957	0.7745966692414834	4	0	2	1.81	0.0	0	0	0
152	0.1	12.5	[3]	{0}	10.869136442953314	10.640256210833666	10.634012882737373	0.0	0	104.90176826715464	395.09823173284536	4.941520732765722	133	123	128	73.72339097285273	19.87308636833599	0	0	123
214	0.1	12.5	[1]	{2}	4.8411652720786	3.6024885736021033	3.602488573602103	0.0	0	491.3685936480761	8.631406351923886	0.42857142857142855	13	1	7	5.377368593648076	0.0	0	0	1
28	0.1	12.5	[1]	{1}	5.689169907108617	4.667341273487699	4.667341273487699	0.0	0	479.1414355859161	20.8585644140839	0.6684373647831918	46	0	24	17.429848613515496	0.0	0	0	2
339	0.1	12.5	[2]	{2}	5.482138394006318	5.188895613264647	5.10713880528631	0.0	0	855.0200869794936	355.0200869794936	1.1822506747799488	46	34	40	24.793196520820263	2.5963574454416687	0	0	34
401	0.1	12.5	[3]	{1}	2.7217841160264937	2.5646235439235934	2.5641812790697456	0.0	0	472.68310096114897	27.316899038851034	3.751868176849088	33	27	30	23.156098605766893	4.198935692288174	0	0	27
91	0.1	12.5	[3]	{2}	3.402961376408734	2.7592875038206257	2.7555715793071087	0.0	0	179.1796346660704	320.8203653339296	2.0034247546281536	33	9	21	13.916694519991058	1.63838694654873	0	0	9
463	0.1	12.5	[1]	{0}	4.182592024576512	3.298616476075619	3.298616476075619	0.0	0	619.7783090174199	119.77830901741993	1.4142135623730951	15	7	11	8.375221690982581	0.0	0	0	7
277	0.1	12.5	[1]	{1}	3.9653813920208743	3.119943866636615	3.119943866636616	0.0	0	953.5242295823992	453.52422958239924	0.9258200997725514	6	2	4	2.371903081670403	0.0	0	0	2
153	0.1	12.5	[1]	{2}	5.206387985396293	4.168670942588718	4.168670942588717	0.0	0	143.95205210894352	356.0479478910565	1.734017930074018	19	5	12	8.286520521089434	0.0	0	0	5
215	0.1	12.5	[1]	{1}	8.832561827065684	6.379855432534541	6.379855432534539	0.0	0	94.33101862668993	405.6689813733101	0.06123724356957945	24	8	16	10.824310186266898	0.0	0	0	8
29	0.1	12.5	[1]	{0}	1.3560567790900229	1.0528916674148938	1.0528916674148938	0.0	0	941.9044235255571	441.90442352555715	1.1547005383792517	8	0	4	3.0133823058977716	0.0	0	0	0
340	0.1	12.5	[1]	{2}	6.092801774997009	4.449735614618158	4.449735614618158	0.0	0	69.08832909539336	430.91167090460664	nan	2	2	2	1.0381766581907867	0.0	0	0	2
402	0.1	12.5	[3]	{2}	8.306003173970904	7.0587724610486084	7.299058874054532	0.0	0	40.56445159949365	459.4355484005064	0.42469044270384265	68	50	59	33.52904483797215	9.07945547727219	0	0	50
92	0.1	12.5	[3]	{1}	5.181480390828225	4.966638099305521	5.014369328289901	0.0	0	209.19053582474604	290.809464175254	4.767920010286435	59	57	58	36.59824036134037	9.190204590866497	0	0	57
464	0.1	12.5	[3]	{0}	5.280402605901216	4.023328131357442	4.010805575890729	0.0	0	896.0349494591354	396.0349494591354	1.1486920016119229	28	4	16	9.336580606490376	0.43564879588762717	0	0	4
278	0.1	12.5	[1]	{0}	7.192239900746082	5.000272872014825	5.0002728720148255	0.0	0	255.1226331852377	244.8773668147623	nan	0	0	0	0.0	0.0	0	0	0
216	0.1	12.5	[3]	{0}	2.1102529135596475	1.6477052162375756	1.660085846101874	0.0	0	443.3694772887975	56.6305227112025	2.02837021134844	13	9	11	8.292586341021583	0.8377904350568843	0	0	9
154	0.1	12.5	[1]	{2}	3.872697024181636	3.342223496855656	3.342223496855656	0.0	0	570.6036128103733	70.6036128103733	1.7320508075688772	29	1	15	11.090153033465146	0.0	0	0	1
30	0.1	12.5	[1]	{2}	8.5338957711881	6.005373921857722	6.005373921857721	0.0	0	282.94502850621933	217.05497149378067	1.0434983894999017	8	4	6	4.942	0.0	0	0	4
341	0.1	12.5	[2]	{0}	2.8842504684131054	2.177799522776701	2.374911512740936	0.0	0	47.37662221305061	452.6233777869494	2.0412414523193148	27	17	22	11.00153244426101	1.3682741468985657	0	0	17
403	0.1	12.5	[2]	{0}	3.134487448473142	2.579988329455986	2.614251870997422	0.0	0	448.56143905781215	51.43856094218785	1.1844401845279642	29	9	19	14.371930073404686	1.713114291914179	0	0	9
93	0.1	12.5	[2]	{2}	3.3332625486658998	2.9544005815235117	2.8866792168293802	0.0	0	855.4804497398436	355.4804497398436	1.3480372031495529	35	29	32	20.183547407284383	1.4105545223764033	0	0	29
465	0.1	12.5	[2]	{1}	6.6610533731714305	6.323934174549217	6.324480023757816	0.0	0	712.8738355822863	212.87383558228635	0.2005738892714385	62	18	40	24.615046576708547	2.996517528337754	0	0	18
217	0.1	12.5	[3]	{0}	5.286701245491136	4.567620850280504	4.661872004199585	0.0	0	184.062766842544	315.93723315745603	3.5517451509112075	46	28	36	23.53412980316579	5.873090961517727	0	0	26
279	0.1	12.5	[1]	{0}	4.721931538113246	3.4170486823995763	3.4170486823995754	0.0	0	620.9533740766345	120.95337407663453	0.37796447300922725	20	2	11	8.369046625923366	0.0	0	0	2
155	0.1	12.5	[2]	{2}	3.0912798928113605	2.6320634217834566	2.632174952066059	0.0	0	519.8946269229054	19.894626922905445	1.5270717245591485	32	6	19	12.631737611539663	1.0921410561298832	0	0	6
31	0.1	12.5	[2]	{1}	4.040708370921186	3.633112183235673	3.4618893788889493	0.0	0	924.7717494145038	424.7717494145038	0.9169092080980045	41	9	25	13.644706264637405	1.844628865695247	0	0	9
342	0.1	12.5	[1]	{1}	3.5147535040094926	3.021837960823139	3.021837960823139	0.0	0	744.5786371827129	244.5786371827129	0.4225771273642583	19	5	12	8.652528176903722	0.0	0	0	5
404	0.1	12.5	[1]	{0}	5.872137121037117	4.846599409210036	4.846599409210036	0.0	0	884.3303222674878	384.33032226748776	0.48592953074986256	43	1	22	11.622393554650245	0.0	0	0	1
94	0.1	12.5	[2]	{0}	4.627525680832474	4.554589593267197	4.557027526675067	0.0	0	449.91344143636536	50.08655856363464	1.3147514702678331	62	2	32	24.59857636021823	2.2919390906855757	0	0	2
466	0.1	12.5	[2]	{2}	10.16951286370933	8.590767339398601	8.552426692009828	0.0	0	199.6836145408451	300.3163854591549	1.0223911016899623	80	30	55	31.29149711250141	3.5953377776306246	0	0	30
218	0.1	12.5	[1]	{0}	3.4407515661080494	3.3778408018246195	3.3778408018246195	0.0	0	851.0023923590778	351.0023923590778	2.008316044185609	11	5	8	5.713990430563689	0.0	0	0	5
280	0.1	12.5	[2]	{0}	5.260074584714172	5.007018710395948	5.0053641070144685	0.0	0	557.3843291494992	57.384329149499195	0.049281418063638185	60	0	31	23.34316042956151	2.404160529471211	0	0	2
156	0.1	12.5	[1]	{2}	6.708177889763191	5.480780246592685	5.480780246592685	0.0	0	721.6599555686117	221.65995556861174	0.1224744871391589	15	3	9	7.424340044431389	0.0	0	0	3
32	0.1	12.5	[3]	{1}	3.4481911178523283	2.847695878359062	2.8603668120783716	0.0	0	622.3274911753834	122.32749117538344	2.095008949861551	31	13	22	15.98834501764923	2.2973698510558482	0	0	13
343	0.1	12.5	[3]	{0}	4.178307612570378	3.2299051264370564	3.2184750057403146	0.0	0	546.4337260928006	46.43372609280061	3.2441586554464683	41	23	32	23.230337260928003	0.924114255965792	0	0	23
405	0.1	12.5	[1]	{2}	8.149953613257995	6.1129946761198655	6.1129946761198655	0.0	0	955.5219546891748	455.5219546891748	0.5773502691896258	5	1	3	1.8834341359324758	0.0	0	0	1
219	0.1	12.5	[3]	{0}	2.0805747830445056	1.6022829774523135	1.6702576595361593	0.0	0	937.8589272964746	437.8589272964746	0.8320502943378436	12	4	8	4.2821285816282035	1.0338559174775996	0	0	4
95	0.1	12.5	[1]	{1}	5.561307401878381	4.46537122829486	4.46537122829486	0.0	0	848.972273990512	348.972273990512	1.0583225500983242	35	1	18	14.052277260094879	0.0	0	0	1
467	0.1	12.5	[1]	{1}	13.813143230869414	9.630360334551504	9.630360334551504	0.0	0	478.6582314409316	21.341768559068385	nan	0	0	0	0.0	0.0	0	0	0
281	0.1	12.5	[1]	{0}	5.04964154437799	4.132898238002308	4.132898238002308	0.0	0	728.1352225691081	228.13522256910812	1.649915822768611	11	3	7	5.359405667707325	0.0	0	0	3
157	0.1	12.5	[2]	{0}	4.157718197806521	3.454217099828962	3.407887676242864	0.0	0	665.6196156982332	165.61961569823325	0.3670651741928988	29	7	18	13.359043074414135	1.6087624928590838	0	0	7
33	0.1	12.5	[1]	{2}	0.9169621375578612	0.6487932842055253	0.6487932842055255	0.0	0	384.450658224523	115.54934177547699	1.0	2	0	1	0.665549341775477	0.0	0	0	0
344	0.1	12.5	[3]	{2}	5.434388952156073	4.964094209966771	4.996948573334169	0.0	0	932.1184179279954	432.11841792799544	0.552344770738994	58	52	55	31.995723849816237	7.445285799530211	0	0	52
406	0.1	12.5	[1]	{2}	4.624490209752247	4.070721660463926	4.070721660463926	0.0	0	422.0673374366016	77.93266256339842	0.2672612419124244	23	1	12	9.684865325126795	0.0	0	0	1
220	0.1	12.5	[1]	{2}	6.2238163059872065	4.499059421744439	4.499059421744439	0.0	0	176.48571124300364	323.5142887569964	1.4605934866804429	11	1	6	4.457942844972015	0.0	0	0	1
468	0.1	12.5	[1]	{0}	0.6892308216489718	0.5646536073550666	0.5646536073550666	0.0	0	793.6313948594034	293.6313948594034	nan	1	1	1	0.7603686051405967	0.0	0	0	1
96	0.1	12.5	[2]	{1}	3.619618173530859	2.616917433614079	2.9152208147021064	0.0	0	113.52017545141284	386.47982454858715	0.9518172686249524	28	20	24	14.241363158125433	1.8772589555026948	0	0	20
282	0.1	12.5	[2]	{1}	2.6158197458906853	2.0205361100594503	2.123784463399266	0.0	0	129.1517647914589	370.8482352085411	0.9128709291752769	19	13	16	8.569428236663342	1.0942859284012543	0	0	13
158	0.1	12.5	[2]	{1}	2.061444388525719	1.7155968309141683	1.7122158573178856	0.0	0	604.5455888379366	104.54558883793663	1.1360180827781647	22	4	13	8.554089700458569	0.7138333689561864	0	0	4
34	0.1	12.5	[1]	{0}	3.3163767075374464	2.458782218656591	2.458782218656591	0.0	0	171.33193369954822	328.66806630045176	1.224744871391589	3	1	2	1.2316638673990963	0.0	0	0	1
345	0.1	12.5	[1]	{1}	6.419450647574514	4.642656952391551	4.642656952391549	0.0	0	873.9908351562916	373.9908351562916	0.42857142857142855	13	1	7	5.111045824218542	0.0	0	0	1
407	0.1	12.5	[2]	{2}	3.3648959181919404	2.9893331154603358	2.982391093239032	0.0	0	553.8863972760738	53.88639727607381	0.7490253407188311	27	7	17	13.222476835411042	1.4287701215131372	0	0	7
221	0.1	12.5	[1]	{2}	6.7296658193692185	5.179618856044501	5.179618856044501	0.0	0	738.6601506732404	238.66015067324042	0.7745966692414834	4	0	2	1.6640000000000001	0.0	0	0	0
97	0.1	12.5	[1]	{0}	4.052393942933089	3.168064597548174	3.168064597548174	0.0	0	451.8141089938582	48.18589100614179	1.9364916731037085	7	1	4	3.179	0.0	0	0	1
469	0.1	12.5	[2]	{2}	4.802602382304013	3.8597377305054286	3.838465474150124	0.0	0	894.8936169035734	394.8936169035734	1.0643623127803488	38	10	24	14.536702129542824	1.4910326046035776	0	0	10
283	0.1	12.5	[1]	{0}	4.387084734713988	3.815127158561254	3.815127158561254	0.0	0	172.1983603201807	327.8016396798193	0.3133397807202561	10	2	6	5.403793441280723	0.0	0	0	2
159	0.1	12.5	[1]	{0}	7.661957315477877	6.156560873592654	6.156560873592652	0.0	0	771.5411547105757	271.5411547105757	1.2385842357671557	19	3	11	7.595376535868273	0.0	0	0	3
35	0.1	12.5	[1]	{0}	1.1192974818702102	0.9807738608664394	0.9807738608664394	0.0	0	532.6383002102372	32.63830021023716	2.1213203435596424	7	1	4	3.2884467991590514	0.0	0	0	1
346	0.1	12.5	[1]	{1}	4.190362504123535	3.0181899438035575	3.0181899438035567	0.0	0	562.1724505908787	62.172450590878725	0.19245008972987526	17	1	9	7.398172450590878	0.0	0	0	1
408	0.1	12.5	[1]	{0}	6.772099190519062	4.872695327710809	4.872695327710809	0.0	0	355.7436363771557	144.25636362284428	1.3416407864998738	4	0	2	1.6274872727543115	0.0	0	0	0
222	0.1	12.5	[1]	{1}	4.594705782983667	3.7575996548354853	3.7575996548354853	0.0	0	658.4462909959257	158.44629099592566	0.43412157106222965	23	5	14	10.149429672032594	0.0	0	0	5
98	0.1	12.5	[1]	{2}	12.172787874376978	9.377729706330838	9.377729706330838	0.0	0	753.0764797702433	253.07647977024328	0.944911182523068	11	3	7	4.92177056068927	0.0	0	0	3
470	0.1	12.5	[2]	{2}	8.24569042716563	7.518721175071731	7.68857262104088	0.0	0	34.65541801415381	465.34458198584616	2.0494260315570134	95	81	88	50.01043344113233	3.930728854867882	0	0	81
284	0.1	12.5	[1]	{2}	5.184299842051412	4.951940360291779	4.951940360291779	0.0	0	751.4989336486907	251.4989336486907	0.3186510027262766	24	8	16	12.161008530810474	0.0	0	0	8
160	0.1	12.5	[2]	{0}	1.4436749688535389	1.0695597316395573	1.1247874144146381	0.0	0	966.9140675105156	466.91406751051557	1.5118578920369088	11	3	7	3.378601527426391	0.5212322577608205	0	0	3
36	0.1	12.5	[1]	{0}	1.6279845188588138	1.2760882247454162	1.2760882247454162	0.0	0	850.0330280512571	350.03302805125713	nan	2	2	2	0.9899339438974858	0.0	0	0	2
347	0.1	12.5	[3]	{0}	4.916883610959975	4.036262897086645	3.862123188368468	0.0	0	11.256149504333678	488.7438504956663	0.12923301908921092	44	4	24	12.785635289095339	1.751984403418129	0	0	4
409	0.1	12.5	[3]	{0}	4.089000199388768	3.5488840585105352	3.470286437513491	0.0	0	625.9928517974913	125.99285179749131	1.7862465372196872	34	12	23	16.894021444607528	3.8521163373615344	0	0	12
223	0.1	12.5	[2]	{2}	0.7672496163470066	0.6690203380638141	0.6740139335517987	0.0	0	588.4082796983422	88.4082796983422	0.0	4	2	3	1.9964082796983422	0.3468724717913604	0	0	2
99	0.1	12.5	[2]	{2}	1.5292507037591534	1.3591770214275813	1.3477830809648765	0.0	0	30.459037050604845	469.5409629493952	0.5222329678670935	10	6	8	4.323672296404839	0.60742385571062	0	0	6
471	0.1	12.5	[1]	{1}	3.2866869909527807	2.24637644324088	2.24637644324088	0.0	0	538.7559677474202	38.755967747420186	nan	4	2	3	1.9387320967577395	0.0	0	0	2
285	0.1	12.5	[1]	{2}	3.106617186651366	2.6128541846218893	2.6128541846218893	0.0	0	350.85027921013534	149.14972078986466	0.5331139899831832	18	0	9	6.132550837630406	0.0	0	0	0
161	0.1	12.5	[1]	{1}	7.892728750094269	6.510763841474018	6.510763841474018	0.0	0	342.90237911045546	157.09762088954454	1.224744871391589	3	1	2	1.011804758220911	0.0	0	0	1
37	0.1	12.5	[3]	{1}	3.1282611013989965	2.5682509510658798	2.4635706483290094	0.0	0	30.229066731408263	469.77093326859176	0.4247953952428732	18	10	14	7.140206934239718	1.161831229906264	0	0	10
348	0.1	12.5	[2]	{2}	3.65317217149146	3.118746884983212	3.116765627847242	0.0	0	218.0443012621254	281.9556987378746	2.1732957198030562	31	13	22	11.906797422718256	1.2972063805191718	0	0	13
410	0.1	12.5	[3]	{2}	3.921334664059757	3.1665350302160404	3.1698202004089384	0.0	0	126.36652076616878	373.6334792338312	1.9462473604038075	26	12	19	11.216031728427856	1.8393461130963924	0	0	12
224	0.1	12.5	[1]	{1}	2.984212824152253	2.5704509934097683	2.5704509934097683	0.0	0	177.680267719552	322.31973228044797	0.9082951062292475	19	5	12	6.178802677195521	0.0	0	0	5
472	0.1	12.5	[3]	{0}	5.395431931692492	4.993076486927553	4.934918044612157	0.0	0	624.5014395099132	124.50143950991321	4.659872251481116	48	40	44	30.210968330781906	7.573883448478428	0	0	40
286	0.1	12.5	[3]	{0}	4.3358174067464805	4.033162453181018	4.055248027238661	0.0	0	382.51555338501913	117.48444661498087	4.273546731135822	36	32	34	24.66421774739026	6.615066993559715	0	0	32
100	0.1	12.5	[1]	{1}	3.330315195980677	2.9056329318055254	2.9056329318055254	0.0	0	240.6525192782284	259.3474807217716	1.076763804116331	29	1	15	10.74517771206051	0.0	0	0	1
162	0.1	12.5	[3]	{0}	7.105660094727751	5.689315843855438	5.636441650742393	0.0	0	355.5924480315298	144.40755196847022	1.9548209932273604	58	18	38	26.997109376378358	2.8237182607917664	0	0	18
38	0.1	12.5	[1]	{2}	6.433725873657954	5.621863161621979	5.621863161621979	0.0	0	680.336516816169	180.33651681616902	0.0	3	1	2	1.749673033632338	0.0	0	0	1
349	0.1	12.5	[1]	{1}	11.80407055445832	8.961598593704352	8.961598593704352	0.0	0	364.7756441496314	135.22435585036862	0.5163977794943222	14	2	8	5.913551288299264	0.0	0	0	2
411	0.1	12.5	[2]	{0}	2.179090737726777	1.8489892400288077	1.893870483142404	0.0	0	328.09000508859737	171.90999491140263	0.3396831102433787	25	3	14	11.21627995929122	1.0653991904938793	0	0	3
225	0.1	12.5	[3]	{1}	5.15200080913245	4.478472244318669	4.443049847789379	0.0	0	658.5441175848247	158.54411758482468	3.61878033259427	35	27	31	23.417014706566924	4.855816890597712	0	0	27
101	0.1	12.5	[3]	{1}	4.277524926109774	3.458698369823547	3.524597388328369	0.0	0	301.39420391060435	198.60579608939565	0.3706246583305506	25	9	17	9.852913058659068	2.8634376834789648	0	0	9
473	0.1	12.5	[1]	{2}	9.981457582648419	7.022437317965805	7.022437317965805	0.0	0	18.48933426663285	481.51066573336715	1.0920378124638963	22	6	14	4.76985067973286	0.0	0	0	6
287	0.1	12.5	[2]	{0}	4.345227785144528	4.028130407297639	4.050203360324315	0.0	0	771.29216468893	271.29216468893003	1.2959031905837253	44	20	32	16.375235059332095	1.9589517623542	0	0	20
163	0.1	12.5	[1]	{2}	17.116801776774807	14.478798349155175	14.478798349155173	0.0	0	404.4982702471317	95.5017297528683	0.53239713749995	48	6	27	19.86049135123566	0.0	0	0	6
39	0.1	12.5	[2]	{2}	5.138623727339905	4.5592440756653305	4.537803935127164	0.0	0	429.0851997211576	70.91480027884239	2.390708303929568	41	7	24	18.43397760334611	2.270828684602309	0	0	7
350	0.1	12.5	[3]	{0}	1.8316019655169207	1.613333302827698	1.5963219578314334	0.0	0	174.02895330451418	325.9710466954858	0.26111648393354675	10	6	8	6.029231626436114	1.8331505443135925	0	0	6
412	0.1	12.5	[1]	{0}	2.555353644221274	1.7734243768414646	1.7734243768414646	0.0	0	135.77361498028046	364.22638501971954	nan	1	1	1	0.7427736149802804	0.0	0	0	1
102	0.1	12.5	[1]	{2}	2.714964452106424	2.289541016966201	2.289541016966201	0.0	0	555.2822600584478	55.28226005844783	0.42008402520840293	16	2	9	6.385717739941552	0.0	0	0	2
226	0.1	12.5	[2]	{0}	2.197573401036128	1.680528030196066	1.6814256038757178	0.0	0	520.4559352714568	20.455935271456838	0.24253562503633297	16	2	9	7.2507203236427165	0.626517301863549	0	0	2
474	0.1	12.5	[1]	{0}	3.6821000600479907	3.0302672013263834	3.0302672013263834	0.0	0	132.06756464205688	367.9324353579431	0.7559289460184544	23	5	14	10.34767564642057	0.0	0	0	5
288	0.1	12.5	[1]	{2}	3.2696217252949387	2.5609576261728026	2.5609576261728026	0.0	0	513.3201065473258	13.32010654732585	nan	3	3	3	2.157960319641978	0.0	0	0	3
164	0.1	12.5	[1]	{2}	4.833564968031421	3.8849084782492502	3.8849084782492502	0.0	0	640.0235497858376	140.02354978583764	0.09245003270420485	12	4	8	5.8368587012849735	0.0	0	0	4
40	0.1	12.5	[3]	{2}	11.509425599511925	9.442832304954761	9.655393471371054	0.0	0	912.4402643647046	412.4402643647046	0.23059002525500147	99	53	75	43.05550228756478	8.701968604527977	0	0	51
351	0.1	12.5	[1]	{2}	12.199868776969186	9.941998018868286	9.941998018868286	0.0	0	690.8631785772742	190.8631785772742	0.0	5	3	4	2.7742736428454515	0.0	0	0	3
413	0.1	12.5	[1]	{1}	3.529675587983305	2.862799154787279	2.862799154787279	0.0	0	543.10291656293	43.10291656292998	0.9128709291752769	23	5	14	10.056970834370702	0.0	0	0	5
103	0.1	12.5	[3]	{1}	5.862663572340626	5.404283023448032	5.4346083439158175	0.0	0	357.48661030083923	142.51338969916077	5.465040408511786	44	44	44	32.93783932361007	8.51367458944732	0	0	44
227	0.1	12.5	[3]	{2}	5.5761863168937245	4.591140440562295	4.6919405879748695	0.0	0	267.5301299896092	232.46987001039082	1.5472842886653826	41	23	32	22.864542339812967	4.512012015052192	0	0	23
475	0.1	12.5	[3]	{0}	3.115918535333346	2.742153764828043	2.7753994319258086	0.0	0	127.00039474293573	372.9996052570643	2.52533744132276	27	25	26	15.37300789485871	3.5968148125255017	0	0	25
289	0.1	12.5	[1]	{2}	2.620698959400899	2.3279841962405996	2.3279841962405996	0.0	0	479.4832337647677	20.516766235232296	0.2182178902359924	8	2	5	3.827583831176162	0.0	0	0	2
165	0.1	12.5	[1]	{1}	5.5737998851889365	5.2451093375237265	5.2451093375237265	0.0	0	24.57405021414172	475.4259497858583	0.0	11	1	6	4.011296200856567	0.0	0	0	1
41	0.1	12.5	[2]	{0}	5.559670911667659	4.513113868726391	4.511572428837999	0.0	0	475.4865511786194	24.51344882138062	0.3402785236893603	37	1	19	13.977540346464144	1.7946183692378674	0	0	1
352	0.1	12.5	[2]	{2}	4.0521333704081055	3.4070959387301363	3.416279365244467	0.0	0	409.1049979906529	90.89500200934708	1.048034962177914	33	1	17	13.028215034158903	1.4912460296341101	0	0	1
414	0.1	12.5	[1]	{1}	3.4895026619216383	2.9813551909579763	2.9813551909579763	0.0	0	886.4208019804212	386.4208019804212	1.3675269175156552	32	24	28	14.173059148509049	0.0	0	0	24
104	0.1	12.5	[1]	{0}	3.0225897557307233	2.3454989247219267	2.3454989247219267	0.0	0	949.2926052771508	449.29260527715076	0.16012815380508713	12	2	7	4.811536973614247	0.0	0	0	2
228	0.1	12.5	[2]	{1}	8.383077869915567	7.597466272093448	7.32455595913118	0.0	0	204.25040903501224	295.74959096498776	1.076520897664216	69	17	43	26.70776758850552	4.055791970613056	0	0	17
476	0.1	12.5	[1]	{2}	9.94528122371672	9.152377560604664	9.152377560604664	0.0	0	427.6530558709056	72.34694412909442	0.7038792175599956	45	9	27	20.310959167612715	0.0	0	0	9
166	0.1	12.5	[3]	{0}	5.778774697183121	4.864998946552624	5.166870446887513	0.0	0	956.4399903174487	456.43999031744875	1.797920321515245	43	41	41	25.698720358254395	7.323676155165312	0	0	39
290	0.1	12.5	[1]	{2}	5.4212320246397905	3.8342868101063656	3.834286810106365	0.0	0	595.8207477815449	95.82074778154492	1.224744871391589	3	1	2	1.7069999999999999	0.0	0	0	1
42	0.1	12.5	[1]	{0}	2.183133541043401	1.973588881637386	1.973588881637386	0.0	0	241.7496773414313	258.25032265856873	0.20380986614602725	25	11	18	13.134994837462898	0.0	0	0	11
353	0.1	12.5	[2]	{1}	3.0459174746808992	2.5226983229493727	2.5198161542743374	0.0	0	918.4151724912228	418.41517249122285	0.17407765595569785	10	8	9	5.361263447578995	1.0037457156011536	0	0	8
415	0.1	12.5	[3]	{0}	0.796158688408019	0.6313376484588336	0.6213585632650358	0.0	0	193.57971311546845	306.42028688453155	1.224744871391589	9	5	7	5.648579713115468	0.2264830353253504	0	0	5
229	0.1	12.5	[1]	{2}	1.8605425313853627	1.5133999824774158	1.5133999824774158	0.0	0	986.5834079682828	486.5834079682828	0.11572751247156893	15	1	9	5.89991614422202	0.0	0	0	3
105	0.1	12.5	[2]	{0}	9.255077826328113	8.923488670249004	8.91501335779337	0.0	0	97.9484892450272	402.0515107549728	0.5413755443343999	110	84	97	55.42500345676764	4.308554610301915	0	0	84
477	0.1	12.5	[1]	{2}	5.418109711471407	4.361746950648213	4.361746950648213	0.0	0	790.978693868965	290.978693868965	0.06388765649999399	14	2	8	6.11404261226207	0.0	0	0	2
291	0.1	12.5	[2]	{0}	3.400451836434273	2.894583441660769	2.899285518364111	0.0	0	336.8101341184229	163.18986588157708	0.7490253407188311	27	15	21	14.054772280013191	1.22787313386698	0	0	15
167	0.1	12.5	[1]	{2}	5.3562940047613985	3.6923503420377184	3.6923503420377184	0.0	0	602.2721887566148	102.27218875661481	nan	3	3	3	2.0158165662698444	0.0	0	0	3
43	0.1	12.5	[1]	{1}	8.677246282601612	6.330712725586205	6.330712725586204	0.0	0	568.8515068031849	68.85150680318486	nan	1	1	1	0.9661484931968152	0.0	0	0	1
354	0.1	12.5	[2]	{1}	4.2559610049699055	3.9271761314266738	3.7023937235763658	0.0	0	180.31332525424676	319.68667474575324	0.35805743701971643	38	10	24	13.121266505084936	2.27754671274876	0	0	10
416	0.1	12.5	[2]	{0}	4.640073118473419	4.109518595593692	4.055904829862536	0.0	0	76.4516687486319	423.5483312513681	0.6581243573007461	42	28	35	19.29080840620211	1.8624506740383362	0	0	28
230	0.1	12.5	[1]	{0}	8.800160280281464	6.133057795988893	6.133057795988893	0.0	0	305.60202430933714	194.39797569066286	1.3416407864998738	4	0	2	1.194	0.0	0	0	0
478	0.1	12.5	[1]	{0}	1.4574944398911873	1.1586924142285044	1.1586924142285044	0.0	0	319.4854287430643	180.5145712569357	nan	1	1	1	0.7165145712569356	0.0	0	0	1
106	0.1	12.5	[1]	{1}	5.966601270029912	5.431499623984717	5.431499623984717	0.0	0	503.2542096450926	3.254209645092601	1.6	24	8	16	12.409966322839258	0.0	0	0	8
168	0.1	12.5	[1]	{0}	5.523996641163762	5.305706709192293	5.305706709192293	0.0	0	846.6191536281256	346.61915362812556	0.22075539284417398	18	2	10	6.459285078231247	0.0	0	0	2
292	0.1	12.5	[2]	{2}	2.734750070499251	2.395746714167622	2.31082671209208	0.0	0	121.83919292874629	378.1608070712537	1.1677484162422844	21	9	15	8.244587893931197	1.1680122354397953	0	0	9
44	0.1	12.5	[1]	{2}	7.651979761173145	6.41590309773461	6.41590309773461	0.0	0	53.30356140621009	446.69643859378994	1.3471517267687636	63	33	47	26.408053140467036	0.0	0	0	31
355	0.1	12.5	[2]	{2}	3.4607709795205848	3.1584783726714254	3.1978663891523857	0.0	0	135.46497887000436	364.53502112999564	3.1392998614196608	38	34	35	19.14555442949012	1.575530919823228	0	0	32
417	0.1	12.5	[1]	{2}	7.3173951290993315	5.887292355812585	5.887292355812585	0.0	0	467.7244438789785	32.27555612102151	nan	0	0	0	0.0	0.0	0	0	0
479	0.1	12.5	[1]	{0}	5.6122081113018965	4.991793722181763	4.991793722181763	0.0	0	267.1282598748803	232.8717401251197	1.0068729331193067	28	2	15	9.855923898123201	0.0	0	0	2
231	0.1	12.5	[2]	{2}	3.326435672029004	2.5652799488121776	2.594519490715941	0.0	0	293.59869891777635	206.40130108222365	0.7807200583588266	27	1	14	10.028999999999998	1.0729652089060475	0	0	1
107	0.1	12.5	[2]	{0}	3.169617031246122	2.7278107515581356	2.632517505288157	0.0	0	637.5720982905477	137.57209829054773	2.076170978870439	22	12	17	13.910004688033833	1.7403875738698824	0	0	12
293	0.1	12.5	[3]	{0}	4.163831975758166	3.6546993546748	3.4921786180864514	0.0	0	208.2049390301108	291.79506096988916	2.388524036966327	30	22	26	18.38904939030111	3.511405861471885	0	0	22
169	0.1	12.5	[3]	{2}	9.812945852384551	9.041082686004199	8.97477677956175	0.0	0	618.6620236840099	118.66202368400991	6.934978070365118	102	82	92	69.24135190526397	13.47931862369779	0	0	82
45	0.1	12.5	[3]	{1}	4.150732729239921	3.669596495493745	3.5043134358532653	0.0	0	50.431770272553045	449.568229727447	0.9058216273156765	25	13	19	11.951613013543193	3.4977595542952127	0	0	13
356	0.1	12.5	[1]	{1}	15.536957029952228	10.884456501053297	10.884456501053297	0.0	0	386.1546157859266	113.84538421407342	1.2247448713915892	11	5	8	6.025309231571852	0.0	0	0	5
418	0.1	12.5	[1]	{1}	10.286894792282753	7.348366080983281	7.348366080983283	0.0	0	852.2419529035687	352.24195290356874	1.1908262790561672	31	3	17	8.43237070644647	0.0	0	0	3
108	0.1	12.5	[3]	{1}	5.486662066458399	4.793582545357637	4.792380281904613	0.0	0	466.4419065229597	33.5580934770403	3.64	49	29	39	29.343325719568885	5.454896190120342	0	0	29
232	0.1	12.5	[1]	{1}	3.870738926703019	3.414133100995317	3.414133100995317	0.0	0	130.4164829198272	369.5835170801728	0.25825745817022294	37	13	25	15.089579107156029	0.0	0	0	13
480	0.1	12.5	[1]	{0}	6.214018680148538	4.430727102467607	4.430727102467607	0.0	0	271.53537888079893	228.46462111920107	0.588683436707244	18	0	9	6.2056061366423965	0.0	0	0	0
294	0.1	12.5	[2]	{0}	3.8739955447095245	2.9190684774111517	2.961421346106773	0.0	0	58.38926252908993	441.61073747091007	1.164627806548727	27	5	16	7.88967115034908	1.1203290060749986	0	0	5
170	0.1	12.5	[1]	{2}	4.158767555239278	3.1937717937851486	3.193771793785149	0.0	0	552.6902633719146	52.690263371914625	0.5714285714285714	13	1	7	5.023070790115744	0.0	0	0	1
46	0.1	12.5	[1]	{0}	2.1761914163530585	1.567099132264194	1.567099132264194	0.0	0	408.95381383597856	91.04618616402144	1.1547005383792517	8	4	6	4.606	0.0	0	0	4
357	0.1	12.5	[1]	{1}	5.941711149032909	4.351849200508754	4.351849200508754	0.0	0	197.42665765807035	302.5733423419297	nan	0	0	0	0.0	0.0	0	0	0
419	0.1	12.5	[1]	{2}	17.07487267957341	12.406754018058498	12.406754018058502	0.0	0	659.8593974485995	159.85939744859945	0.0	9	3	6	4.389562410205603	0.0	0	0	3
109	0.1	12.5	[3]	{2}	10.02660148545524	8.517376528274378	8.570842144223095	0.0	0	949.7766292188318	449.7766292188318	1.7432279603570358	81	35	58	32.36272179749607	8.5259997263094	0	0	35
481	0.1	12.5	[3]	{1}	11.965949864033648	11.310142753092261	11.112293951706897	0.0	0	348.17783138714753	151.82216861285247	6.6036578813406965	115	93	104	79.47791229051724	18.405813905758365	0	0	93
233	0.1	12.5	[3]	{0}	4.79118051902584	4.19436136139901	3.823501769257879	0.0	0	92.81433606520284	407.18566393479716	0.41130179815941625	36	2	19	10.18521504097804	2.751718488948724	0	0	2
295	0.1	12.5	[3]	{0}	2.7386279574542365	2.4214570153415966	2.4306979339473433	0.0	0	377.2914896253496	122.70851037465042	3.7274965820548744	29	23	26	19.693165958501403	3.089123613629334	0	0	23
171	0.1	12.5	[2]	{1}	5.563425816168562	4.816989297279756	4.713009160976859	0.0	0	587.756166700274	87.75616670027398	3.2397483772190836	43	23	33	24.22629316690191	3.1161718030978993	0	0	23
47	0.1	12.5	[1]	{0}	4.407298555140368	4.323595475970546	4.323595475970546	0.0	0	49.69432600773871	450.3056739922613	0.4689022084035771	50	38	44	24.341550344340508	0.0	0	0	38
358	0.1	12.5	[2]	{0}	7.521312810528663	5.9376812882016825	5.93921008427238	0.0	0	490.6075003091245	9.392499690875525	0.3583951740264367	50	0	25	17.937747497836124	2.3413214321104077	0	0	0
110	0.1	12.5	[2]	{2}	3.116880407709342	2.423857240039492	2.4543862721747676	0.0	0	578.5100699868053	78.51006998680532	0.08451542547285165	19	3	11	8.122469790039585	1.284801053934126	0	0	3
420	0.1	12.5	[1]	{1}	5.0552997252169725	4.645309327896374	4.645309327896374	0.0	0	784.1620477847757	284.1620477847757	0.888234788195688	27	5	16	10.761055426582693	0.0	0	0	5
234	0.1	12.5	[1]	{0}	3.134552528524498	2.779885773446132	2.779885773446132	0.0	0	212.4714604578912	287.5285395421088	1.0606601717798212	7	1	4	2.2639429209157824	0.0	0	0	1
482	0.1	12.5	[1]	{1}	1.0544215207656265	0.9910543833107941	0.9910543833107941	0.0	0	638.6826315429064	138.6826315429064	0.5855400437691199	9	1	5	4.453682631542906	0.0	0	0	1
296	0.1	12.5	[2]	{0}	2.0076008252759734	1.5664988961990116	1.5894503943941811	0.0	0	129.32351045310486	370.67648954689514	0.5773502691896258	15	7	11	7.184911594077944	0.6475678504163427	0	0	7
172	0.1	12.5	[1]	{0}	4.067051842351872	3.260708267881933	3.260708267881933	0.0	0	292.7914960309863	207.2085039690137	1.0606601717798212	7	3	5	3.0573744880929588	0.0	0	0	3
48	0.1	12.5	[1]	{2}	6.97962239331601	4.8280081046445	4.828008104644498	0.0	0	465.7691763713956	34.23082362860441	2.3547940345293354	12	0	6	4.586615058228373	0.0	0	0	0
359	0.1	12.5	[3]	{2}	4.194638360774605	3.4548680093833184	3.4397989628464485	0.0	0	314.5241795573384	185.4758204426616	1.9090539552626495	42	20	31	21.710814334245402	2.4318068805136286	0	0	20
421	0.1	12.5	[1]	{0}	5.721799077318437	4.194333673051746	4.194333673051746	0.0	0	18.232379108667345	481.7676208913326	0.3872983346207417	7	1	4	1.7739295164346696	0.0	0	0	1
111	0.1	12.5	[1]	{1}	6.709194207285565	6.416441143385567	6.416441143385567	0.0	0	792.847851291299	292.847851291299	nan	0	0	0	0.0	0.0	0	0	0
235	0.1	12.5	[2]	{1}	4.251413884180268	3.3178039352732105	3.336598080703785	0.0	0	974.4385783560576	474.43857835605763	0.3903600291794133	27	3	15	8.783421324659136	1.2505045812972035	0	0	3
297	0.1	12.5	[2]	{1}	4.103481298467765	3.212153631889248	3.209744626286462	0.0	0	509.86827095039206	9.86827095039206	1.7091281055318472	24	4	14	10.819736541900784	1.402120257898112	0	0	4
483	0.1	12.5	[1]	{1}	5.8130958033413105	5.055722832548974	5.055722832548974	0.0	0	407.8311685007066	92.16883149929339	0.023859169349525474	79	17	48	34.50459739202261	0.0	0	0	17
173	0.1	12.5	[1]	{2}	6.881072660391262	5.413503447992611	5.413503447992611	0.0	0	196.35564414784312	303.6443558521569	1.0606601717798212	7	1	4	1.8314225765913725	0.0	0	0	1
49	0.1	12.5	[2]	{2}	8.724524404928532	7.578737559192019	7.587167046239815	0.0	0	794.2436684388667	294.24366843886673	0.7408097104249488	68	18	43	25.294522257128733	3.2535528248604777	0	0	18
360	0.1	12.5	[1]	{0}	8.854578017604966	6.906352611234549	6.906352611234549	0.0	0	151.32507774978876	348.67492225021124	0.0	13	1	7	3.6196253887489434	0.0	0	0	1
112	0.1	12.5	[3]	{0}	4.993325402699439	4.0762493355688685	4.007117130881158	0.0	0	662.8211406059561	162.8211406059561	0.573043085970312	36	12	24	17.72778859394044	2.5215744871233117	0	0	12
422	0.1	12.5	[1]	{0}	14.31320532083119	9.953635688708431	9.953635688708431	0.0	0	567.5937687046825	67.59376870468247	0.40599897147057507	12	0	7	4.981406231295319	0.0	0	0	2
298	0.1	12.5	[3]	{2}	4.4639071612338075	3.8903065951987164	3.9070295519044387	0.0	0	922.3516378551724	422.3516378551724	3.0337854168308036	33	29	31	16.043505777910344	4.512388314306121	0	0	29
236	0.1	12.5	[2]	{0}	3.2550323344665104	2.5772935102616765	2.580838512968902	0.0	0	716.9761497061702	216.9761497061702	0.8563488385776753	14	4	9	6.294166952056809	0.9696605594610986	0	0	4
484	0.1	12.5	[2]	{0}	6.130558351463943	5.0618497092557355	5.006488818698438	0.0	0	609.6911586355416	109.69115863554157	1.1451408287763112	46	4	25	19.24083811044879	2.4459074804762246	0	0	4
174	0.1	12.5	[1]	{1}	2.126942504824778	1.4620561660944056	1.4620561660944056	0.0	0	873.0974071659148	373.0974071659148	nan	2	2	2	1.0348051856681704	0.0	0	0	2
50	0.1	12.5	[1]	{0}	5.667837977341742	4.121853790348635	4.121853790348635	0.0	0	777.1906815469265	277.1906815469265	1.1333333333333333	14	6	10	6.585855910718441	0.0	0	0	6
361	0.1	12.5	[3]	{0}	4.32428479507568	3.4269671943281477	3.384444622077079	0.0	0	663.7991948518903	163.79919485189032	0.4340573661412156	22	2	12	8.826204830888658	1.3894500454116274	0	0	2
113	0.1	12.5	[1]	{2}	7.634533297459302	6.233968539163054	6.233968539163053	0.0	0	814.285560278222	314.28556027822196	0.4507489358552088	39	5	22	15.666144397217776	0.0	0	0	5
423	0.1	12.5	[1]	{1}	3.8598222825333774	3.077123823740977	3.077123823740977	0.0	0	998.078849166632	498.07884916663204	0.1889822365046136	23	5	14	7.8078961116671515	0.0	0	0	5
299	0.1	12.5	[1]	{1}	2.2623269183170054	1.984831506839784	1.984831506839784	0.0	0	531.5989542286844	31.59895422868442	0.0	5	1	3	2.200401045771316	0.0	0	0	1
237	0.1	12.5	[3]	{2}	6.378420126955958	5.506557402917912	5.51692160678411	0.0	0	583.6518863216043	83.65188632160425	2.646599666726792	49	23	36	27.529	5.988748926451347	0	0	23
485	0.1	12.5	[1]	{1}	2.922056936416018	2.126086740994321	2.126086740994321	0.0	0	606.878933031112	106.87893303111196	0.8320502943378436	12	0	6	4.400273598186672	0.0	0	0	0
175	0.1	12.5	[1]	{1}	4.648829281504947	4.17472048324777	4.17472048324777	0.0	0	57.20247956924148	442.79752043075854	0.11396057645963795	10	6	8	5.424214877415449	0.0	0	0	6
51	0.1	12.5	[1]	{2}	2.1197325474160458	1.519585980071581	1.519585980071581	0.0	0	108.86308178305632	391.1369182169437	0.7745966692414834	4	0	2	1.3047261635661127	0.0	0	0	0
362	0.1	12.5	[1]	{0}	2.464866078835841	2.17476851442681	2.17476851442681	0.0	0	268.87812186032534	231.12187813967466	1.7415057006117316	24	6	15	9.085659340463579	0.0	0	0	6
114	0.1	12.5	[1]	{1}	2.422052015810146	2.0128374533379283	2.0128374533379283	0.0	0	570.6770038232208	70.67700382322084	0.18257418583505536	11	1	6	4.556	0.0	0	0	1
424	0.1	12.5	[2]	{2}	4.384296326624171	3.319820643998736	3.7367027355920985	0.0	0	90.25864815339445	409.74135184660554	2.6352313834736494	39	31	35	16.410018092755223	2.561982004767791	0	0	31
300	0.1	12.5	[1]	{1}	1.3259735385547693	0.9937217643737941	0.9937217643737941	0.0	0	192.6686626393349	307.3313373606651	0.3779644730092272	11	1	6	4.36933732527867	0.0	0	0	1
238	0.1	12.5	[1]	{0}	9.375552153938807	8.371922984995233	8.371922984995233	0.0	0	218.0995806120337	281.9004193879663	0.4622501635210242	12	4	8	4.18579664489627	0.0	0	0	4
486	0.1	12.5	[1]	{1}	1.0305351340151112	0.9104358526565942	0.9104358526565942	0.0	0	17.31951162219053	482.68048837780947	nan	1	1	1	0.13031951162219046	0.0	0	0	1
176	0.1	12.5	[1]	{2}	2.0869903369290945	1.7546152866893783	1.7546152866893783	0.0	0	124.67751977965236	375.32248022034764	1.3887301496588271	6	4	5	3.011032559338957	0.0	0	0	4
52	0.1	12.5	[3]	{0}	5.4208491531708525	4.142178754239971	4.142404356104802	0.0	0	485.6834269594401	14.316573040559888	2.9043949807286253	34	20	27	21.135849157365037	0.6298980210961518	0	0	20
363	0.1	12.5	[1]	{2}	4.895860825434273	4.184485527352642	4.184485527352642	0.0	0	413.82179781794537	86.17820218205463	0.3872983346207417	9	1	5	3.400465393453836	0.0	0	0	1
115	0.1	12.5	[1]	{1}	0.9589382379230665	0.8796039633924636	0.8796039633924636	0.0	0	829.5645604375751	329.5645604375751	0.0	11	3	7	3.9150480769369738	0.0	0	0	3
301	0.1	12.5	[3]	{0}	0.7679172439590631	0.6421911530284269	0.6145401919867246	0.0	0	690.0274697691202	190.02746976912022	nan	2	0	1	0.7989725302308798	0.45432840848867223	0	0	0
487	0.1	12.5	[3]	{1}	6.342335115028276	5.539906773661965	5.604920424757274	0.0	0	253.5818584728988	246.4181415271012	3.8730276795542538	55	45	50	33.71696460334957	7.0491873861813135	0	0	45
239	0.1	12.5	[1]	{0}	1.6209685094470658	1.3697347068224923	1.3697347068224923	0.0	0	660.5724722612651	160.57247226126515	0.2773500981126145	12	2	7	5.116137638693674	0.0	0	0	2
425	0.1	12.5	[2]	{0}	7.417278876622221	6.761601511282087	6.759189686443201	0.0	0	716.0732650663706	216.0732650663706	0.49231163302332015	64	2	33	28.185124686924752	3.061712317803895	0	0	2
177	0.1	12.5	[3]	{1}	3.85296792765878	3.4844111842821572	3.5075746374398866	0.0	0	396.8723344150932	103.12766558490682	4.398604745242127	41	35	38	27.963957350641493	5.167399031186223	0	0	35
53	0.1	12.5	[3]	{0}	11.618255613480658	11.41703916298777	11.335082657494784	0.0	0	96.26723732799296	403.732762672007	4.099895094383054	123	115	119	71.18352544478327	21.174124494535384	0	0	115
364	0.1	12.5	[1]	{1}	4.521775371689498	4.108147276612636	4.108147276612636	0.0	0	748.8953270949424	248.89532709494245	0.3239695482936233	55	21	38	24.781558878771953	0.0	0	0	21
116	0.1	12.5	[1]	{2}	4.21348812235642	3.6225294407276323	3.622529440727632	0.0	0	862.2439303435386	362.24393034353864	0.8783100656536799	6	2	4	1.6280242786258454	0.0	0	0	2
302	0.1	12.5	[1]	{2}	6.69948565057881	4.74952642813572	4.74952642813572	0.0	0	78.17552564665681	421.8244743533432	2.142857142857143	13	3	8	4.39805315387994	0.0	0	0	3
488	0.1	12.5	[2]	{0}	1.8086319644520046	1.3981770199877586	1.4926101547250386	0.0	0	176.79510987363756	323.20489012636244	0.6371930928643098	18	4	11	6.3001559888627385	0.8804714805229327	0	0	4
240	0.1	12.5	[1]	{0}	3.751679520442405	3.3758591702711622	3.3758591702711622	0.0	0	346.69820172712195	153.30179827287805	2.2099644264774283	36	8	22	17.841432368911804	0.0	0	0	8
426	0.1	12.5	[1]	{0}	3.3734566828902333	2.6667626808654896	2.6667626808654896	0.0	0	491.9303364586086	8.069663541391378	1.0178076669978668	22	4	13	9.27193033645861	0.0	0	0	4
178	0.1	12.5	[3]	{0}	1.5332164391993333	1.2550112105743394	1.2648768545095506	0.0	0	689.8310810793192	189.83108107931923	1.407052941362897	17	9	13	9.631506756762041	0.9716868469891378	0	0	9
54	0.1	12.5	[1]	{2}	12.929772417947433	9.362204057093498	9.362204057093496	0.0	0	389.1308587044479	110.86914129555208	1.5921683328090657	15	5	10	5.819046869635583	0.0	0	0	5
365	0.1	12.5	[1]	{1}	8.339318796948145	8.07428120107491	8.07428120107491	0.0	0	633.5275026503953	133.52750265039526	nan	1	1	1	0.4594724973496047	0.0	0	0	1
117	0.1	12.5	[1]	{0}	4.589497020576232	4.048431969556454	4.048431969556454	0.0	0	371.9714945182204	128.02850548177958	0.5477225575051661	11	1	6	4.1819999999999995	0.0	0	0	1
303	0.1	12.5	[1]	{0}	8.688486094458066	7.079676825412621	7.079676825412621	0.0	0	96.36651305481789	403.6334869451821	0.2886751345948129	8	0	4	2.302466052219272	0.0	0	0	0
489	0.1	12.5	[1]	{0}	6.623744924963063	5.736386655840189	5.736386655840189	0.0	0	832.6839664950966	332.68396649509657	0.6793662204867574	12	4	8	4.661528268039227	0.0	0	0	4
241	0.1	12.5	[2]	{2}	4.532432716530737	4.235260234235009	4.174234408323459	0.0	0	361.4396508783102	138.5603491216898	1.4658667852498621	53	3	28	19.08431022459269	2.3484458224935874	0	0	3
427	0.1	12.5	[2]	{0}	4.195193489520969	3.3255139965396237	3.4045573563500775	0.0	0	708.2518897950648	208.2518897950648	1.942965570300532	41	15	28	18.357962204098705	1.6865171183192005	0	0	15
179	0.1	12.5	[1]	{2}	11.099071185290923	8.585913037447861	8.585913037447861	0.0	0	329.4338872656228	170.5661127343772	0.5773502691896258	5	3	4	2.649	0.0	0	0	3
55	0.1	12.5	[1]	{1}	4.185344308394252	3.181192766277559	3.181192766277559	0.0	0	727.9038252308964	227.90382523089636	0.5773502691896258	5	1	3	2.188096174769104	0.0	0	0	1
366	0.1	12.5	[1]	{0}	1.4599023714774262	1.4269057612434533	1.4269057612434533	0.0	0	315.15776226297004	184.84223773702996	0.08770580193070293	19	1	10	6.1305776226296995	0.0	0	0	1
118	0.1	12.5	[1]	{0}	5.404386963111658	3.794250041357798	3.794250041357798	0.0	0	609.5270253717899	109.52702537178993	1.0434983894999017	8	0	4	3.147	0.0	0	0	0
428	0.1	12.5	[3]	{1}	8.06167822243355	7.116447720818614	7.116010339111958	0.0	0	649.3422421626749	149.3422421626749	4.776510626329734	71	53	62	44.888524125397204	8.560942098931761	0	0	53
242	0.1	12.5	[1]	{2}	15.000922229615893	11.014744109509026	11.014744109509026	0.0	0	942.8702620789408	442.87026207894075	0.0	12	4	8	3.8040379033684744	0.0	0	0	4
304	0.1	12.5	[2]	{0}	8.178615584961106	6.387244032740443	6.8092689199958345	0.0	0	898.0846188496796	398.0846188496796	1.5869566385219918	74	32	53	28.450853676365693	3.780099769583118	0	0	32
490	0.1	12.5	[1]	{2}	5.183687889083359	4.543723951909738	4.543723951909738	0.0	0	178.31078870221978	321.6892112977802	nan	2	2	2	0.5246215774044395	0.0	0	0	2
180	0.1	12.5	[1]	{0}	6.516393794787215	5.40904871794898	5.40904871794898	0.0	0	879.6509467065335	379.65094670653355	1.0606601717798212	7	3	5	3.6560471598803996	0.0	0	0	3
56	0.1	12.5	[2]	{0}	4.997873775793528	4.061405539112401	4.014225091915229	0.0	0	558.9464518707246	58.94645187072456	1.489608979310545	39	15	27	22.39583935561217	2.3156832354385557	0	0	15
367	0.1	12.5	[1]	{0}	2.513382085586287	2.1092828464150997	2.1092828464150997	0.0	0	552.394742844626	52.394742844625966	1.4433756729740645	8	2	5	3.035605257155374	0.0	0	0	2
119	0.1	12.5	[1]	{2}	9.989576012474311	7.088383076541501	7.088383076541501	0.0	0	629.5870803296566	129.5870803296566	1.649915822768611	15	1	8	5.334825839340686	0.0	0	0	1
305	0.1	12.5	[1]	{0}	5.3089237364134	4.576854464091452	4.576854464091452	0.0	0	653.4528280608356	153.4528280608356	1.1547005383792517	5	3	4	2.9530000000000003	0.0	0	0	3
429	0.1	12.5	[1]	{0}	2.574396461591031	2.483607264055575	2.483607264055575	0.0	0	575.8578963577745	75.85789635777451	1.4631270419005797	29	3	16	12.265273658275607	0.0	0	0	3
243	0.1	12.5	[1]	{1}	4.760833902529956	3.3478459797406246	3.347845979740625	0.0	0	389.1898347064854	110.81016529351461	1.414213562373095	5	1	3	1.866569504119456	0.0	0	0	1
491	0.1	12.5	[1]	{2}	6.504846492545927	5.176673422230699	5.176673422230699	0.0	0	359.07082725316286	140.92917274683714	1.0425720702853738	45	1	23	15.793920754291115	0.0	0	0	1
181	0.1	12.5	[2]	{0}	1.120932697577355	0.9198782103444155	0.9172789756750147	0.0	0	913.6128425598148	413.6128425598148	1.5	7	5	6	3.1483229446411114	0.3630968482691028	0	0	5
57	0.1	12.5	[2]	{0}	2.8607010150146244	2.0672014274247767	2.4145971851533763	0.0	0	33.40997500345111	466.5900249965489	1.6383560438182507	18	18	18	10.191559600055216	1.7287884361870214	0	0	18
368	0.1	12.5	[3]	{0}	5.637432670857958	5.0660979876400365	5.148796040472727	0.0	0	353.1910718884318	146.8089281115682	4.190673672332958	56	42	48	34.48520358154548	7.92907627405608	0	0	40
120	0.1	12.5	[1]	{2}	6.42295424901063	4.91444331138605	4.914443311386049	0.0	0	809.1105902567505	309.11059025675047	1.3416407864998738	4	2	3	1.7636682292297488	0.0	0	0	2
430	0.1	12.5	[1]	{1}	3.2251678095497227	2.864587702468731	2.864587702468731	0.0	0	523.3128813561052	23.31288135610521	1.0734396709982015	19	5	12	8.73462576271221	0.0	0	0	5
306	0.1	12.5	[1]	{2}	1.091232610082303	1.0219975795625145	1.0219975795625145	0.0	0	122.57031630724669	377.4296836927533	1.0	2	0	1	0.5235703163072467	0.0	0	0	0
244	0.1	12.5	[1]	{2}	8.049795484148303	7.295966187797828	7.295966187797829	0.0	0	145.88170638307932	354.1182936169207	0.21320071635561041	10	4	7	4.401408531915396	0.0	0	0	4
492	0.1	12.5	[1]	{1}	5.7817433655168236	5.037359537317573	5.037359537317573	0.0	0	122.0450885593892	377.9549114406108	1.3055824196677337	15	7	11	5.889495974153282	0.0	0	0	7
182	0.1	12.5	[1]	{2}	7.595113090784867	5.2223217648851215	5.2223217648851215	0.0	0	980.370539240539	480.37053924053896	nan	1	1	1	0.5416294607594611	0.0	0	0	1
58	0.1	12.5	[1]	{2}	4.717232907411027	3.3783934290409015	3.3783934290409015	0.0	0	445.24575117975473	54.754248820245266	1.224744871391589	3	1	2	1.5944915023595096	0.0	0	0	1
369	0.1	12.5	[1]	{1}	11.646868579228766	9.11350784290434	9.11350784290434	0.0	0	192.4583404324949	307.5416595675051	2.0380986614602725	12	2	7	5.461208383027463	0.0	0	0	2
121	0.1	12.5	[1]	{0}	3.8820197356799597	3.302441753925278	3.3024417539252777	0.0	0	806.5903494134546	306.59034941345465	nan	0	0	0	0.0	0.0	0	0	0
307	0.1	12.5	[1]	{2}	6.805902711826498	5.4493462993954385	5.4493462993954385	0.0	0	533.9937112294137	33.99371122941375	1.224744871391589	3	1	2	1.327	0.0	0	0	1
493	0.1	12.5	[3]	{2}	3.8314660270244953	3.545721424086122	3.634152971927025	0.0	0	45.22742377594119	454.7725762240588	2.3421601750764798	34	34	34	17.17882271327824	6.278879857015196	0	0	34
431	0.1	12.5	[1]	{2}	4.568921834523131	3.296790136497676	3.296790136497676	0.0	0	200.9259997867048	299.0740002132952	nan	0	0	0	0.0	0.0	0	0	0
245	0.1	12.5	[2]	{2}	7.280016294123184	6.132552914108506	6.107327214954928	0.0	0	869.7125650942326	369.71256509423256	0.7476591451270223	65	19	42	24.33807226604224	2.535549638166616	0	0	19
183	0.1	12.5	[1]	{1}	4.082111161696176	3.1143458801126145	3.1143458801126145	0.0	0	46.44140671007352	453.5585932899265	0.08257228238447704	19	3	11	5.085855473810809	0.0	0	0	3
370	0.1	12.5	[3]	{0}	3.8405123488943738	3.1541435875464177	3.2297486601061474	0.0	0	654.5265670865776	154.52656708657764	1.8787382673022601	26	8	17	11.541260896220802	3.2841842755444737	0	0	8
59	0.1	12.5	[3]	{0}	6.453248316765858	5.117845028779691	5.170311087842826	0.0	0	387.8435380756853	112.15646192431473	1.8803761294063241	51	19	35	25.46834014728665	3.1107922592782735	0	0	19
494	0.1	12.5	[3]	{2}	9.073759797655189	7.964735575584547	8.25936264403067	0.0	0	169.35028787702325	330.6497121229768	4.1882159888207875	95	77	85	58.95186468172815	12.523397333682666	0	0	75
122	0.1	12.5	[1]	{0}	1.3446219941614344	1.1250345417341552	1.1250345417341552	0.0	0	496.7837126459926	3.21628735400742	0.7071067811865475	5	1	3	2.4436488620620223	0.0	0	0	1
432	0.1	12.5	[1]	{0}	4.421691931184868	3.967316467316202	3.967316467316202	0.0	0	453.6477671936154	46.35223280638462	0.3892494720807615	26	2	14	10.637295534387231	0.0	0	0	2
184	0.1	12.5	[1]	{1}	5.301574179250867	4.435290426016313	4.435290426016313	0.0	0	582.538531161845	82.53853116184496	0.06956083436402524	39	1	20	16.60738531161845	0.0	0	0	1
246	0.1	12.5	[2]	{0}	2.5526155285738295	2.4449785835836457	2.4395677686939683	0.0	0	211.0299561172724	288.9700438827276	0.5007733956671915	37	11	24	13.494718946814542	1.181984488152756	0	0	11
308	0.1	12.5	[1]	{2}	9.432021187020675	7.711454146544607	7.711454146544607	0.0	0	812.0279172435404	312.0279172435404	nan	3	1	2	0.7069441655129192	0.0	0	0	1
60	0.1	12.5	[1]	{1}	5.835867537446955	4.211203420759663	4.211203420759663	0.0	0	329.3075491674244	170.69245083257562	2.32379000772445	14	6	10	7.218	0.0	0	0	6
371	0.1	12.5	[1]	{0}	13.524103331379997	9.732591500921071	9.732591500921071	0.0	0	969.3808564916252	469.3808564916252	1.4638501094227998	6	4	5	3.393095717541874	0.0	0	0	4
495	0.1	12.5	[1]	{1}	2.6050806430354516	1.8623878443136583	1.8623878443136583	0.0	0	184.5176964998245	315.4823035001755	nan	0	0	0	0.0	0.0	0	0	0
123	0.1	12.5	[1]	{0}	0.7349819678984661	0.6880354535128024	0.6880354535128024	0.0	0	430.08513306267565	69.91486693732435	nan	3	3	3	2.0322553991880272	0.0	0	0	3
433	0.1	12.5	[3]	{1}	7.816994683844005	6.512046153661072	6.5617934783744705	0.0	0	382.3206310626121	117.67936893738789	3.749316373939308	61	37	49	34.623450728064405	6.015115885440778	0	0	37
247	0.1	12.5	[2]	{1}	4.361593922904334	3.916314240257705	3.8619807214036492	0.0	0	165.8581492956729	334.1418507043271	1.2455983106584367	39	19	29	18.042021135209133	1.8437899068305041	0	0	19
185	0.1	12.5	[1]	{0}	6.743109009816843	5.319762619243939	5.319762619243937	0.0	0	787.3681953642516	287.3681953642516	1.0606601717798214	15	3	9	6.638895413907246	0.0	0	0	3
309	0.1	12.5	[1]	{1}	6.175040500910508	5.525069417460425	5.525069417460425	0.0	0	928.6640030331912	428.6640030331912	nan	4	4	4	2.5073439878672352	0.0	0	0	4
61	0.1	12.5	[3]	{2}	4.621126765449351	3.8395936766883025	3.875801197143625	0.0	0	384.0101659297944	115.98983407020557	3.181423814878889	37	21	29	20.61611182522774	3.5918101384502927	0	0	21
