iter	recomb_rate	mut_rate	recomb_type	recomb_node	ARG_length_1	ARG_length_2	ARG_length_3	ARG_length_4	root_height_change	bp	bp_pos_deviation	rank_stat	info_sites_global	confounding_info_sites	consistent_info_sites	weighted_consistent_info_sites	rf_dist	no_neu_recurr_mut	no_adv_recurr_mut	info_sites_imbalance
310	1.0	75.0	[3]	{0}	1.5188331487550848	1.3288884706227004	1.374335284571018	0.0	0	730.6854368653148	230.68543686531484	5.568676569002615	74	64	69	47.05863883598335	2.078691112682644	0	0	64
248	1.0	75.0	[3]	{2}	1.5252729731649393	1.4505196753673617	1.3993561864508899	0.0	0	89.15839693509042	410.8416030649096	1.29963774718649	104	72	88	49.816354960937055	2.167745021523622	0	0	72
372	1.0	75.0	[3]	{2}	2.9489816344521085	2.5714592591010073	2.599770861040846	0.0	0	639.3330506980419	139.33305069804192	7.442239433700284	140	110	125	91.91101441439986	3.3074708091468263	0	0	110
186	1.0	75.0	[1]	{2}	2.1066354412264277	1.9120329303826147	1.9120329303826147	0.0	0	791.3744696415961	291.3744696415961	0.42619317803080803	63	3	33	24.50413613752648	0.0	0	0	3
62	1.0	75.0	[1]	{2}	3.7329489949345662	2.827825458942756	2.8278254589427565	0.0	0	429.5633207075298	70.43667929247022	0.86	49	1	25	18.759816603537647	0.0	0	0	1
124	1.0	75.0	[1]	{0}	3.6460273248555026	3.187720326616522	3.187720326616522	0.0	0	702.8257725760341	202.82577257603407	0.03479620533275833	87	7	47	32.98100723075122	0.0	0	0	7
496	1.0	75.0	[1]	{1}	2.7798942432282527	2.1556848691602957	2.1556848691602957	0.0	0	856.9943774491549	356.99437744915485	0.3192211990345307	47	9	28	19.200101205915214	0.0	0	0	9
434	1.0	75.0	[1]	{2}	1.5198098461086738	1.326988527158644	1.326988527158644	0.0	0	608.9090046007186	108.90900460071862	0.1851640199545103	69	7	38	26.149183889582755	0.0	0	0	7
0	1.0	75.0	[1]	{0}	1.8816958347597141	1.7194639906141898	1.7194639906141898	0.0	0	929.050525650382	429.05052565038204	0.8920540893309911	78	4	41	21.4480294996351	0.0	0	0	4
311	1.0	75.0	[3]	{1}	2.051886918899412	1.9569723746790588	1.9045563338890688	0.0	0	946.4064438361676	446.40644383616757	2.527353536794971	138	120	129	67.24782029582374	3.042546908991251	0	0	120
373	1.0	75.0	[3]	{0}	2.406391125263567	1.928260320694351	1.969904149754508	0.0	0	717.4918993841857	217.49189938418567	2.9645927068242224	99	31	65	45.092751119090245	1.5123594584522118	0	0	31
249	1.0	75.0	[2]	{0}	2.0787283492781388	1.4833260373861041	1.6770259480195802	0.0	0	925.1010671723634	425.1010671723634	0.7369670779594227	76	46	61	35.34344130552001	1.0933179116299527	0	0	46
125	1.0	75.0	[3]	{1}	4.247213382197955	3.807768219947265	3.8368860529088735	0.0	0	633.9446085039526	133.94460850395262	9.137184958919955	208	158	183	134.15871418330624	5.429195252169242	0	0	158
187	1.0	75.0	[2]	{2}	2.408689390414632	2.3051765360277585	2.273544995004622	0.0	0	317.8946238476783	182.1053761523217	2.725112215243018	133	27	80	52.41856990781426	1.2428994057296754	0	0	27
435	1.0	75.0	[3]	{2}	1.4065251926855609	1.2341362069557913	1.1673057454843425	0.0	0	173.86246263049543	326.13753736950457	1.4810632623547093	61	11	36	23.21479940208793	1.1042097709713037	0	0	11
63	1.0	75.0	[1]	{1}	1.7615501771069773	1.6352320099497546	1.6352320099497546	0.0	0	487.3491746839136	12.650825316086411	0.20785274830263498	30	8	19	14.876349174683916	0.0	0	0	8
497	1.0	75.0	[1]	{0}	2.2249589934469984	1.6827974882086416	1.6827974882086416	0.0	0	504.5854239724577	4.585423972457704	0.5475598112357867	32	2	16	12.337000000000002	0.0	0	0	0
1	1.0	75.0	[1]	{0}	2.741064669638619	2.267066983687742	2.267066983687742	0.0	0	481.2680303584784	18.731969641521573	0.3009728044959669	116	8	62	48.03671151426433	0.0	0	0	8
312	1.0	75.0	[3]	{1}	0.8604171944855304	0.7243181609232319	0.7239390331324891	0.0	0	536.6751556284726	36.67515562847257	2.755179948472215	46	24	35	25.18727391060069	0.6393465536870264	0	0	24
374	1.0	75.0	[3]	{2}	3.131788238037899	2.535950040402111	2.549805301214827	0.0	0	151.96831547655165	348.03168452344835	2.6753419492570565	119	55	87	56.448130613116554	1.6475233247123826	0	0	55
250	1.0	75.0	[2]	{2}	1.500022949293222	1.267224542467488	1.2237012418133753	0.0	0	715.5999401584268	215.59994015842676	1.814234737500093	62	8	35	26.274400059841575	0.675560419923583	0	0	8
436	1.0	75.0	[3]	{2}	1.3640945802979951	1.0923731422195142	1.0778937554705714	0.0	0	323.21641920134425	176.78358079865575	1.5701284433079483	57	9	33	22.15967912642285	0.5204871522305665	0	0	9
126	1.0	75.0	[1]	{0}	1.8356808929610116	1.5781405008312845	1.5781405008312845	0.0	0	374.34137682430446	125.65862317569554	1.5144756068145713	54	12	33	25.319389637770133	0.0	0	0	12
188	1.0	75.0	[1]	{2}	2.9344861599400307	2.2443251794995502	2.2443251794995502	0.0	0	297.0323986373842	202.96760136261582	0.7614996105085897	25	1	13	9.024291587736457	0.0	0	0	1
498	1.0	75.0	[1]	{0}	1.9108131273116133	1.6920001131837161	1.6920001131837161	0.0	0	489.3448993097991	10.655100690200925	1.0527936095153947	86	8	47	35.16061832277663	0.0	0	0	8
64	1.0	75.0	[1]	{1}	4.899334028632282	4.016990358357148	4.016990358357148	0.0	0	547.8920929599553	47.892092959955335	0.01983322070054794	103	3	53	38.84367627887986	0.0	0	0	3
2	1.0	75.0	[1]	{1}	2.0874673609539727	1.782119484406611	1.782119484406611	0.0	0	403.6824563518167	96.31754364818329	0.0	3	1	2	1.348	0.0	0	0	1
313	1.0	75.0	[3]	{1}	2.4495846373485217	1.8963867676797705	1.9090241966709374	0.0	0	306.6002947743982	193.3997052256018	0.5787082097620952	97	19	58	41.70620648503675	0.640029328659936	0	0	19
375	1.0	75.0	[1]	{1}	4.251732211973449	3.86193876807739	3.86193876807739	0.0	0	235.56775017641485	264.43224982358515	0.4323765912358864	97	15	56	38.67530350599809	0.0	0	0	15
251	1.0	75.0	[1]	{1}	2.5294025620554614	2.1868419369908865	2.1868419369908865	0.0	0	534.3795681837946	34.37956818379462	0.6534014846204681	77	1	39	27.213343022713428	0.0	0	0	1
437	1.0	75.0	[1]	{2}	2.4386734112662394	2.156891233520991	2.156891233520991	0.0	0	427.0004848949611	72.99951510503888	0.379899887880649	122	24	73	51.29003151817248	0.0	0	0	24
189	1.0	75.0	[1]	{1}	1.920202916408879	1.4701071378197783	1.4701071378197783	0.0	0	683.7902548722923	183.79025487229228	1.1485480577240865	53	7	30	23.268	0.0	0	0	7
65	1.0	75.0	[3]	{2}	1.9642914559237639	1.5073831577622783	1.632178634827008	0.0	0	282.25093125365674	217.74906874634326	4.039992097093546	99	59	79	52.34629935644381	1.8447963512530836	0	0	59
127	1.0	75.0	[2]	{1}	4.073434542241665	3.4324037556333886	3.3797558323676684	0.0	0	956.9921875372528	456.9921875372528	0.5422390916615011	180	82	131	69.95699218276891	1.458243863878904	0	0	82
499	1.0	75.0	[3]	{2}	3.80749675430817	2.9573165646410406	2.982863495891193	0.0	0	934.3134805094452	434.3134805094452	0.5058032613773652	128	26	77	44.40187768892385	1.0767488511529189	0	0	26
3	1.0	75.0	[1]	{0}	3.2402878650194324	2.606708823422621	2.606708823422621	0.0	0	741.3839474320412	241.38394743204117	1.0415476122441203	15	3	9	6.038848157703876	0.0	0	0	3
314	1.0	75.0	[3]	{1}	3.546987467696624	3.2843230806486092	3.2783331649885303	0.0	0	599.8810220044106	99.88102200441062	10.541598516435915	178	164	171	127.12564014182796	5.004711022038021	0	0	164
376	1.0	75.0	[1]	{1}	0.8352736473694453	0.6798207853034088	0.6798207853034088	0.0	0	221.58785536885264	278.4121446311474	0.5881176352917642	33	13	22	14.897581396639346	0.0	0	0	11
252	1.0	75.0	[1]	{0}	5.169524410541154	4.013824427431008	4.013824427431008	0.0	0	571.0528371855617	71.05283718556166	0.2773500981126146	20	0	10	7.680682976886631	0.0	0	0	0
66	1.0	75.0	[3]	{0}	1.3735830466620922	1.2032705480179084	1.1684045288770217	0.0	0	350.70834099315107	149.29165900684893	2.126357829762893	66	14	41	30.37662511489726	1.339280932432065	0	0	16
190	1.0	75.0	[1]	{0}	4.619317856061473	3.8283122745009077	3.8283122745009077	0.0	0	773.604953661561	273.604953661561	0.9428090415820635	11	7	9	6.681765324369073	0.0	0	0	7
438	1.0	75.0	[1]	{2}	2.7315227625947336	2.129172894123728	2.129172894123728	0.0	0	429.6403268817812	70.35967311821878	0.936372376713772	100	10	55	42.49507901935466	0.0	0	0	10
128	1.0	75.0	[1]	{1}	3.3519806196717976	2.608952290601046	2.6089522906010454	0.0	0	628.7396512925625	128.73965129256248	0.11153358834284055	80	0	40	30.7830827896595	0.0	0	0	0
4	1.0	75.0	[1]	{1}	1.8652272916004076	1.326794332285526	1.326794332285526	0.0	0	356.0864659957588	143.91353400424123	0.31506301890630223	16	0	8	5.690518795974553	0.0	0	0	0
315	1.0	75.0	[1]	{2}	0.8649718681820566	0.6898696052511615	0.6898696052511615	0.0	0	637.2846288140863	137.28462881408632	nan	3	1	2	1.1944307423718274	0.0	0	0	1
377	1.0	75.0	[1]	{2}	1.738227346844186	1.4509982792953293	1.4509982792953293	0.0	0	983.7871638592331	483.78716385923315	0.22326689915298117	70	6	38	22.653236428786073	0.0	0	0	6
67	1.0	75.0	[1]	{2}	1.7451536997587438	1.5101668311952972	1.5101668311952972	0.0	0	143.24275287799537	356.7572471220046	0.5948118774794626	75	13	44	27.285282586339854	0.0	0	0	13
253	1.0	75.0	[1]	{2}	1.035399587521383	0.8968983932978425	0.8968983932978425	0.0	0	548.3240936882794	48.32409368827939	1.1587951199587323	46	0	23	17.423786782052368	0.0	0	0	0
439	1.0	75.0	[3]	{2}	2.1492918183540355	1.8929139309082812	1.898464670244426	0.0	0	435.3032747749239	64.69672522507608	6.90586293780453	116	82	98	74.78439345045015	2.377762747035228	0	0	80
191	1.0	75.0	[2]	{0}	2.944010023672642	2.509824124143993	2.541521104377367	0.0	0	412.0673157740384	87.93268422596162	2.861321274999377	142	46	93	66.6813755253125	1.4299847909822532	0	0	44
129	1.0	75.0	[2]	{0}	3.8469974787066366	3.3509622175979272	3.3178479965880183	0.0	0	694.6565622929484	194.65656229294837	1.7399205184626205	189	37	113	77.76293970675583	1.5644653869959653	0	0	37
5	1.0	75.0	[1]	{2}	3.3408315489965807	2.732846629177905	2.732846629177905	0.0	0	683.3074712194502	183.30747121945024	nan	0	0	0	0.0	0.0	0	0	0
316	1.0	75.0	[2]	{1}	1.4746107220783093	1.290002028877964	1.219952696594486	0.0	0	265.1516501791775	234.84834982082248	1.128681931499894	62	10	37	26.7893648516126	0.7809220832251444	0	0	12
440	1.0	75.0	[3]	{2}	2.431995077067299	2.142020553638301	2.159132105959967	0.0	0	221.4939866680652	278.5060133319348	3.293089542291954	127	83	105	68.98708508009649	2.7425268982363287	0	0	83
254	1.0	75.0	[1]	{1}	1.9854579676662647	1.6712767422708201	1.6712767422708201	0.0	0	119.71615301445128	380.28384698554873	0.7938841860374447	16	0	8	4.95772922411561	0.0	0	0	0
378	1.0	75.0	[1]	{2}	3.384080252869877	2.9060166557905456	2.9060166557905456	0.0	0	194.51023684814567	305.48976315185433	0.7421798229139397	131	9	70	44.5285118424073	0.0	0	0	9
68	1.0	75.0	[1]	{1}	3.3317445195822604	2.9262936882856296	2.9262936882856296	0.0	0	550.5524398759007	50.552439875900745	1.9633886790177602	107	13	60	43.13147560124099	0.0	0	0	13
130	1.0	75.0	[1]	{0}	0.824270937495706	0.7828115524705161	0.7828115524705161	0.0	0	720.9299353417009	220.9299353417009	0.7341546504977392	58	20	39	24.593592392357063	0.0	0	0	20
192	1.0	75.0	[1]	{1}	4.008834206678912	3.837196865093027	3.837196865093027	0.0	0	519.4698360282928	19.469836028292775	0.21430253618111922	219	13	116	89.41428524254636	0.0	0	0	13
6	1.0	75.0	[2]	{2}	3.6453232090829744	3.4276113152806182	3.3286318830191677	0.0	0	849.3100397754461	349.31003977544606	1.101700072369331	200	96	148	82.92621451098846	1.7893272421798394	0	0	96
317	1.0	75.0	[2]	{1}	2.5923737063942225	2.114386581004298	2.0403546742679066	0.0	0	228.36246574297547	271.6375342570245	1.0826399440566077	105	1	53	36.52923643803225	1.0167071332055544	0	0	1
379	1.0	75.0	[1]	{1}	2.659124214806915	1.905817433203965	1.9058174332039655	0.0	0	735.4071903973818	235.40719039738178	0.6679474875720741	28	4	16	9.82592809602618	0.0	0	0	4
441	1.0	75.0	[1]	{1}	4.860759879287369	4.030017025870731	4.030017025870731	0.0	0	767.5461617764086	267.54616177640855	0.13245323570650439	18	0	9	6.661361514670774	0.0	0	0	0
69	1.0	75.0	[1]	{2}	2.6113673860696536	2.2583703263357893	2.2583703263357893	0.0	0	610.9540855977684	110.95408559776843	0.20758087149213783	120	2	61	42.57241322962009	0.0	0	0	2
255	1.0	75.0	[2]	{1}	2.8546036422829104	2.325354321836217	2.318309670963292	0.0	0	931.701535359025	431.701535359025	0.6720215050322471	123	25	74	39.8532955955863	0.9073261862091899	0	0	25
193	1.0	75.0	[2]	{2}	0.784487555516724	0.6044425170696657	0.6105566139594506	0.0	0	92.50313742086291	407.4968625791371	0.44298119496145877	34	10	22	14.28305019873381	0.23331687046797203	0	0	10
131	1.0	75.0	[2]	{2}	1.171098062966915	0.9241724712728129	0.9278137381162681	0.0	0	194.43746306933463	305.5625369306654	0.25197631533948484	44	12	28	17.50962418752536	0.354181307666534	0	0	12
7	1.0	75.0	[1]	{1}	2.652287271066985	2.212354481294446	2.212354481294446	0.0	0	232.2542399633676	267.7457600366324	0.48989978717816496	103	5	54	35.8116441587545	0.0	0	0	5
318	1.0	75.0	[2]	{1}	4.10125874126068	3.3291073722768774	3.328770185799667	0.0	0	485.4671685025096	14.532831497490406	0.6137253213107672	172	22	97	74.26002258261292	1.301342520719159	0	0	22
442	1.0	75.0	[2]	{1}	1.446782595039768	1.1635429798367927	1.1703076203001022	0.0	0	551.3760442845523	51.376044284552336	1.2538710114557174	54	12	33	23.930119778577232	0.5785854802155966	0	0	12
380	1.0	75.0	[2]	{1}	1.5187188340578963	1.2734405121026866	1.2738387716078283	0.0	0	495.5565980635584	4.443401936441603	1.1733086428514934	77	9	43	32.978462167080494	0.6041087670962324	0	0	9
256	1.0	75.0	[3]	{2}	2.729569938987595	2.3210267500298793	2.3323359247882958	0.0	0	447.1717982087284	52.828201791271624	6.318762411246836	108	72	90	68.7443743856698	2.4953423377138026	0	0	72
70	1.0	75.0	[2]	{0}	1.655025387959337	1.3388654060041045	1.3426342708618526	0.0	0	894.3122818600386	394.31228186003864	1.727418408774886	71	23	47	29.50457188001834	0.5246796480636586	0	0	23
194	1.0	75.0	[1]	{2}	1.6063827030232511	1.3484362049769567	1.3484362049769567	0.0	0	403.1502383295447	96.84976167045528	1.8410894572536094	62	10	36	26.139901429977265	0.0	0	0	10
132	1.0	75.0	[1]	{2}	3.1831619548487695	2.854667181943015	2.854667181943015	0.0	0	607.4510486796498	107.45104867964983	0.07997334665926359	78	2	39	29.58754895132035	0.0	0	0	0
8	1.0	75.0	[2]	{0}	2.404907112761881	1.8097403477743987	1.9064267267867674	0.0	0	922.3254579119384	422.32545791193843	0.5049155125051281	85	31	58	31.821076188579198	0.9329112493234588	0	0	31
381	1.0	75.0	[3]	{1}	0.44562972435036546	0.3751387729275612	0.378082718215813	0.0	0	630.1420917734504	130.14209177345037	1.9518001458970664	17	7	12	7.998715816453099	0.3735044075406172	0	0	7
319	1.0	75.0	[1]	{2}	2.2025226397163	2.1407670813834163	2.1407670813834163	0.0	0	643.6436790972948	143.6436790972948	0.3904141546162289	104	2	52	42.303	0.0	0	0	0
443	1.0	75.0	[3]	{0}	2.5896339869189244	2.11770310821227	2.0289261888931254	0.0	0	876.6009251121432	376.60092511214316	0.5404572444618195	75	5	41	25.655573171747843	0.9293376693992077	0	0	7
257	1.0	75.0	[1]	{2}	4.441960354030099	3.45568830464198	3.45568830464198	0.0	0	902.5427475571632	402.54274755716324	1.125713075859807	76	6	41	23.68100383549929	0.0	0	0	6
71	1.0	75.0	[1]	{2}	0.3361071433676764	0.2909426408683516	0.2909426408683516	0.0	0	133.82057938724756	366.17942061275244	0.468292905790847	18	6	12	6.279564635097979	0.0	0	0	6
195	1.0	75.0	[1]	{0}	5.192410561618169	3.7980892333685343	3.7980892333685343	0.0	0	787.2280678711832	287.22806787118316	0.9847319278346618	43	7	25	18.74185966064408	0.0	0	0	7
133	1.0	75.0	[2]	{2}	4.8261927893616985	3.6270355622897554	3.807912264346866	0.0	0	62.541613820940256	437.45838617905974	0.9481343629561557	182	68	126	67.2266607479453	1.80828765983322	0	0	70
9	1.0	75.0	[3]	{0}	1.569122600557665	1.333766137402447	1.2463620519616714	0.0	0	915.8369400538504	415.8369400538504	1.574312616946025	57	27	42	29.494217918276796	0.7663491747123437	0	0	27
444	1.0	75.0	[1]	{0}	3.027336367997444	2.2963418483500595	2.2963418483500595	0.0	0	247.16099631041288	252.83900368958712	0.0	5	1	3	2.3608390036895868	0.0	0	0	1
382	1.0	75.0	[1]	{1}	2.5947028387756013	2.3379321659608916	2.3379321659608916	0.0	0	329.96769971214235	170.03230028785765	0.6797862715589363	127	25	76	49.342932781577126	0.0	0	0	25
320	1.0	75.0	[1]	{0}	1.859765871616024	1.5306516650413273	1.5306516650413273	0.0	0	377.5055054575205	122.49449454247952	0.42857142857142855	13	1	7	5.509527527287603	0.0	0	0	1
258	1.0	75.0	[3]	{2}	2.6852896334625758	2.0813690323285865	2.119542813065806	0.0	0	721.9457225874066	221.94572258740664	3.131014921374509	116	36	76	52.309628322377804	1.016600722832572	0	0	36
72	1.0	75.0	[1]	{1}	1.1243597821568174	0.921266320687496	0.921266320687496	0.0	0	338.30312406644225	161.69687593355775	1.2780193008453875	11	7	9	6.550303124066441	0.0	0	0	7
134	1.0	75.0	[3]	{0}	1.6576865728406824	1.2814063890473746	1.2992340298231546	0.0	0	184.26765617914495	315.732343820855	0.5912670920942146	71	17	44	29.018959060657767	0.5042172123773522	0	0	17
196	1.0	75.0	[2]	{1}	2.3234614194148757	2.1636964620014507	1.9487822753637722	0.0	0	835.9318431466818	335.9318431466818	0.9785773532856952	109	13	61	42.579976548746224	1.4268068940722773	0	0	13
10	1.0	75.0	[1]	{1}	2.94306240282339	2.226006487896975	2.226006487896975	0.0	0	74.65320313349366	425.34679686650634	0.6531972647421809	19	1	10	5.59122562506795	0.0	0	0	1
383	1.0	75.0	[3]	{1}	2.7709391841539923	2.2021370020760975	2.2324880268317338	0.0	0	383.44672229141	116.55327770858997	2.501303977059621	113	41	77	58.86606150186805	1.4946738392435788	0	0	41
321	1.0	75.0	[1]	{0}	3.052428736674817	2.1862613931939405	2.1862613931939405	0.0	0	734.2810686677694	234.28106866776943	0.12909944487358055	14	0	7	5.178156793996691	0.0	0	0	0
445	1.0	75.0	[2]	{0}	0.8759053377868298	0.709577551295627	0.7087590530519445	0.0	0	757.8509852755815	257.8509852755815	0.7006490497453707	32	4	18	12.116682265039534	0.27398069137635056	0	0	4
259	1.0	75.0	[1]	{2}	3.564343217768547	3.036648215938144	3.036648215938144	0.0	0	810.4094748850912	310.4094748850912	2.333533404787792	83	23	53	32.67148732879198	0.0	0	0	23
135	1.0	75.0	[3]	{1}	1.2441063292903634	1.1159179855418444	1.1161433229332662	0.0	0	437.8503875341266	62.14961246587342	5.581670724516368	71	59	65	48.47874806232934	1.4681343325270704	0	0	59
73	1.0	75.0	[1]	{1}	0.4713707586615638	0.3908832825992856	0.3908832825992856	0.0	0	727.7304159943014	227.73041599430144	1.9215378456610455	12	10	11	8.6232695840057	0.0	0	0	10
197	1.0	75.0	[3]	{0}	4.224146838408308	3.2368393579542403	3.240363721538965	0.0	0	578.6483492702246	78.64834927022457	2.7268164741779795	121	23	72	53.4414066029191	0.6228404081896146	0	0	23
11	1.0	75.0	[3]	{0}	1.685245415576007	1.3674121465617217	1.436280775833628	0.0	0	310.4503471404314	189.5496528595686	5.363020031970119	85	61	73	55.69995381854474	1.7421013597316968	0	0	61
384	1.0	75.0	[2]	{0}	1.320178186866056	1.0475679823486246	1.0484783922705947	0.0	0	467.8056426346302	32.1943573653698	0.4609404784364752	59	5	31	22.783695924788717	0.41666785435082193	0	0	3
446	1.0	75.0	[2]	{0}	2.0313260637456514	1.7618205435303502	1.7454586886850396	0.0	0	535.1774238515645	35.17742385156453	2.2877948939369377	102	30	66	51.64096786784381	1.1949193939668021	0	0	30
322	1.0	75.0	[1]	{1}	1.8743949679688179	1.7098788930770958	1.7098788930770958	0.0	0	412.7222744282335	87.2777255717665	0.9532176948249661	104	10	57	41.66350140956231	0.0	0	0	10
260	1.0	75.0	[1]	{1}	4.385103337995465	3.792976023095047	3.7929760230950476	0.0	0	495.0711326673627	4.92886733263731	1.0741723110591492	12	4	8	5.9115732039958235	0.0	0	0	4
198	1.0	75.0	[3]	{0}	3.2575521087066512	2.7970167916556545	2.7988720836557457	0.0	0	472.4227134138346	27.577286586165428	6.493574979496433	147	93	119	89.59964984755221	2.912940106489854	0	0	91
74	1.0	75.0	[1]	{0}	1.6649471659088726	1.2881306465100755	1.2881306465100755	0.0	0	675.4400907084346	175.44009070843458	1.2792042981336627	10	6	8	5.934	0.0	0	0	6
136	1.0	75.0	[1]	{1}	1.241882285840044	0.9846438692337518	0.9846438692337518	0.0	0	344.5322406478226	155.46775935217738	0.8249424200024327	32	2	17	13.124467759352177	0.0	0	0	2
12	1.0	75.0	[1]	{1}	3.7865539798554466	3.0378291754074707	3.03782917540747	0.0	0	672.5531821139157	172.55318211391568	0.8028555471680947	38	10	24	18.151680907316507	0.0	0	0	10
323	1.0	75.0	[3]	{1}	3.5984621912303623	2.9071590110977077	2.9720099936135873	0.0	0	632.5702844187617	132.57028441876173	5.493337018318769	172	90	131	96.4847749258056	2.6744886932318273	0	0	90
447	1.0	75.0	[2]	{1}	2.4351833591507743	2.2610113564012	2.246946378416032	0.0	0	558.840807992965	58.84080799296498	2.0917489563024447	152	10	81	64.313926055599	1.2683891116048152	0	0	10
261	1.0	75.0	[1]	{0}	2.2894754877159427	2.133937958087434	2.133937958087434	0.0	0	942.808994324878	442.808994324878	1.040660887336739	96	12	54	30.089168272405853	0.0	0	0	12
385	1.0	75.0	[2]	{1}	1.0876541286784525	0.983410540459319	1.0274303655869477	0.0	0	940.589526668191	440.58952666819096	nan	85	73	79	43.8024273932129	0.5835144940091869	0	0	73
75	1.0	75.0	[2]	{2}	2.0649417403978054	1.549422368747325	1.5632476005641522	0.0	0	184.80134708806872	315.1986529119313	0.1564260591113641	69	3	36	23.43502694176137	0.5746386938892182	0	0	3
199	1.0	75.0	[3]	{2}	0.9948495544918181	0.829168258032174	0.8393001836820456	0.0	0	768.974372651428	268.974372651428	3.0519066150405236	50	30	40	28.56541003757715	0.7829728822816495	0	0	30
137	1.0	75.0	[2]	{1}	2.3836738726114364	2.163686250659972	2.160192814018144	0.0	0	526.0938326828182	26.093832682818174	0.09496648640637743	114	4	59	44.068777529273184	1.1022356601227858	0	0	4
13	1.0	75.0	[1]	{1}	0.4551113069538171	0.3895786610580892	0.3895786610580892	0.0	0	515.327472705394	15.32747270539403	1.224744871391589	3	1	2	1.193	0.0	0	0	1
386	1.0	75.0	[3]	{0}	3.82884261217482	3.0299536721266973	3.3124210750962946	0.0	0	837.9833437502384	337.9833437502384	4.330771504357822	161	113	137	82.36584884372357	4.362056487848868	0	0	113
262	1.0	75.0	[1]	{1}	2.4307804550295553	2.073892935087322	2.073892935087322	0.0	0	658.0222295597196	158.02222955971956	0.9531587898641292	112	12	62	42.810021899372344	0.0	0	0	12
448	1.0	75.0	[1]	{2}	4.1231889010584615	3.347374956594323	3.347374956594323	0.0	0	184.28348656743765	315.71651343256235	0.5833506746057584	114	26	69	45.094457814939325	0.0	0	0	24
324	1.0	75.0	[2]	{0}	5.319591545648375	4.5825664238486485	4.699718373240572	0.0	0	762.3145366087556	262.3145366087556	0.13306104062652763	245	103	174	115.1204485819042	2.486531282140555	0	0	103
200	1.0	75.0	[2]	{0}	3.037369489599044	2.630454588575579	2.6238750195576226	0.0	0	518.5510988812894	18.551098881289363	4.20911845206409	136	38	87	63.7324928563703	1.4598630119398475	0	0	38
138	1.0	75.0	[1]	{2}	2.269207152847284	1.6506756789567154	1.6506756789567154	0.0	0	497.9093102738261	2.0906897261738777	0.6982972487551756	29	3	16	11.930999999999997	0.0	0	0	3
76	1.0	75.0	[2]	{1}	4.957834823351539	4.080673418412491	4.044494434506507	0.0	0	71.56592607498169	428.4340739250183	0.6692980681416032	208	74	141	78.52400446367263	1.650021715976961	0	0	74
14	1.0	75.0	[2]	{2}	1.4704905566559656	1.2254503793740035	1.1677556238976572	0.0	0	158.12371484935284	341.87628515064716	0.2887082756470539	66	8	37	22.71683516032993	0.6012695078231284	0	0	8
263	1.0	75.0	[3]	{0}	1.0565468883045628	0.8755828844430132	0.8571190964473558	0.0	0	585.9089207369834	85.90892073698342	2.8360275226416864	51	23	37	28.305091079263015	0.7325942674285101	0	0	23
387	1.0	75.0	[1]	{2}	0.5462412872217808	0.5057149698157182	0.5057149698157182	0.0	0	169.45019317790866	330.54980682209134	nan	2	2	2	1.4039003863558173	0.0	0	0	2
325	1.0	75.0	[3]	{1}	5.283491644343766	4.730513138470402	4.741314262590979	0.0	0	454.6610221732408	45.33897782675922	10.534005609753194	241	181	212	158.4382543104254	6.467794663278969	0	0	183
139	1.0	75.0	[3]	{0}	3.9741079472035734	3.497294145280449	3.5163148585706834	0.0	0	340.3968804050237	159.6031195949763	7.922967828014139	199	141	169	124.28185961822608	4.405046257476099	0	0	139
201	1.0	75.0	[1]	{2}	0.6178858714136509	0.46359801391291156	0.46359801391291156	0.0	0	340.72065772488713	159.27934227511287	0.253546276418555	19	1	10	7.7988826308995485	0.0	0	0	1
77	1.0	75.0	[1]	{0}	2.4722853231933852	1.783243524024294	1.783243524024294	0.0	0	664.2760476097465	164.27604760974646	1.3477584712953035	33	1	17	11.548067666731773	0.0	0	0	1
15	1.0	75.0	[3]	{1}	1.392507644848887	1.2099293677835639	1.1446791278269264	0.0	0	864.8410537280142	364.84105372801423	1.0311406823971065	67	11	39	22.661927334431564	0.9812328160096261	0	0	11
202	1.0	75.0	[3]	{0}	3.2799540956956212	2.7252338377528544	2.681877911824707	0.0	0	235.6802567373961	264.3197432626039	2.7825373198471905	133	59	95	64.70169309360718	1.939327049874421	0	0	57
449	1.0	75.0	[1]	{2}	2.7345439790747137	2.490929995569142	2.490929995569142	0.0	0	364.1714178957045	135.8285821042955	1.8733223452830028	147	33	90	64.92897074532507	0.0	0	0	33
388	1.0	75.0	[1]	{0}	3.372135079396882	2.2902836982567525	2.2902836982567525	0.0	0	275.684610940516	224.315389059484	nan	1	1	1	0.937684610940516	0.0	0	0	1
78	1.0	75.0	[1]	{1}	1.6944053754970378	1.2775954874316213	1.2775954874316213	0.0	0	356.6989859100431	143.30101408995688	1.1547005383792517	5	3	4	3.033	0.0	0	0	3
140	1.0	75.0	[1]	{0}	3.8717175451444232	2.750290452251373	2.750290452251373	0.0	0	940.1627932675184	440.1627932675184	2.3849366250099835	44	4	24	13.455418548114597	0.0	0	0	4
326	1.0	75.0	[1]	{0}	3.079158288150505	2.502818568533225	2.502818568533225	0.0	0	616.7046343907714	116.70463439077139	0.29250354875240664	109	13	61	44.45156560266764	0.0	0	0	13
264	1.0	75.0	[1]	{0}	1.2749373562179827	1.1730511655973457	1.1730511655973457	0.0	0	168.37387392297387	331.62612607702613	1.2309149097933272	23	3	13	8.469121621768922	0.0	0	0	3
450	1.0	75.0	[1]	{0}	1.8803394496304722	1.4656624307770278	1.4656624307770278	0.0	0	68.49438510835171	431.5056148916483	1.709408646894569	10	4	7	3.6744606957584622	0.0	0	0	4
16	1.0	75.0	[1]	{1}	2.333584018339736	1.7217460005468541	1.7217460005468541	0.0	0	367.12869722396135	132.87130277603865	0.8603834844182797	18	2	10	6.829257394447923	0.0	0	0	2
389	1.0	75.0	[2]	{0}	0.4770895570465414	0.3525125526789254	0.38221292399299556	0.0	0	190.53126173093915	309.46873826906085	1.1338934190276817	20	14	17	10.487031449425967	0.23964026685488354	0	0	14
203	1.0	75.0	[1]	{2}	3.345061451931234	2.4308030699571317	2.4308030699571317	0.0	0	403.57659105211496	96.42340894788504	0.9165342137830781	38	4	21	14.908189319469034	0.0	0	0	4
79	1.0	75.0	[2]	{2}	1.3452829361963934	1.076652346784925	1.047443057514597	0.0	0	93.34845026023686	406.65154973976314	0.3830979723196765	57	1	29	18.094317455464978	0.44663038064815747	0	0	1
141	1.0	75.0	[1]	{0}	5.091312998031324	3.8707837802994867	3.8707837802994876	0.0	0	560.2355054579675	60.23550545796752	1.3210572688919688	31	3	17	12.270764494542034	0.0	0	0	3
265	1.0	75.0	[1]	{2}	2.3041750597392547	1.67078900027616	1.67078900027616	0.0	0	348.84403832256794	151.15596167743206	0.5948760803902003	34	2	18	13.563376153290271	0.0	0	0	2
327	1.0	75.0	[2]	{2}	1.524155310669287	1.1354746641345232	1.257329441967151	0.0	0	767.3413523007184	267.3413523007184	3.7463548953859234	66	48	57	38.60232185106911	0.9510539915063705	0	0	48
451	1.0	75.0	[1]	{0}	0.856001036060948	0.7469846387762102	0.7469846387762102	0.0	0	45.95530219376087	454.0446978062391	1.5491933384829668	4	0	2	1.2319106043875219	0.0	0	0	0
17	1.0	75.0	[2]	{2}	1.345806831561151	1.1927551701490668	1.1934101369740362	0.0	0	544.8012454435229	44.80124544352293	0.8166016033194303	91	3	47	35.66583860874921	0.5351261099735167	0	0	3
390	1.0	75.0	[3]	{0}	0.8423513106368359	0.6874771203307192	0.6672116492819287	0.0	0	319.27530094981194	180.72469905018806	0.7014723744122017	30	0	15	11.326724699050189	0.39571981540131235	0	0	0
204	1.0	75.0	[1]	{0}	1.0329024517653005	0.7580572971865427	0.7580572971865425	0.0	0	35.09667096659541	464.9033290334046	0.28867513459481287	17	1	9	4.587870038699359	0.0	0	0	1
80	1.0	75.0	[3]	{0}	1.54106336514386	1.249513147068712	1.2531589322854575	0.0	0	350.6963234394789	149.30367656052113	2.3772328988535247	58	20	39	27.87587426407635	0.8033098571078573	0	0	20
142	1.0	75.0	[3]	{1}	4.902119853502601	4.319813129492291	4.363366918993003	0.0	0	166.39126208610833	333.6087379138917	4.316635629790561	264	180	222	143.1396019337773	5.624769734332018	0	0	180
266	1.0	75.0	[2]	{2}	1.997097755303448	1.7305801565719676	1.7528435474006274	0.0	0	86.57118631526828	413.4288136847317	0.8122955416108235	92	64	78	42.70841015996036	0.8081452725412798	0	0	64
328	1.0	75.0	[1]	{0}	2.231117351470172	1.6489826004715258	1.6489826004715258	0.0	0	210.1315977051854	289.8684022948146	0.8028965419920907	31	7	19	12.674973965577779	0.0	0	0	7
452	1.0	75.0	[1]	{1}	1.087238877611344	0.7788586169123821	0.7788586169123821	0.0	0	682.1040799841285	182.10407998412848	0.0	5	1	3	2.4858959200158717	0.0	0	0	1
18	1.0	75.0	[2]	{0}	1.128700079138554	1.0215838736716907	1.0053075050939424	0.0	0	270.0539967045188	229.9460032954812	1.7287858644065064	58	22	40	27.04715986818075	0.5117409031338553	0	0	22
391	1.0	75.0	[1]	{0}	2.7392279368435473	1.858524064600135	1.858524064600135	0.0	0	611.9039091281593	111.90390912815928	1.0	2	2	2	1.3199999999999998	0.0	0	0	2
81	1.0	75.0	[3]	{0}	4.467577519642589	3.523198895183259	3.869086165650577	0.0	0	925.6587843410672	425.6587843410672	3.353031211386274	196	168	182	102.05795936806496	4.95981702392343	0	0	168
205	1.0	75.0	[1]	{0}	2.9488870771594526	2.929617979650943	2.929617979650943	0.0	0	583.8664926122874	83.8664926122874	0.42537325771252166	190	34	112	78.30361775354669	0.0	0	0	34
143	1.0	75.0	[1]	{1}	1.7481684843530083	1.4900516902886702	1.4900516902886702	0.0	0	944.589832564816	444.589832564816	1.3694735760349213	47	3	25	14.199254185879603	0.0	0	0	3
329	1.0	75.0	[1]	{1}	4.64578025510048	4.084417526649055	4.084417526649055	0.0	0	269.0713773481548	230.92862265184522	1.7631236046990442	26	0	13	9.135071377348154	0.0	0	0	0
267	1.0	75.0	[3]	{2}	5.043122200745726	4.512352701288963	4.5606397795283975	0.0	0	657.8994914889336	157.89949148893356	9.628501811391423	238	182	210	151.89823661279678	6.532193985183291	0	0	182
453	1.0	75.0	[2]	{0}	3.2716271728812223	2.665098159319801	2.8671790784366284	0.0	0	159.72835710272193	340.27164289727807	1.28971360749241	152	96	124	75.1792058528885	1.8252466552812916	0	0	96
19	1.0	75.0	[1]	{0}	2.8861987398130258	2.547059544406833	2.5470595444068325	0.0	0	77.28641899302602	422.713581006974	0.9261263000607003	149	95	122	64.29379744117708	0.0	0	0	95
392	1.0	75.0	[1]	{2}	3.1298507223129697	2.9896923705287675	2.9896923705287675	0.0	0	660.9300258569419	160.93002585694194	1.0386896411611926	61	11	36	26.489699741430577	0.0	0	0	11
82	1.0	75.0	[2]	{1}	3.312075160679733	3.088880370458154	2.819712663956055	0.0	0	971.1345655377954	471.1345655377954	0.05587725848219872	156	40	99	48.34467801175824	1.7349931871708426	0	0	42
206	1.0	75.0	[1]	{0}	1.3380448478364804	1.0829826840005117	1.0829826840005117	0.0	0	185.8671335503459	314.1328664496541	1.1320835321293155	18	4	11	5.269804201953113	0.0	0	0	4
330	1.0	75.0	[1]	{0}	2.616639699960036	2.2694049943462513	2.2694049943462513	0.0	0	944.7556403465568	444.7556403465568	0.040360367639778745	84	6	45	25.547530026484292	0.0	0	0	6
144	1.0	75.0	[2]	{2}	2.1680513742729968	1.9449366894662523	1.9820487969151155	0.0	0	20.082421135157347	479.91757886484265	0.2679359127876376	135	115	124	66.90922022075951	0.9753532787143856	0	0	113
268	1.0	75.0	[1]	{1}	1.374691357989176	1.0625670349519654	1.0625670349519654	0.0	0	670.7468442618847	170.7468442618847	0.5629262517526437	35	1	18	12.408012622952462	0.0	0	0	1
454	1.0	75.0	[2]	{1}	1.2081430353750267	1.1791441511209741	1.1335645115432516	0.0	0	989.0425254125148	489.0425254125148	1.6447954622615104	70	48	60	32.31144847524911	0.6226947855389366	0	0	50
20	1.0	75.0	[1]	{1}	1.7165797642928138	1.4701079650908935	1.4701079650908935	0.0	0	964.4524522591382	464.4524522591382	0.8660254037844387	74	32	53	31.5637347438205	0.0	0	0	32
393	1.0	75.0	[3]	{0}	1.1350431723761794	1.065842517152714	1.0525711504120099	0.0	0	605.45241413638	105.45241413637996	6.551497547515573	80	60	70	52.54928551518174	1.7361618799684506	0	0	60
83	1.0	75.0	[3]	{2}	1.361168495817246	1.107623444135391	1.0896255694979808	0.0	0	787.5372623093426	287.5372623093426	1.7893096320301913	64	16	40	27.723180229194462	0.6125867715867434	0	0	16
207	1.0	75.0	[1]	{0}	7.4951148441860855	5.903532500920095	5.903532500920095	0.0	0	22.742420434951782	477.2575795650482	0.5773502691896257	17	1	9	4.883681783914566	0.0	0	0	1
145	1.0	75.0	[1]	{1}	2.100087149183092	1.628939322475356	1.628939322475356	0.0	0	34.44140264764428	465.5585973523557	0.0	9	1	5	4.213441402647644	0.0	0	0	1
331	1.0	75.0	[2]	{2}	2.568327712846759	2.06198891738679	2.0244269129221593	0.0	0	257.4933632276952	242.50663677230477	0.19479253468650257	96	2	49	36.97942699550465	0.895153681203202	0	0	2
269	1.0	75.0	[1]	{0}	2.1513937515881585	1.4892250083811438	1.4892250083811438	0.0	0	750.3246758133173	250.3246758133173	2.32379000772445	14	4	9	5.961675324186683	0.0	0	0	4
455	1.0	75.0	[2]	{2}	0.5223877068456925	0.45814062231120056	0.4577039501163417	0.0	0	507.7861889731139	7.7861889731138945	0.8738628975053029	27	3	15	11.070075700758025	0.25259301432710757	0	0	3
21	1.0	75.0	[1]	{2}	2.949528440736234	2.6740331852245447	2.6740331852245447	0.0	0	320.45025774277747	179.54974225722253	0.5354662499486456	117	1	60	40.51401030971109	0.0	0	0	3
394	1.0	75.0	[3]	{1}	0.5609492414961404	0.5067523353972367	0.4666264099897752	0.0	0	92.663602437824	407.336397562176	2.159014714589765	27	13	20	12.344290434129535	0.46582390841149757	0	0	13
84	1.0	75.0	[1]	{1}	0.8515359957153393	0.696172818083157	0.696172818083157	0.0	0	349.33639084920287	150.66360915079713	1.3578057164544433	10	2	6	4.542000000000001	0.0	0	0	2
208	1.0	75.0	[1]	{1}	4.004654472651171	3.369061677460029	3.369061677460029	0.0	0	444.7768640238792	55.22313597612077	0.3759979708100776	139	1	70	52.20030592071636	0.0	0	0	1
146	1.0	75.0	[2]	{0}	2.062781298396018	1.580594261363151	1.6538260578345354	0.0	0	683.8677991181612	183.8677991181612	4.380187395301314	93	51	72	49.00002363350986	1.020720463565164	0	0	51
270	1.0	75.0	[2]	{2}	1.655753230944486	1.3503985908595675	1.3559710205338327	0.0	0	825.8971902541816	325.8971902541816	0.554643312648581	68	24	46	30.44231800932437	0.5451931400028722	0	0	24
332	1.0	75.0	[1]	{0}	2.237147861383601	2.0644879932637066	2.0644879932637066	0.0	0	976.715575903654	476.715575903654	1.10341078676742	66	2	33	20.06381714698672	0.0	0	0	0
456	1.0	75.0	[1]	{0}	0.9527480796627353	0.7961917647635611	0.7961917647635613	0.0	0	986.4730457775296	486.4730457775296	0.4823819106188661	29	5	17	9.259904313337056	0.0	0	0	5
22	1.0	75.0	[2]	{1}	2.349447867548041	1.9630084120854077	1.9821926723899208	0.0	0	563.8862373307347	63.88623733073473	4.047668790984439	105	51	78	58.38477803210915	1.10775658003623	0	0	51
395	1.0	75.0	[1]	{0}	4.61851657361309	3.6724132866420494	3.6724132866420494	0.0	0	838.3705185260624	338.37051852606237	1.6507094416650836	107	1	54	33.139402370113885	0.0	0	0	1
85	1.0	75.0	[3]	{0}	1.3821138590688955	1.0848255535437619	1.0858267439567084	0.0	0	664.5911813247949	164.5911813247949	1.9140386898302388	60	22	41	29.830949917478485	0.40001368943954835	0	0	22
209	1.0	75.0	[1]	{2}	1.1775493862960842	0.8750067583333474	0.8750067583333476	0.0	0	918.5466128401458	418.5466128401458	1.4347011350587187	34	4	19	8.76370758171752	0.0	0	0	4
147	1.0	75.0	[1]	{2}	2.229402330477028	1.8664170092552603	1.8664170092552603	0.0	0	227.51314169727263	272.48685830272734	0.15292607276462478	103	9	56	38.69139425091818	0.0	0	0	9
333	1.0	75.0	[1]	{2}	3.3490438526583985	2.618222652543903	2.618222652543903	0.0	0	813.5183909907937	313.5183909907937	0.7102152206043415	73	11	42	28.658411488294607	0.0	0	0	11
271	1.0	75.0	[2]	{1}	1.6528145026399068	1.36866287060954	1.3394965546001227	0.0	0	676.9232975784689	176.92329757846892	1.7841177532024575	69	5	37	26.381536916950726	0.677942188166522	0	0	5
457	1.0	75.0	[2]	{0}	1.4327123243200064	1.2488847852261178	1.134171531705764	0.0	0	997.61050241068	497.61050241068006	0.15844022779939435	54	10	32	17.320463922858238	0.6483435697437554	0	0	10
23	1.0	75.0	[1]	{0}	1.0866109335748524	0.8991403979979361	0.8991403979979361	0.0	0	356.65869037620723	143.34130962379277	0.49943121380307287	34	4	19	15.200341309623791	0.0	0	0	4
396	1.0	75.0	[1]	{0}	2.521904685579191	2.101854209805273	2.101854209805273	0.0	0	583.6325020063668	83.63250200636685	1.5209829409198645	113	15	64	46.72061496388539	0.0	0	0	15
86	1.0	75.0	[1]	{0}	2.8627279409848585	2.1512478234255656	2.1512478234255656	0.0	0	680.7476044632494	180.74760446324944	0.11856321435228057	48	4	26	17.763543119661513	0.0	0	0	4
210	1.0	75.0	[2]	{0}	0.7078897711491063	0.5373956409605248	0.5546582176228575	0.0	0	216.9871563091874	283.0128436908126	0.6415029025857747	27	3	15	9.307884406782687	0.26170906792095505	0	0	3
334	1.0	75.0	[1]	{0}	4.396354744749384	2.983077255811505	2.983077255811505	0.0	0	243.27610665932295	256.723893340677	1.3333333333333333	8	4	6	3.920552213318646	0.0	0	0	4
148	1.0	75.0	[1]	{1}	0.8837054859031639	0.8203474499562735	0.8203474499562735	0.0	0	693.3098980225623	193.30989802256227	0.4057513356003445	40	20	30	19.78970305932313	0.0	0	0	20
272	1.0	75.0	[1]	{2}	2.022831249841797	1.4594061289214206	1.4594061289214206	0.0	0	560.9225137159228	60.92251371592283	0.6086445426287076	41	1	21	16.56854240398854	0.0	0	0	1
458	1.0	75.0	[1]	{2}	3.2012821614159073	2.5582023205540256	2.5582023205540256	0.0	0	329.57969256676733	170.42030743323267	1.9002923751652299	38	10	24	17.395478155400607	0.0	0	0	10
24	1.0	75.0	[1]	{1}	4.018971146337028	2.9200297164841773	2.9200297164841778	0.0	0	922.375560272485	422.375560272485	nan	2	2	2	1.2582488794550302	0.0	0	0	2
397	1.0	75.0	[3]	{1}	1.6664625216062219	1.3927035318113492	1.4845631578971594	0.0	0	969.43618520163	469.43618520163	1.2018157472227462	92	84	88	48.06523281346635	2.073410886284548	0	0	84
87	1.0	75.0	[1]	{2}	2.3349804765950055	1.8130265275696236	1.8130265275696233	0.0	0	775.5422336049378	275.5422336049378	0.17557706052814978	67	3	35	25.734866495925935	0.0	0	0	3
211	1.0	75.0	[1]	{0}	2.19038946836975	1.687598012464357	1.687598012464357	0.0	0	540.8515776507556	40.851577650755644	0.1654758480803738	82	0	41	30.924257888253784	0.0	0	0	0
335	1.0	75.0	[1]	{1}	2.6293927996261166	2.242028655256145	2.242028655256145	0.0	0	411.3698983564973	88.63010164350271	0.0	3	1	2	1.373	0.0	0	0	1
273	1.0	75.0	[2]	{2}	1.8838719677424338	1.6250183596022625	1.5450362609076382	0.0	0	49.75590691901744	450.24409308098257	0.05028894382907265	72	24	48	24.867771718274795	0.780741916146694	0	0	24
149	1.0	75.0	[2]	{2}	3.2803105521840434	2.453203011836676	2.569380797247013	0.0	0	987.587954616174	487.587954616174	1.6834595761640114	119	47	83	41.9853756760899	1.167495938441636	0	0	47
459	1.0	75.0	[3]	{0}	2.456483623768209	2.1434279763108828	2.050319920777701	0.0	0	662.652414990589	162.65241499058902	4.3535546300951555	106	46	76	56.61769517001885	2.236093363583193	0	0	46
25	1.0	75.0	[2]	{0}	1.9715222779955526	1.5696480722147275	1.6694687576115386	0.0	0	847.8564559482038	347.8564559482038	0.3988588733358699	81	35	59	34.9198949228488	0.9706670344587703	0	0	37
398	1.0	75.0	[1]	{2}	0.3202613366168062	0.24911103025870834	0.24911103025870834	0.0	0	848.4686720184982	348.4686720184982	1.721892064184557	18	6	12	8.715125311926007	0.0	0	0	6
88	1.0	75.0	[1]	{1}	2.220353461674944	1.8966032222845277	1.8966032222845277	0.0	0	824.679596349597	324.679596349597	0.49236596391733095	89	1	45	30.851010091260076	0.0	0	0	1
336	1.0	75.0	[2]	{2}	2.2702733393513985	1.9956695928409334	1.9673906950699107	0.0	0	250.3586285747588	249.6413714252412	1.456160824952766	100	8	54	34.9264969144389	0.9455321155183525	0	0	8
150	1.0	75.0	[1]	{2}	2.0610967144987162	1.8764375934717794	1.8764375934717794	0.0	0	799.7763371095061	299.77633710950613	1.4172846052130508	34	6	20	13.066473257809875	0.0	0	0	6
274	1.0	75.0	[1]	{2}	1.3348396606001838	1.1193312111180924	1.1193312111180924	0.0	0	506.0439351946116	6.043935194611606	0.6622661785325219	18	0	9	6.431956064805389	0.0	0	0	0
212	1.0	75.0	[2]	{2}	5.979550548102404	5.809276483875405	5.804250105727133	0.0	0	447.14133138768375	52.85866861231625	1.533284307123827	313	21	167	119.30747169064173	2.909565727459496	0	0	21
460	1.0	75.0	[3]	{2}	3.263722252947668	3.0364510091536525	3.0544734537320224	0.0	0	958.5999241098762	458.59992410987616	3.131746391526057	189	161	175	97.62481191474943	4.892752951160057	0	0	161
26	1.0	75.0	[3]	{0}	1.7085465031876284	1.426744178679099	1.4203784726881352	0.0	0	86.6455074865371	413.3544925134629	1.4839335266106637	85	39	62	35.251857404273004	1.1271488756144588	0	0	39
399	1.0	75.0	[1]	{0}	2.3647105785852935	2.2024206822077086	2.2024206822077086	0.0	0	762.6967716496438	262.6967716496438	1.2854101642779407	100	22	61	43.99003881906532	0.0	0	0	22
89	1.0	75.0	[1]	{0}	2.0715631438761006	1.9389617568584858	1.9389617568584858	0.0	0	532.0904576219618	32.09045762196183	0.07948588753990432	65	5	35	26.26136679664627	0.0	0	0	5
213	1.0	75.0	[3]	{1}	1.0813790527915552	0.9306115002190327	0.9339124344335117	0.0	0	603.1555109657347	103.15551096573472	3.525488075702897	48	32	40	29.591200802616772	1.015024750243982	0	0	32
337	1.0	75.0	[1]	{2}	4.154612386179438	2.9906035241671587	2.9906035241671587	0.0	0	743.2127152569592	243.2127152569592	0.2533593918376833	28	2	15	11.759510993201287	0.0	0	0	2
275	1.0	75.0	[2]	{2}	1.465117555212607	1.2234089410328988	1.2402532909550068	0.0	0	905.3115465212612	405.3115465212612	0.40314172923111635	72	26	49	27.509603499585776	0.5492535315081435	0	0	26
461	1.0	75.0	[3]	{1}	2.910367068133225	2.274319451173686	2.292954552698521	0.0	0	636.0693706665188	136.0693706665188	4.962065337454344	112	52	82	59.21105762133748	1.0183869613734462	0	0	52
27	1.0	75.0	[3]	{0}	3.88438710497101	3.3038234592668414	3.269226786549551	0.0	0	226.25276702456176	273.74723297543824	3.079741028853693	174	76	124	80.34772689601412	2.973873479625626	0	0	74
151	1.0	75.0	[1]	{0}	2.9798210158281195	2.416276523505333	2.416276523505333	0.0	0	30.297512421384454	469.70248757861555	0.3940416439975616	30	2	16	8.63916517389938	0.0	0	0	2
400	1.0	75.0	[3]	{2}	1.4977496660496576	1.136985970646209	1.1399023553880123	0.0	0	606.3757357187569	106.37573571875691	1.1649220910691278	45	5	25	18.65487279284373	0.16013672996877482	0	0	5
90	1.0	75.0	[3]	{0}	2.3949377170988266	1.9613281653463204	1.9304062867382745	0.0	0	151.3242453802377	348.6757546197623	1.447876634670926	94	32	62	37.54656377825141	1.1623077560956985	0	0	30
214	1.0	75.0	[1]	{0}	1.581781233791806	1.11399327776137	1.11399327776137	0.0	0	407.8739420510829	92.1260579489171	0.5163977794943222	9	1	5	4.304126057948917	0.0	0	0	1
338	1.0	75.0	[2]	{2}	1.9241679966265797	1.830476353268887	1.813153529844846	0.0	0	755.0338993314654	255.03389933146536	1.3977011478744241	114	44	79	50.14338975147717	0.9189931427434395	0	0	44
276	1.0	75.0	[2]	{1}	0.8200959683128697	0.6944983455381628	0.6847655770158121	0.0	0	362.3037599027157	137.69624009728432	0.10595570407774764	36	0	18	11.951252638638021	0.34540048525697886	0	0	0
462	1.0	75.0	[2]	{1}	2.502708084695848	1.8130127975563557	2.016814593776342	0.0	0	995.8004229702055	495.80042297020555	0.635733047437982	80	36	58	34.55957546772808	1.176516667514535	0	0	36
28	1.0	75.0	[3]	{0}	2.275690742893091	1.6829014939237141	1.864558637498047	0.0	0	940.6255742069334	440.6255742069334	0.7593765618579984	85	65	75	39.53558423130775	1.6745956368850494	0	0	65
152	1.0	75.0	[2]	{2}	3.71655195821855	3.1804497332095085	3.1649418974601398	0.0	0	309.4008865300566	190.5991134699434	0.5277268806487933	152	50	101	69.99386826281436	1.388029548364886	0	0	50
401	1.0	75.0	[1]	{2}	2.9838155247983345	2.764864856139594	2.764864856139594	0.0	0	641.8377729132771	141.83777291327715	2.2339531300187447	163	43	102	68.86630262111129	0.0	0	0	41
91	1.0	75.0	[1]	{1}	2.489060897412618	2.2705334067357024	2.2705334067357024	0.0	0	548.7159355543554	48.71593555435538	0.4918039246078255	140	8	74	59.565092391043905	0.0	0	0	8
215	1.0	75.0	[1]	{0}	1.6410220409515301	1.5223414669388413	1.5223414669388413	0.0	0	852.5541082490236	352.55410824902356	1.574334593332912	84	32	58	29.108402804046868	0.0	0	0	32
277	1.0	75.0	[2]	{2}	1.6451389760747097	1.3332468891648679	1.3199095161153576	0.0	0	588.8674731831998	88.86747318319976	1.5579616754090402	67	3	35	25.258807258648805	0.6474216335492764	0	0	3
29	1.0	75.0	[3]	{1}	2.319354767507961	1.8145089697346837	1.8099224799931568	0.0	0	330.10883489623666	169.89116510376334	3.1773004414499577	95	29	63	45.48585019323602	0.5902478697061655	0	0	31
339	1.0	75.0	[1]	{1}	4.996682976724391	3.8416362192261735	3.8416362192261735	0.0	0	522.5481507368386	22.54815073683858	0.5501842443243015	79	1	40	29.72990369852632	0.0	0	0	1
463	1.0	75.0	[1]	{1}	4.027275191740837	2.9368202711257214	2.9368202711257214	0.0	0	485.5895368382335	14.410463161766472	1.0256451881367414	10	2	6	4.563820926323533	0.0	0	0	2
153	1.0	75.0	[3]	{0}	2.890319396684507	2.207156458150833	2.367187057718478	0.0	0	27.325412491336465	472.67458750866354	2.7843523574193276	127	79	103	52.3442158366423	1.934144082745898	0	0	79
402	1.0	75.0	[1]	{0}	1.3559449501816272	1.109209716146342	1.109209716146342	0.0	0	345.6803292501718	154.31967074982822	0.8732726046411893	31	1	16	11.32808197550103	0.0	0	0	1
92	1.0	75.0	[2]	{0}	2.85501220633646	2.4940019713469495	2.5004564398253857	0.0	0	972.4061461165549	472.40614611655485	0.18000591724678625	138	78	108	54.630136219412066	1.0866133013147827	0	0	78
216	1.0	75.0	[1]	{1}	1.2130601392167961	1.0857846936260536	1.0857846936260536	0.0	0	89.39735079184175	410.60264920815825	2.2162071369964664	47	5	26	17.48674171742052	0.0	0	0	5
30	1.0	75.0	[1]	{2}	1.8710628030699168	1.4710530771303343	1.4710530771303343	0.0	0	42.24586556665599	457.754134433344	0.1819736112280039	57	19	37	20.738113563699642	0.0	0	0	17
340	1.0	75.0	[1]	{2}	3.0651897506221717	2.2122493921292854	2.2122493921292854	0.0	0	732.6889578253031	232.68895782530308	0.2279211529192759	32	4	18	12.430732506096364	0.0	0	0	4
278	1.0	75.0	[2]	{1}	1.9532241798704437	1.5319014573915803	1.6164692155818148	0.0	0	78.57862650416791	421.4213734958321	0.24652229432677783	92	48	70	33.08334660228342	0.8405298098266005	0	0	48
464	1.0	75.0	[1]	{0}	5.505137022776312	5.039770375186986	5.039770375186986	0.0	0	302.6829652953893	197.3170347046107	0.4254419284430895	121	1	61	43.64097634061239	0.0	0	0	1
154	1.0	75.0	[1]	{2}	2.659730371121796	1.9313273474536023	1.9313273474536023	0.0	0	932.5990178622304	432.5990178622304	1.0606601717798212	7	1	4	2.0016039285510785	0.0	0	0	1
403	1.0	75.0	[2]	{0}	3.8046337289434806	3.0258541008765905	3.031038703456084	0.0	0	509.69662610441446	9.696626104414463	4.102834798637761	149	47	98	72.3968539823294	1.6634029253400395	0	0	47
93	1.0	75.0	[2]	{1}	2.9549455647451475	2.3391681201215238	2.292945001462005	0.0	0	746.7676361557096	246.76763615570962	1.6597176991121274	101	9	55	37.577414913041515	1.0027865662202338	0	0	9
217	1.0	75.0	[3]	{0}	0.6918045933238672	0.5412893983675631	0.5411782168773603	0.0	0	412.4554719310254	87.54452806897461	1.9673677120166717	15	5	9	6.3114554719310245	0.17986817438523273	0	0	3
341	1.0	75.0	[3]	{2}	3.4811524459765613	2.8662737622457053	2.8969594902351687	0.0	0	330.7360934559256	169.26390654407442	3.8388847356532807	131	61	96	67.89291592514891	2.4700505038205582	0	0	61
31	1.0	75.0	[1]	{0}	2.5508697573539987	2.0434277156533263	2.0434277156533263	0.0	0	548.7652225419879	48.765222541987896	0.38297084310253526	54	4	29	22.537704332374037	0.0	0	0	4
279	1.0	75.0	[1]	{1}	3.0673091304633164	2.501862430769682	2.501862430769682	0.0	0	873.4680039342493	373.4680039342493	0.44252873932274983	127	15	71	41.42545176001079	0.0	0	0	15
465	1.0	75.0	[3]	{1}	1.0512158399454627	0.8641824384497941	0.9078948399249083	0.0	0	778.035475872457	278.035475872457	2.4740079527405623	60	38	49	30.949971199698744	1.1130824710981573	0	0	38
155	1.0	75.0	[1]	{2}	3.3128136787945626	2.6484780763721365	2.648478076372136	0.0	0	476.0106022004038	23.98939779959619	0.5773769890910257	92	4	48	35.82502120440082	0.0	0	0	4
404	1.0	75.0	[1]	{1}	3.0682154322896706	2.718613449971781	2.718613449971781	0.0	0	135.73389314115047	364.2661068588495	0.28525027072947884	103	3	53	29.277557405069476	0.0	0	0	3
94	1.0	75.0	[1]	{2}	1.9187178350704917	1.632589501740656	1.632589501740656	0.0	0	286.73541732132435	213.26458267867565	1.2535663410560174	20	2	11	6.99114792124927	0.0	0	0	2
342	1.0	75.0	[3]	{0}	2.150963774084532	1.8097950853324105	1.8149047262466487	0.0	0	780.8828423731029	280.8828423731029	4.974627891354284	106	66	86	61.016920620329664	1.6316465255044676	0	0	66
218	1.0	75.0	[2]	{2}	3.1022916437999744	2.619852980500482	2.5446381903810753	0.0	0	964.6296284627168	464.6296284627168	0.4397557300360179	121	27	74	38.82066675068438	1.1553735433176215	0	0	27
32	1.0	75.0	[1]	{1}	0.3655769855347257	0.2543376096936076	0.2543376096936076	0.0	0	487.0162582956255	12.983741704374495	nan	0	0	0	0.0	0.0	0	0	0
466	1.0	75.0	[1]	{0}	1.8682927412310604	1.669107251985853	1.669107251985853	0.0	0	410.0139297079295	89.98607029207051	0.4759537651200866	89	3	46	34.17505571883172	0.0	0	0	3
280	1.0	75.0	[2]	{2}	2.3796265543315736	2.2245728032986722	2.2215666856836864	0.0	0	481.13901098258793	18.860989017412066	2.4059589070311387	132	20	76	57.1469373630099	1.1911362283801294	0	0	20
156	1.0	75.0	[1]	{0}	1.400671946762827	1.2018990168960284	1.2018990168960284	0.0	0	390.4866753146053	109.5133246853947	1.9364916731037085	7	1	4	2.5220000000000002	0.0	0	0	1
405	1.0	75.0	[1]	{2}	1.4505765936104829	1.0636650380086856	1.0636650380086854	0.0	0	969.5955705828964	469.59557058289636	0.6546536707079772	8	6	7	2.6918310059197257	0.0	0	0	6
95	1.0	75.0	[3]	{2}	0.7217641743562365	0.5843097013496491	0.6207639922415579	0.0	0	52.02540988102555	447.97459011897445	1.2721301106078018	38	32	35	18.222838526073836	0.7169026923337017	0	0	32
343	1.0	75.0	[3]	{2}	2.7056161054181262	2.1191390497748768	2.2086427581742263	0.0	0	352.9638843610883	147.03611563891172	4.770588235294118	119	67	93	67.8837359526381	2.04416464455922	0	0	67
219	1.0	75.0	[3]	{1}	0.7710495802991795	0.6252277059818914	0.6308907822318552	0.0	0	961.637763073668	461.637763073668	0.5060243137049899	32	14	23	14.643158027747644	0.4330961352382213	0	0	14
33	1.0	75.0	[2]	{0}	1.427205979062801	1.2147930450006101	1.2175204303186988	0.0	0	314.344079932198	185.65592006780201	1.342220214719083	67	23	45	30.02873095749132	0.5186079786225193	0	0	23
467	1.0	75.0	[3]	{2}	3.0791020547081667	2.5163910888560492	2.4847811498443937	0.0	0	128.29459528438747	371.70540471561253	1.928736528197653	118	54	86	53.511443288769584	1.4886771701914343	0	0	54
281	1.0	75.0	[1]	{0}	2.43675284890584	1.8684540114738024	1.8684540114738026	0.0	0	143.39142618700862	356.6085738129914	0.785340505120197	58	0	29	16.9670028023012	0.0	0	0	0
157	1.0	75.0	[1]	{0}	1.3568699934754471	0.9479408494255357	0.9479408494255357	0.0	0	255.89745957404372	244.10254042595628	0.7071067811865475	7	1	4	3.701	0.0	0	0	1
406	1.0	75.0	[1]	{1}	5.56976103238508	4.291250522068937	4.291250522068937	0.0	0	495.4983470961452	4.50165290385479	nan	1	1	1	0.6635016529038548	0.0	0	0	1
96	1.0	75.0	[3]	{0}	0.9654144005526034	0.8462769127380151	0.8424597286602106	0.0	0	519.6190197020769	19.619019702076912	3.6882051383914565	53	33	43	32.120428822681305	1.1417569106727397	0	0	33
344	1.0	75.0	[1]	{0}	4.967972760461497	3.5317169795081877	3.5317169795081877	0.0	0	425.2561656758189	74.74383432418108	0.2607144567760445	24	2	13	10.16274383432418	0.0	0	0	2
220	1.0	75.0	[1]	{0}	1.7566282977066288	1.2031810336042263	1.2031810336042263	0.0	0	904.48029153049	404.48029153049004	1.5666989036012806	10	6	8	4.83915766775608	0.0	0	0	6
468	1.0	75.0	[3]	{0}	2.414317524249857	1.9845295106940295	2.0375809348784575	0.0	0	386.2588142510504	113.74118574894959	5.395027879573564	123	71	97	70.92457612728887	2.2811646222984203	0	0	71
34	1.0	75.0	[1]	{2}	1.5410098661584875	1.4083472008218083	1.4083472008218085	0.0	0	712.8711158875376	212.8711158875376	0.39402121379761545	65	3	34	25.1390310728997	0.0	0	0	3
282	1.0	75.0	[3]	{1}	1.2408674743599213	1.1133623113463769	1.1218028011103074	0.0	0	386.0153642017394	113.98463579826063	5.5629854750160845	70	56	63	47.112076821008685	1.6032669265237611	0	0	56
158	1.0	75.0	[2]	{1}	3.9238733253025986	3.7353602691432872	3.7458550691560952	0.0	0	789.1213139519095	289.12131395190954	0.0725385893122476	211	117	165	100.43346845374256	1.8202173561372446	0	0	119
407	1.0	75.0	[1]	{0}	2.0845078611563466	1.6014443708154498	1.6014443708154498	0.0	0	819.4316076114774	319.4316076114774	0.48666426339228763	31	3	17	11.95925231627375	0.0	0	0	3
97	1.0	75.0	[3]	{1}	3.254087528073077	2.478189630142401	2.7279970113861047	0.0	0	209.50250118039548	290.4974988196045	4.351224280226626	162	110	136	87.04726512512191	3.159380465103446	0	0	110
345	1.0	75.0	[1]	{1}	2.903220599139665	2.200688207128766	2.200688207128766	0.0	0	11.886417400091888	488.1135825999081	1.2898484259189558	48	0	24	13.267274017602212	0.0	0	0	0
221	1.0	75.0	[2]	{0}	3.475493352063203	3.1433290260511444	3.157622851944007	0.0	0	922.89606644772	422.89606644772005	0.7493833263771347	182	120	151	86.6514860992897	1.4536760313069697	0	0	120
469	1.0	75.0	[3]	{0}	1.2885523747171408	1.0214140343215645	1.044418017561894	0.0	0	756.4665065146983	256.46650651469827	0.23786745132906503	60	22	41	27.87947131107376	0.7137257497643027	0	0	22
35	1.0	75.0	[1]	{1}	5.248781621160087	3.638953822793895	3.638953822793895	0.0	0	421.1569149047136	78.84308509528643	0.5950103083819182	37	7	22	16.252569149047133	0.0	0	0	7
283	1.0	75.0	[1]	{2}	2.4383204862450514	2.1668592471864123	2.1668592471864123	0.0	0	629.504217999056	129.50421799905598	0.8226737940531635	133	7	70	50.39078910004718	0.0	0	0	7
159	1.0	75.0	[1]	{2}	2.3797307844616378	1.9180080632223309	1.9180080632223309	0.0	0	919.0037930384278	419.00379303842783	0.1414213562373095	49	9	29	18.541912760116162	0.0	0	0	9
408	1.0	75.0	[2]	{2}	2.654295400515988	2.2247625033115286	2.217798897728289	0.0	0	769.0148586407304	269.0148586407304	0.8454889030309711	119	39	79	48.25897475378959	0.9165367772424491	0	0	39
98	1.0	75.0	[2]	{2}	1.0342495482857854	0.8744380154341036	0.9064593567649868	0.0	0	785.052303224802	285.052303224802	0.26492022243024727	55	23	39	23.755378600031143	0.5016695505161437	0	0	23
222	1.0	75.0	[3]	{1}	1.9052064468678154	1.5668374532419256	1.5012577742221231	0.0	0	195.1683592051268	304.83164079487324	0.504992781694119	76	16	46	32.140050776153814	0.793957607078126	0	0	16
470	1.0	75.0	[3]	{1}	4.525447259943178	3.8213685663526293	3.8491494741726227	0.0	0	641.384941060096	141.38494106009603	6.467770067071057	181	113	147	109.86975718077646	3.837003512154359	0	0	113
346	1.0	75.0	[1]	{0}	4.109263243219195	2.9775683024192574	2.9775683024192574	0.0	0	51.58837093040347	448.41162906959653	0.5231468953001448	30	4	17	9.806648822095244	0.0	0	0	4
36	1.0	75.0	[3]	{2}	2.3698572138690945	2.2884017585032677	2.2085952073112103	0.0	0	878.9047168102115	378.90471681021154	5.652523829319576	134	106	120	70.50538492070137	3.6602427028472424	0	0	106
284	1.0	75.0	[1]	{1}	1.1780043063399244	1.1071811270295702	1.1071811270295702	0.0	0	530.143198557198	30.143198557198048	2.04939015319192	17	5	11	7.785856801442801	0.0	0	0	5
160	1.0	75.0	[2]	{0}	1.6118491416099165	1.243543196641522	1.2926951621754337	0.0	0	805.266919080168	305.266919080168	0.35690015045010043	63	7	35	22.04239469931648	0.6477836670159351	0	0	7
99	1.0	75.0	[3]	{2}	1.9708020303511173	1.519770912297277	1.5196388487037449	0.0	0	535.7510782778263	35.75107827782631	0.26147889421751064	63	1	32	23.703502156555654	0.3359925826393574	0	0	1
409	1.0	75.0	[1]	{2}	3.3592347344350912	2.5260734989225	2.5260734989225	0.0	0	79.92062461562455	420.07937538437545	1.3751433684334724	120	8	64	35.790872480012474	0.0	0	0	8
347	1.0	75.0	[1]	{2}	1.8546280052431545	1.263145274484276	1.263145274484276	0.0	0	652.8797680512071	152.87976805120707	1.0	2	2	2	1.63	0.0	0	0	2
223	1.0	75.0	[2]	{2}	2.256928682815095	1.9469943826263676	2.0120208157786346	0.0	0	865.5633043963462	365.5633043963462	0.6496874008655774	117	73	95	54.64261269113982	1.0614365634561915	0	0	73
471	1.0	75.0	[1]	{1}	2.5759079045364204	2.1339944812057716	2.1339944812057716	0.0	0	344.7501247283071	155.24987527169287	1.023574170069103	63	5	34	24.631000498913235	0.0	0	0	5
37	1.0	75.0	[2]	{0}	3.4629695791309523	2.7929901330103957	2.727530534068431	0.0	0	921.030633384362	421.030633384362	0.8287409157921165	143	15	79	40.15076376294157	1.1515204148749945	0	0	15
285	1.0	75.0	[2]	{0}	1.985184352291034	1.5011903880200559	1.541482882872641	0.0	0	54.324839962646365	445.67516003735363	0.6552665120300251	57	1	29	12.261120999066158	0.6392984710934582	0	0	1
161	1.0	75.0	[3]	{1}	1.5506619828886306	1.3628082840849425	1.3656712010240235	0.0	0	393.403367837891	106.59663216210902	3.7450336386050043	86	48	67	49.24985725324413	1.6482551910735435	0	0	48
100	1.0	75.0	[1]	{0}	4.840248201713366	3.8218804038615968	3.8218804038615977	0.0	0	258.7231360375881	241.27686396241188	0.5914853340607162	113	13	63	45.92707840093973	0.0	0	0	13
410	1.0	75.0	[2]	{2}	3.860039303532626	2.8291697552705815	3.178393144907094	0.0	0	52.171879447996616	447.8281205520034	1.9209997397188787	149	99	124	69.72559425707162	2.028189171544478	0	0	99
348	1.0	75.0	[3]	{2}	4.150951152980806	3.6680923617853676	3.6090201747497987	0.0	0	222.29111893102527	277.70888106897473	5.319472928120765	205	117	161	109.87025168196483	4.17916711216257	0	0	117
472	1.0	75.0	[1]	{0}	2.9524015400928265	2.187751142476174	2.1877511424761735	0.0	0	433.76182159408927	66.23817840591073	0.5933339827271936	72	6	39	28.909809107970446	0.0	0	0	6
224	1.0	75.0	[1]	{2}	0.8875928210843519	0.6102217892658937	0.6102217892658935	0.0	0	920.9520118311048	420.95201183110476	nan	1	1	1	0.2660479881688953	0.0	0	0	1
38	1.0	75.0	[3]	{2}	1.3470457717361155	1.020475296694592	1.0277204676861542	0.0	0	351.8636617809534	148.1363382190466	0.3196422009902561	57	1	29	21.18077295602858	0.18839791412968765	0	0	1
286	1.0	75.0	[2]	{1}	2.2803034559650306	1.9738771208283157	1.9766205556598297	0.0	0	83.77684326842427	416.2231567315757	0.6733903656787003	100	76	88	44.79636220762133	0.843060087166712	0	0	76
162	1.0	75.0	[1]	{0}	0.982713148589495	0.832837540542164	0.832837540542164	0.0	0	483.2461699843407	16.753830015659275	0.6910506641398756	34	0	17	11.979230849921704	0.0	0	0	0
101	1.0	75.0	[2]	{2}	3.585311585615448	3.3001402929826464	3.313730305199266	0.0	0	743.6810676008463	243.6810676008463	3.1280749529165846	174	88	131	82.47231509070096	1.5768441803038642	0	0	88
411	1.0	75.0	[1]	{1}	0.9497944308631208	0.7975220053667347	0.7975220053667347	0.0	0	707.8384715132415	207.83847151324153	0.5160247209243392	31	3	17	11.337453756380826	0.0	0	0	3
349	1.0	75.0	[2]	{0}	1.3822400193330415	1.3271134766066441	1.2659616871582526	0.0	0	136.95632084272802	363.043679157272	0.06826296394121151	73	25	49	28.198947079608217	0.743283639049477	0	0	25
225	1.0	75.0	[1]	{0}	2.19857304316913	2.0168102082408477	2.0168102082408477	0.0	0	85.32392582856119	414.6760741714388	0.40259706776997534	114	42	78	43.99767480799929	0.0	0	0	42
39	1.0	75.0	[1]	{2}	1.7373536164066898	1.4507455895184036	1.4507455895184036	0.0	0	204.74981772713363	295.25018227286637	0.6210022286567973	43	1	22	16.089998541817067	0.0	0	0	1
473	1.0	75.0	[2]	{1}	2.220468449993855	2.0550152974571203	1.983299987414508	0.0	0	18.43749824911356	481.56250175088644	0.1650893441146515	125	79	102	54.390624821409595	1.0219878852611717	0	0	79
287	1.0	75.0	[2]	{1}	2.791200919473403	2.1711456605080226	2.225671787318208	0.0	0	747.1544805448502	247.15448054485023	0.48033206513414084	106	18	62	42.211202856026595	1.050686898417948	0	0	18
163	1.0	75.0	[2]	{2}	1.207454616705049	1.027020996415278	0.9549322350496282	0.0	0	947.205581702292	447.20558170229197	0.2733886963836377	57	1	29	13.815038130633532	0.512403186099956	0	0	1
102	1.0	75.0	[1]	{2}	3.706089896091126	3.2675038559662566	3.2675038559662566	0.0	0	320.9169437177479	179.08305628225207	0.9368640700305918	24	6	15	10.568252493459733	0.0	0	0	6
412	1.0	75.0	[1]	{1}	1.6646030979576536	1.3598114857621901	1.3598114857621901	0.0	0	419.295693282038	80.70430671796203	0.5185449728701348	44	8	26	18.981182773128154	0.0	0	0	8
350	1.0	75.0	[1]	{2}	3.730946386195643	2.6377328743679547	2.637732874367955	0.0	0	612.7680968493223	112.76809684932232	0.7276514165601813	44	4	24	17.641927612602714	0.0	0	0	4
40	1.0	75.0	[2]	{2}	1.7245758730287521	1.6130270311297679	1.6117761186697765	0.0	0	415.46000400558114	84.53999599441886	1.2689783127114684	91	9	50	35.13324017624557	0.7642848762559534	0	0	9
474	1.0	75.0	[1]	{1}	2.5657055691878945	2.284772066497144	2.284772066497144	0.0	0	510.7912162784487	10.791216278448701	0.012655946698124634	112	6	59	43.75836283951812	0.0	0	0	6
226	1.0	75.0	[2]	{2}	1.9159756142719357	1.6723042456672992	1.6658005898841024	0.0	0	390.3770232573152	109.62297674268478	0.5123736895256296	86	22	54	38.17983497680724	0.7671402702552703	0	0	22
288	1.0	75.0	[1]	{0}	1.6906582679330098	1.2889743157015576	1.2889743157015576	0.0	0	593.4472412336618	93.44724123366177	0.8356190445537307	46	4	25	18.085658276299014	0.0	0	0	4
164	1.0	75.0	[3]	{1}	2.244322091857318	1.6737334739134213	1.7655449535286287	0.0	0	177.02316353097558	322.9768364690244	1.4792461333964166	96	36	66	45.548926541239034	0.9426935298095526	0	0	36
413	1.0	75.0	[1]	{0}	4.3295119800704995	3.645977805270692	3.645977805270692	0.0	0	715.2207084000111	215.22070840001106	0.45690749092651084	52	6	29	20.33736512359977	0.0	0	0	6
103	1.0	75.0	[2]	{1}	4.076810303643502	3.472548008924025	3.488708722761708	0.0	0	959.5671242568642	459.5671242568642	0.16030430436902077	177	107	143	72.18903547978218	1.4854686490856488	0	0	109
351	1.0	75.0	[3]	{0}	2.5022621732921446	1.9793474469395331	2.035304455238251	0.0	0	307.7779847662896	192.2220152337104	3.1250281981628403	94	42	68	46.207339542988706	1.559968739141057	0	0	42
41	1.0	75.0	[1]	{1}	1.239930101395246	0.9847948800083028	0.9847948800083028	0.0	0	96.0992774926126	403.9007225073874	nan	2	0	1	0.9879007225073874	0.0	0	0	0
475	1.0	75.0	[1]	{2}	2.324127883574774	1.7817137894089419	1.7817137894089419	0.0	0	840.3699845075607	340.36998450756073	0.16430838438455708	44	2	23	15.185710263371465	0.0	0	0	2
227	1.0	75.0	[1]	{2}	0.7684254313201201	0.6789939654812795	0.6789939654812795	0.0	0	102.61993878521024	397.38006121478975	0.3928371006591931	35	11	23	11.746018714489415	0.0	0	0	11
289	1.0	75.0	[1]	{1}	3.6962259825116686	3.0964882972425416	3.0964882972425416	0.0	0	447.2557967528701	52.74420324712992	0.6	14	0	7	5.553744203247129	0.0	0	0	0
165	1.0	75.0	[1]	{0}	2.683878585513446	1.9857600127896826	1.9857600127896826	0.0	0	305.0280008465052	194.97199915349478	0.6064496310619685	46	2	24	17.09505600169301	0.0	0	0	2
104	1.0	75.0	[3]	{2}	1.953420058726945	1.496838145820841	1.4978726049477187	0.0	0	450.8641397114843	49.13586028851569	0.7481134002767625	59	9	34	25.665913117691876	0.28351352507886296	0	0	9
414	1.0	75.0	[2]	{2}	2.522275882339885	2.038128669421373	2.163899780577053	0.0	0	130.20415557548404	369.79584442451596	1.0579863254953086	124	88	106	59.79959893524648	1.2428714243360806	0	0	88
352	1.0	75.0	[1]	{1}	1.5507545082824727	1.197730917307532	1.197730917307532	0.0	0	460.9974976629019	39.00250233709812	0.3302891295379082	19	1	10	7.561	0.0	0	0	1
42	1.0	75.0	[1]	{0}	3.2877920655577304	2.6222299382804466	2.622229938280446	0.0	0	866.5546332485974	366.5546332485974	1.2780193008453875	11	1	6	4.74078146700561	0.0	0	0	1
476	1.0	75.0	[1]	{0}	3.0016727998224217	2.076084514272255	2.076084514272255	0.0	0	618.1074432097375	118.10744320973754	0.8528028654224417	10	0	5	3.748677670370787	0.0	0	0	0
228	1.0	75.0	[1]	{0}	1.9565415140801803	1.357732312422676	1.357732312422676	0.0	0	794.3374789319932	294.33747893199325	0.0	7	1	4	2.9153250421360135	0.0	0	0	1
290	1.0	75.0	[3]	{2}	2.573838428134617	1.9645822016236847	1.9812737232842523	0.0	0	685.4821185115725	185.48211851157248	0.047938983740750174	106	14	60	43.17460797060654	0.49714914099377716	0	0	14
166	1.0	75.0	[2]	{0}	3.9451710605450145	3.3864909789679056	3.5154136644817604	0.0	0	985.0383112207056	485.0383112207056	0.32214804349228726	214	178	196	97.72749100074165	1.8086271082931602	0	0	178
105	1.0	75.0	[1]	{0}	2.0627110237262127	1.8667058710716027	1.8667058710716027	0.0	0	109.56140514463186	390.43859485536814	0.5232681184722836	45	3	24	15.26898248231411	0.0	0	0	3
415	1.0	75.0	[2]	{2}	1.120775121579154	0.8865423187876452	0.8873964149615626	0.0	0	343.1446384638548	156.8553615361452	0.5742245430992207	50	10	30	22.49544638463854	0.33245397358360695	0	0	10
353	1.0	75.0	[2]	{0}	0.37995455589441074	0.2907909865150139	0.3146528788349422	0.0	0	55.28117041103542	444.7188295889646	1.2961481396815722	19	13	16	8.410374044932427	0.1783317331049916	0	0	13
477	1.0	75.0	[3]	{0}	2.678037206957511	2.0415964867950134	2.098805606302419	0.0	0	287.0643420610577	212.9356579389423	1.874762335960426	100	22	61	40.889994603892795	0.9908901823699627	0	0	22
43	1.0	75.0	[1]	{2}	2.5236541115245212	1.7284616603466327	1.7284616603466327	0.0	0	822.2807855345309	322.2807855345309	0.32025630761017426	12	0	6	4.228876857861876	0.0	0	0	0
229	1.0	75.0	[2]	{1}	1.8136610737226004	1.6768965262741573	1.6590177404312838	0.0	0	253.4972305875272	246.5027694124728	0.8699639040426875	110	50	80	52.855800602301954	0.8247169600732749	0	0	50
291	1.0	75.0	[1]	{0}	2.720861604904533	2.412406640345562	2.412406640345562	0.0	0	104.4667901005596	395.5332098994404	0.3865321650581048	68	2	35	21.18060333271511	0.0	0	0	2
167	1.0	75.0	[1]	{0}	6.049973422398795	4.859985174007036	4.859985174007036	0.0	0	727.2960487753153	227.29604877531528	0.9333482716215828	79	5	42	28.90989482939243	0.0	0	0	5
106	1.0	75.0	[1]	{0}	2.2181906363341444	1.8773201568730513	1.8773201568730513	0.0	0	306.98016518726945	193.01983481273055	2.6393933662855176	75	25	50	35.816761982247236	0.0	0	0	25
416	1.0	75.0	[1]	{1}	2.1040183123356653	1.5262980580095453	1.5262980580095453	0.0	0	908.2887794356792	408.2887794356792	0.0	5	1	3	2.102133661692962	0.0	0	0	1
354	1.0	75.0	[2]	{1}	1.72490812116262	1.4770810938892125	1.4799321666589895	0.0	0	517.9981526453048	17.9981526453048	2.230189655118266	78	24	51	40.97202771032043	0.7758872953963614	0	0	24
44	1.0	75.0	[1]	{2}	0.8544240788801377	0.7142392126008009	0.7142392126008009	0.0	0	443.1384571362287	56.86154286377132	0.6454972243679028	14	2	8	6.193	0.0	0	0	2
478	1.0	75.0	[2]	{1}	2.915059516204601	2.3686414669265625	2.3566255010373682	0.0	0	591.3147036917508	91.31470369175076	0.3695329780259666	118	0	59	42.111391222473245	1.0306842539130616	0	0	0
230	1.0	75.0	[1]	{1}	2.534022616976068	1.8336771763811341	1.8336771763811341	0.0	0	806.3807915896177	306.38079158961773	1.5936032216994227	45	15	30	21.392145751386888	0.0	0	0	15
292	1.0	75.0	[2]	{0}	0.6899359508960025	0.5611967983317935	0.5643238220263842	0.0	0	553.8804533425719	53.880453342571855	0.28777061162875556	32	2	17	12.575880453342572	0.27739217516509984	0	0	2
168	1.0	75.0	[1]	{2}	1.9667439932789752	1.4724853835894538	1.472485383589454	0.0	0	834.0637874789536	334.0637874789536	1.2474111121673643	47	13	30	18.919851825378835	0.0	0	0	13
107	1.0	75.0	[1]	{0}	4.345733853598778	3.7661235834093536	3.7661235834093545	0.0	0	956.3688188791276	456.3688188791276	1.0266319866352558	148	8	78	44.35970740294456	0.0	0	0	8
417	1.0	75.0	[1]	{0}	5.800736359538957	4.306764756748677	4.306764756748677	0.0	0	500.1103566028178	0.11035660281777382	0.7666053266734644	96	0	48	35.39355857358873	0.0	0	0	0
355	1.0	75.0	[3]	{0}	2.9816171525289046	2.7144266356402986	2.7162718708976468	0.0	0	476.6190377995372	23.380962200462818	8.628369159881562	170	120	145	108.50057134019582	3.919392467751445	0	0	120
479	1.0	75.0	[1]	{1}	2.4429589848609843	1.9797358967837433	1.9797358967837433	0.0	0	776.54241444543	276.54241444543004	0.4472135954999579	14	0	7	5.56337275666371	0.0	0	0	0
231	1.0	75.0	[3]	{2}	3.3705876439171787	2.85015683729487	2.8498258473497584	0.0	0	476.6342269722372	23.365773027762827	5.595688341715466	152	76	114	86.11907381577791	2.589246504625954	0	0	76
45	1.0	75.0	[2]	{0}	2.2052794577202715	1.6713841982503124	1.7655951087833437	0.0	0	752.5734952650964	252.57349526509643	1.4538480320615659	100	44	72	46.492178246214976	1.0359593264938853	0	0	44
293	1.0	75.0	[1]	{2}	1.3722805531486684	1.1678532841657312	1.1678532841657312	0.0	0	196.80319516919556	303.19680483080447	0.03669879217087869	54	6	30	17.94227668406069	0.0	0	0	6
169	1.0	75.0	[1]	{1}	3.2913461737004166	3.06421119904884	3.06421119904884	0.0	0	924.4929512497038	424.49295124970376	0.060696958385832556	163	95	129	73.00040928878825	0.0	0	0	95
108	1.0	75.0	[2]	{2}	1.7383058620256318	1.4251016101864362	1.4830529452429941	0.0	0	815.3266157023609	315.32661570236087	0.32665678222152383	80	34	57	35.644342599179595	0.7976819475359875	0	0	34
418	1.0	75.0	[1]	{1}	1.1517076927410321	0.8183440344531929	0.8183440344531929	0.0	0	510.0063867866993	10.006386786699295	1.224744871391589	3	1	2	1.7489872264266015	0.0	0	0	1
356	1.0	75.0	[3]	{0}	1.2531294772132338	1.0507492288374054	1.0569474535811327	0.0	0	459.3992454465479	40.60075455345208	4.034572069992116	74	38	56	41.65298490893096	1.089465562204314	0	0	38
46	1.0	75.0	[3]	{2}	1.039952625063721	0.8910449596866746	0.905746542781143	0.0	0	128.14207188785076	371.85792811214924	3.129604349220309	50	28	39	22.915551797196272	1.0457920756713595	0	0	28
480	1.0	75.0	[2]	{1}	1.6549461324062074	1.2611787963493049	1.314174663864041	0.0	0	23.579518543556333	476.42048145644367	0.45393898935936977	67	17	42	21.947339778829367	0.59793919045444	0	0	17
232	1.0	75.0	[1]	{1}	2.4545909892117503	2.1063324756554493	2.1063324756554493	0.0	0	820.8991149440408	320.8991149440408	1.0107529973349678	36	12	24	16.415210620671512	0.0	0	0	12
294	1.0	75.0	[1]	{2}	1.2318130461335937	0.9342281606014489	0.9342281606014489	0.0	0	491.66615353897214	8.33384646102786	1.0256451881367414	10	2	6	4.280664614155889	0.0	0	0	2
170	1.0	75.0	[1]	{1}	4.624670412977681	3.402244024488991	3.402244024488991	0.0	0	544.0772054716945	44.07720547169447	nan	0	0	0	0.0	0.0	0	0	0
419	1.0	75.0	[3]	{2}	3.3624517035778867	2.688433440408155	2.73817470929841	0.0	0	364.3271040637046	135.6728959362954	6.070834511649905	146	88	117	84.74344864222965	2.0973138785371335	0	0	88
109	1.0	75.0	[1]	{2}	4.1382894802423875	2.9641864128140414	2.9641864128140414	0.0	0	718.4516568668187	218.45165686681867	1.2247448713915892	19	5	12	7.819193372532725	0.0	0	0	5
357	1.0	75.0	[1]	{1}	2.116755458504699	1.9228920061347428	1.9228920061347428	0.0	0	194.82823624275625	305.17176375724375	0.7969032530226452	122	44	82	49.61363300947846	0.0	0	0	42
47	1.0	75.0	[1]	{2}	2.3646439259731697	1.7084477300479068	1.708447730047907	0.0	0	50.14151846989989	449.8584815301001	1.1956217119956833	37	1	19	9.6866888509281	0.0	0	0	1
481	1.0	75.0	[1]	{1}	2.83799565604755	2.5485113105474886	2.5485113105474886	0.0	0	395.5759047530592	104.4240952469408	1.471556169642963	157	21	90	64.0536169517264	0.0	0	0	23
233	1.0	75.0	[2]	{1}	4.186557523543928	3.5318159299451657	3.5090908961939404	0.0	0	305.86310219950974	194.13689780049026	1.4966777367849136	161	13	87	59.77310164296813	1.5328688815354432	0	0	13
295	1.0	75.0	[2]	{1}	2.503999315555536	2.089939547003559	2.189938026831025	0.0	0	807.5773427262902	307.5773427262902	1.9255622502037544	140	86	114	69.73295635646582	1.2630549037794627	0	0	88
171	1.0	75.0	[2]	{1}	1.6895847409687192	1.2848687033017216	1.2867226545063115	0.0	0	368.3370132930577	131.66298670694232	0.6896924500642846	59	1	30	22.684392212688923	0.4560113196338555	0	0	1
420	1.0	75.0	[2]	{1}	1.4477859170720635	1.32652224090896	1.2664496488924075	0.0	0	166.36777319945395	333.63222680054605	1.4630339119189102	59	9	34	20.20850428878143	0.7226130134299426	0	0	9
110	1.0	75.0	[1]	{0}	2.5319688626400665	1.8765583190079984	1.8765583190079984	0.0	0	782.1676980238408	282.1676980238408	0.8352139950829474	69	9	39	26.514478341499345	0.0	0	0	9
358	1.0	75.0	[1]	{0}	1.456298670415975	1.3740405740773678	1.3740405740773678	0.0	0	298.86788758449256	201.13211241550744	1.0327955589886444	9	5	7	4.732867887584493	0.0	0	0	5
48	1.0	75.0	[1]	{1}	1.3629021901066967	1.1564753071910525	1.1564753071910525	0.0	0	593.3173377998173	93.31733779981732	nan	2	2	2	1.5103653244003654	0.0	0	0	2
482	1.0	75.0	[1]	{0}	8.532836857362105	7.229240937301448	7.229240937301448	0.0	0	876.1351748835295	376.13517488352954	0.7996709849747747	18	0	9	4.895324125582352	0.0	0	0	0
234	1.0	75.0	[1]	{0}	2.4572959120207707	1.6705349713426543	1.6705349713426547	0.0	0	473.1664536520839	26.833546347916126	1.4924050144892729	10	4	7	4.840499360956251	0.0	0	0	4
296	1.0	75.0	[1]	{1}	2.5978463483323937	2.0459871888118903	2.0459871888118903	0.0	0	704.4458724558353	204.44587245583534	0.2937114070209339	44	6	25	18.789878892809156	0.0	0	0	6
172	1.0	75.0	[2]	{1}	1.0666684189157891	0.8005958224107544	0.8976054996403785	0.0	0	63.511540880426764	436.48845911957324	1.713935967120127	42	34	38	18.187415471695367	0.586521558666785	0	0	34
359	1.0	75.0	[3]	{0}	1.802033424805453	1.5371514591370476	1.60459351981432	0.0	0	930.2990674041212	430.29906740412116	3.113512477624012	95	83	89	45.76577554026619	2.1812806025840397	0	0	83
421	1.0	75.0	[2]	{1}	2.495052789081323	2.0328480245355407	2.08621092580112	0.0	0	431.1800417490304	68.81995825096959	5.720814988961891	129	69	99	73.27538171171028	1.6140831601142804	0	0	69
111	1.0	75.0	[1]	{1}	2.1879834547342507	1.5966251784448136	1.5966251784448136	0.0	0	718.3777207974344	218.37772079743445	1.4285714285714286	13	3	8	4.784489116810262	0.0	0	0	3
49	1.0	75.0	[1]	{0}	2.7109823347502866	1.9948568494435288	1.9948568494435293	0.0	0	859.7488244995475	359.7488244995475	1.6792498682090524	54	2	28	15.675023510009048	0.0	0	0	2
235	1.0	75.0	[1]	{2}	2.674035088256728	2.0728727259831716	2.0728727259831716	0.0	0	523.9376351237297	23.937635123729706	0.3872983346207417	7	1	4	3.2568752702474595	0.0	0	0	1
483	1.0	75.0	[1]	{2}	5.036678416030984	3.777547183706809	3.777547183706809	0.0	0	921.23771016486	421.23771016486	0.8917587331396845	94	0	47	27.606778462911013	0.0	0	0	0
297	1.0	75.0	[3]	{0}	1.9344289423208614	1.4442879526673795	1.4810181909497526	0.0	0	176.7497449181974	323.2502550818026	0.4052258641919618	60	16	38	24.88849234754592	0.3551997446642565	0	0	16
173	1.0	75.0	[3]	{2}	3.872590941565065	3.4058771459313313	3.336311101625056	0.0	0	928.1142549589276	428.11425495892763	4.473021578277509	178	110	144	77.14651791484657	3.6174372723683614	0	0	110
360	1.0	75.0	[3]	{0}	2.2067689774638506	1.8436475204486729	1.8294659269927227	0.0	0	590.3844700660557	90.38447006605566	4.4415168943143675	105	51	78	56.867693179603684	1.5520165395325187	0	0	51
112	1.0	75.0	[3]	{1}	1.2777734653187238	1.15076483110106	1.173112459352366	0.0	0	911.7480411659926	411.7480411659926	4.6613162145963685	71	67	69	43.48884990053437	1.7725338909625359	0	0	67
422	1.0	75.0	[1]	{0}	2.0173804166704006	1.5009418008825592	1.500941800882559	0.0	0	505.5181416682899	5.5181416682899	0.4340573661412156	22	4	13	9.402554425004869	0.0	0	0	4
50	1.0	75.0	[1]	{2}	3.3323314415995857	2.4741493875768317	2.4741493875768317	0.0	0	701.6329141333699	201.63291413336992	0.3892494720807615	32	4	18	10.306139202132819	0.0	0	0	4
484	1.0	75.0	[3]	{0}	3.1365543944755236	2.474928163034468	2.4922806904792756	0.0	0	800.8639996405691	300.8639996405691	3.0829974922602332	135	39	87	57.27593601833098	1.176594809320784	0	0	39
236	1.0	75.0	[2]	{2}	1.8564100961387937	1.6034627407447677	1.6003896306748846	0.0	0	394.1349203232676	105.86507967673242	0.3850762948565023	91	15	53	38.37307141454703	0.7012131355453914	0	0	15
298	1.0	75.0	[1]	{0}	3.7898130718061074	2.834688299320847	2.834688299320847	0.0	0	307.8356580808759	192.16434191912413	0.3333333333333333	8	2	5	3.429178290404379	0.0	0	0	2
174	1.0	75.0	[1]	{2}	2.3904224038911335	2.0277090132434523	2.0277090132434523	0.0	0	787.5084183178842	287.5084183178842	0.35195307605124787	30	2	16	8.253865306913852	0.0	0	0	2
361	1.0	75.0	[3]	{0}	3.312171320816203	2.9855683569117812	3.054034903667633	0.0	0	210.08926001377404	289.91073998622596	8.049702941482149	182	160	171	111.96537230144627	4.79541553471384	0	0	160
113	1.0	75.0	[3]	{0}	0.9821111575512773	0.8068518783127703	0.8317354618649622	0.0	0	663.7716428376734	163.77164283767343	2.930638802522357	50	28	39	29.044511928785585	0.9131574831910184	0	0	28
423	1.0	75.0	[2]	{1}	3.064051331681315	2.4560707801395543	2.6865436874360715	0.0	0	890.7387589570135	390.7387589570135	2.452632853483587	168	140	154	85.05261871019007	1.7443568896711346	0	0	140
51	1.0	75.0	[1]	{0}	2.0376249863391465	1.7704903176899434	1.7704903176899434	0.0	0	993.8269106205552	493.82691062055517	0.10369516947304253	30	0	15	7.458596340691672	0.0	0	0	0
485	1.0	75.0	[1]	{0}	4.71751592648768	3.3520026235954337	3.3520026235954337	0.0	0	439.6981033496559	60.30189665034408	0.17541160386140586	29	1	15	11.487301896650344	0.0	0	0	1
237	1.0	75.0	[3]	{2}	2.4307467312193123	1.786199957908288	1.9237891665773055	0.0	0	997.7559414692224	497.7559414692224	1.317729766079425	109	53	81	35.146768740992975	1.0822519635525532	0	0	53
299	1.0	75.0	[3]	{1}	4.344693112623778	3.4877974829219553	3.4950201432525065	0.0	0	483.85143652558327	16.148563474416733	4.236592728681617	174	60	117	89.05814856347442	2.3392658037617267	0	0	60
175	1.0	75.0	[2]	{1}	1.1877099974874699	0.9133559584750688	0.9173009130254706	0.0	0	389.5460669882596	110.45393301174039	1.722673629297662	50	8	29	20.028822468917816	0.3591617502219777	0	0	8
114	1.0	75.0	[3]	{0}	4.340452023098417	4.1172456020625665	4.115661377722168	0.0	0	566.7204861529171	66.72048615291715	12.001509213226209	245	221	234	176.6798263877182	6.906323079785894	0	0	223
362	1.0	75.0	[1]	{2}	2.3371193457450845	2.157988259728577	2.157988259728577	0.0	0	897.4483273923397	397.4483273923397	0.38568667173524257	89	5	47	28.15641188648343	0.0	0	0	5
424	1.0	75.0	[2]	{1}	1.5158453996705348	1.337212207539308	1.2799422929644706	0.0	0	846.1961296852678	346.1961296852678	2.2683003186094486	62	12	37	23.56674320164509	0.6874458057991785	0	0	12
486	1.0	75.0	[3]	{0}	0.907586909205353	0.7594775874839168	0.7539050810446926	0.0	0	784.0177726466209	284.01777264662087	3.8685913121825237	48	32	40	25.518822273533797	0.605339466840326	0	0	32
52	1.0	75.0	[2]	{2}	5.607301200290474	4.492304385316505	4.501233937611461	0.0	0	780.0444213207811	280.0444213207811	0.3632738710744352	184	20	102	67.24135745169596	1.7294695369942923	0	0	20
238	1.0	75.0	[2]	{0}	1.493548997316004	1.1894438443482107	1.2135925894495605	0.0	0	692.4095794092864	192.40957940928638	1.7056057308448835	65	27	46	32.728531776539974	0.5923250700983492	0	0	27
300	1.0	75.0	[3]	{0}	1.8077401804709932	1.6426880459683377	1.4836065182787403	0.0	0	156.4611680805683	343.5388319194317	3.0424006627640545	77	17	47	28.117529202014218	1.4854781548322342	0	0	17
115	1.0	75.0	[3]	{0}	3.4727748921809978	2.6952576248563838	2.6871920330144294	0.0	0	548.5875071026385	48.58750710263848	1.3568675588252943	135	9	73	53.2971125497185	0.8268882624656586	0	0	11
176	1.0	75.0	[1]	{2}	0.9323919211053321	0.7619975242948749	0.7619975242948749	0.0	0	443.538547726348	56.461452273652014	0.22450662753346864	47	7	27	19.92784692953713	0.0	0	0	7
363	1.0	75.0	[2]	{2}	1.8174600944931925	1.8030662673039997	1.7996245499504226	0.0	0	874.9612814281136	374.9612814281136	0.7664241743562074	113	87	100	60.66587185718865	0.9000733633597015	0	0	87
425	1.0	75.0	[2]	{0}	1.2667301671532276	1.074024667005932	1.1058491154533872	0.0	0	630.7178409770131	130.7178409770131	1.1585943590941308	76	28	52	36.19285067896545	0.715943135925559	0	0	28
487	1.0	75.0	[2]	{1}	2.690610966820255	2.086278078763863	2.2223400460050167	0.0	0	767.8243124391884	267.82431243918836	0.9111531821190264	118	56	87	55.35282519193926	1.385061507579756	0	0	56
53	1.0	75.0	[1]	{2}	0.8446961407369775	0.5810890009364575	0.5810890009364575	0.0	0	725.8449043147266	225.8449043147266	nan	2	0	1	0.8698449043147266	0.0	0	0	0
239	1.0	75.0	[3]	{2}	4.637065226902818	4.288103019251824	4.252345731162892	0.0	0	7.391308201476932	492.60869179852307	0.241111710157396	238	182	210	105.58160948950427	6.268962098872915	0	0	182
301	1.0	75.0	[1]	{0}	2.3544038344187648	1.9386401813664964	1.9386401813664962	0.0	0	710.1208718959242	210.1208718959242	0.5810975981749117	85	5	45	32.422186921561135	0.0	0	0	5
116	1.0	75.0	[2]	{1}	3.087167672936631	2.7420025633711163	2.5657181441116372	0.0	0	870.2538276556879	370.2538276556879	1.3977526103416966	144	24	84	49.22620144285635	1.4982520573925893	0	0	24
177	1.0	75.0	[1]	{0}	4.246306508654857	3.5621483578180095	3.5621483578180095	0.0	0	218.53957837447524	281.46042162552476	0.16301654659471787	101	1	51	32.84972692960874	0.0	0	0	1
364	1.0	75.0	[3]	{2}	1.7223202245139455	1.2769700183047656	1.3120014247997651	0.0	0	995.3009819146246	495.3009819146246	0.03714726655766609	60	4	32	15.456368578732015	0.232817564027189	0	0	4
426	1.0	75.0	[1]	{0}	0.7221682295852285	0.6180047247510794	0.6180047247510794	0.0	0	246.3206455577165	253.6793544422835	0.7255996799054233	33	9	21	15.220168392250319	0.0	0	0	9
54	1.0	75.0	[1]	{0}	5.810494266299659	4.128971140341642	4.128971140341642	0.0	0	133.69916612282395	366.30083387717605	0.2182178902359924	6	2	4	2.563398332245648	0.0	0	0	2
488	1.0	75.0	[1]	{1}	0.8155050239567948	0.6919378494849663	0.6919378494849663	0.0	0	742.2101327683777	242.21013276837766	0.9271726499455306	35	7	21	13.5031088050846	0.0	0	0	7
240	1.0	75.0	[2]	{1}	1.679761154288419	1.3242837457090928	1.353168603184012	0.0	0	650.0183956231922	150.0183956231922	0.6766531842624959	59	23	41	30.374503318173804	0.7058301296593503	0	0	23
302	1.0	75.0	[1]	{1}	4.167360423608007	3.115933519840498	3.115933519840498	0.0	0	129.14898758754134	370.85101241245866	1.3637143614836869	36	6	21	11.982830764163287	0.0	0	0	6
365	1.0	75.0	[1]	{0}	3.862846452221661	3.1234982063521257	3.1234982063521257	0.0	0	950.9429996833204	450.9429996833204	0.5773502691896258	5	1	3	1.6981710009500388	0.0	0	0	1
117	1.0	75.0	[1]	{2}	3.2652942524174486	2.856597141062247	2.856597141062247	0.0	0	993.0951297283171	493.09512972831715	0.15159854215895613	147	77	112	55.67334547042847	0.0	0	0	77
178	1.0	75.0	[2]	{1}	2.7534273311225865	2.2407639125925654	2.384155839007463	0.0	0	99.0560706704855	400.9439293295145	1.0709340071133597	117	77	97	53.82721457235517	1.365078032042875	0	0	77
55	1.0	75.0	[3]	{2}	2.7475884306277014	2.2445613550659664	2.249732146673405	0.0	0	507.29575334116817	7.295753341168165	5.739543332527244	134	70	103	77.50415520656477	2.2210665052457825	0	0	72
489	1.0	75.0	[1]	{0}	4.361598247472047	3.430688131355038	3.430688131355038	0.0	0	237.97442577779293	262.02557422220707	1.532064692570853	55	7	31	21.16961638666689	0.0	0	0	7
427	1.0	75.0	[1]	{2}	7.524867161183438	7.022229442393945	7.022229442393945	0.0	0	728.0682984273881	228.06829842738807	0.6245741583326723	322	114	219	136.96999882238543	0.0	0	0	116
241	1.0	75.0	[3]	{1}	1.6009682726358667	1.2821896016649807	1.2697324241937067	0.0	0	63.72303306125104	436.27696693874896	1.719002406383159	77	15	46	28.82958312408253	0.5806031273030611	0	0	15
303	1.0	75.0	[2]	{1}	2.8131763863937875	2.484969100866527	2.4833705327160045	0.0	0	278.51449442096055	221.48550557903945	0.7128869874673407	145	53	98	64.20918854251877	1.0839998237799588	0	0	51
366	1.0	75.0	[3]	{2}	3.8390282456809635	3.2203615034794986	3.2225765552078984	0.0	0	737.1711828745902	237.17118287459016	6.689991671716703	165	109	137	91.85853074740245	2.7557824315947155	0	0	109
118	1.0	75.0	[3]	{2}	3.8570616836818292	2.976339799320588	2.9729592475106115	0.0	0	608.6408752016723	108.64087520167232	1.828690941801215	124	24	75	55.861232123184955	0.6724206358780966	0	0	26
179	1.0	75.0	[1]	{0}	2.2364688973952123	1.9641138341812612	1.9641138341812612	0.0	0	20.505843684077263	479.49415631592274	1.423976835169825	89	7	48	26.27628049683571	0.0	0	0	7
428	1.0	75.0	[3]	{0}	1.252011913096001	0.9491356871205454	0.9572785886662418	0.0	0	647.9715465102345	147.97154651023448	2.175827214621698	52	18	34	23.12739834885672	0.2011874155275486	0	0	16
242	1.0	75.0	[3]	{0}	2.786513973233428	2.5599949129742883	2.4461625649589993	0.0	0	807.4263774324208	307.42637743242085	4.564468058959073	135	81	108	70.17041735405475	3.2204918302634336	0	0	81
56	1.0	75.0	[1]	{0}	1.8969733103845292	1.721990489518578	1.721990489518578	0.0	0	757.591578643769	257.591578643769	0.8388704928078611	18	2	10	6.596450528137386	0.0	0	0	2
490	1.0	75.0	[2]	{0}	1.853848262201944	1.6865810693670638	1.7003636795496995	0.0	0	319.2041930742562	180.79580692574382	0.0411777244619114	113	49	80	56.7814767429009	0.8496725674384678	0	0	47
304	1.0	75.0	[2]	{1}	1.904440702007711	1.470512278776039	1.4921095203928907	0.0	0	389.3087669275701	110.6912330724299	2.741721040343905	58	28	43	30.284719173189252	0.7350016549706133	0	0	28
367	1.0	75.0	[1]	{2}	2.4819407145665875	1.864526746332463	1.864526746332463	0.0	0	569.3076830357313	69.30768303573132	1.3416407864998738	48	8	28	21.039230732142926	0.0	0	0	8
119	1.0	75.0	[3]	{0}	3.8561551550848945	3.421753802331723	3.293130244581342	0.0	0	804.7302663326263	304.73026633262634	3.4359249634771762	176	78	127	89.93637481904032	3.6302008936768213	0	0	78
180	1.0	75.0	[2]	{2}	2.2438320169897494	1.707601490367753	1.786976065554934	0.0	0	927.8835053555669	427.88350535556685	1.232691473631608	92	26	59	36.193174216154944	0.8505651634586373	0	0	26
429	1.0	75.0	[3]	{1}	5.111834777234755	4.010146879553906	4.158361022292822	0.0	0	853.2669495325536	353.26694953255355	0.9555653077093906	189	71	130	77.99123724861441	3.015432328847245	0	0	71
243	1.0	75.0	[1]	{2}	1.3609582164762768	1.2593239326688435	1.2593239326688435	0.0	0	42.93370759114623	457.06629240885377	1.3051375622229378	73	39	56	30.666287625104196	0.0	0	0	39
57	1.0	75.0	[2]	{0}	2.9111294845704236	2.597964151403728	2.622406158483601	0.0	0	851.7337364610285	351.73373646102846	0.3449319882288412	180	88	134	78.18701667883244	1.23633150073164	0	0	88
491	1.0	75.0	[2]	{1}	4.575551161268515	3.8277849687067924	3.927031804109303	0.0	0	378.2053932081908	121.7946067918092	3.887283734943198	196	88	142	100.79030696156995	2.4541267503133946	0	0	88
305	1.0	75.0	[3]	{0}	2.9223810971362454	2.1705650922147894	2.3916749179676797	0.0	0	807.3140913620591	307.3140913620591	3.4126796363912786	105	75	90	52.56164178737998	2.3186040955806404	0	0	75
368	1.0	75.0	[1]	{1}	1.8098867778536423	1.403438325422058	1.4034383254220577	0.0	0	886.8611368816346	386.8611368816346	0.8113480845393759	55	5	29	17.484638399248944	0.0	0	0	3
181	1.0	75.0	[3]	{2}	1.3624264184162096	1.0978128152336368	1.1042190629777624	0.0	0	438.2340407464653	61.765959253534675	3.451342449813167	67	35	51	37.10957444821113	0.7629120901786339	0	0	35
120	1.0	75.0	[2]	{2}	2.3761329891136294	2.0552864214631157	2.0571861185417406	0.0	0	705.6866416241974	205.68664162419736	0.34070523214428333	104	22	63	40.05423471066914	0.8783555036882696	0	0	22
430	1.0	75.0	[2]	{0}	1.669916599325207	1.2865139905839962	1.2867413690358611	0.0	0	498.0845148675144	1.9154851324856281	1.6107581787255913	65	13	39	27.855422574337574	0.5704884813907192	0	0	13
244	1.0	75.0	[2]	{1}	2.6278336457616573	2.184028286400284	2.1830153593671286	0.0	0	838.4232087992132	338.42320879921317	0.7892456036675928	104	30	66	41.52299314244092	0.8720916144041806	0	0	28
58	1.0	75.0	[1]	{1}	2.461542852837102	2.252703586567829	2.2527035865678284	0.0	0	414.8994535207749	85.1005464792251	0.8229799127034707	102	8	55	40.908883059144024	0.0	0	0	8
492	1.0	75.0	[2]	{2}	1.7152241154682188	1.396928878094214	1.3769681751451055	0.0	0	359.0674898587167	140.93251014128327	2.30459699589286	70	14	42	33.23146008113028	0.6609891794283971	0	0	14
306	1.0	75.0	[2]	{1}	2.1253170402961734	1.7187242813718144	1.7189235773798288	0.0	0	563.0140143912286	63.01401439122856	0.8840695376317527	87	1	44	33.01271971217543	0.6594277823801021	0	0	1
369	1.0	75.0	[3]	{2}	6.046100445528149	4.732520307210928	4.752177590326205	0.0	0	980.4122331552207	480.41223315522075	0.08257329036536522	197	53	125	64.43894425452875	1.7817355818403153	0	0	53
121	1.0	75.0	[3]	{1}	4.952658131095892	3.693621527555529	3.7606663753600618	0.0	0	992.4832128454	492.4832128454	1.9674931221907475	149	35	93	51.7320612053778	0.5055185272611429	0	0	37
182	1.0	75.0	[2]	{1}	4.490594058966764	3.4187660888467892	3.7769566130517562	0.0	0	198.46769073046744	301.53230926953256	4.181592314623018	188	148	168	103.23828284664829	2.7195605586668323	0	0	148
431	1.0	75.0	[1]	{2}	1.441616623521078	0.9868612510866033	0.9868612510866033	0.0	0	968.971553258598	468.97155325859796	1.224744871391589	3	1	2	1.1200568934828041	0.0	0	0	1
245	1.0	75.0	[3]	{0}	1.0811244617797398	0.9016692349403959	0.9283044731712831	0.0	0	917.9712093900888	417.9712093900888	0.565685424949238	59	39	49	27.26335315866583	1.0034140695102038	0	0	39
59	1.0	75.0	[3]	{1}	1.9184043703482347	1.5953976431939967	1.5894556986028145	0.0	0	567.9228669032454	67.92286690324545	2.609446402269223	94	38	66	50.377154266193486	1.2927001351707312	0	0	38
493	1.0	75.0	[2]	{0}	4.713050856661605	3.875148451950593	4.067242050791203	0.0	0	844.7633332107216	344.7633332107216	1.8462492480853285	216	100	158	92.19618668334184	2.2678918796192002	0	0	100
307	1.0	75.0	[2]	{0}	2.669760440175611	2.0740100903507686	2.0992982076243676	0.0	0	401.1235027574003	98.87649724259973	1.1278781600383805	115	23	69	50.36708756893501	1.0201725700593767	0	0	23
370	1.0	75.0	[1]	{1}	0.8622639687854305	0.634497811059651	0.634497811059651	0.0	0	263.4287723340094	236.5712276659906	1.2535663410560174	10	2	6	4.373	0.0	0	0	2
122	1.0	75.0	[1]	{2}	4.426659158382429	3.1711655280047095	3.1711655280047095	0.0	0	589.2441887408495	89.2441887408495	0.007039286781806206	62	6	34	26.380023245036597	0.0	0	0	6
183	1.0	75.0	[2]	{0}	1.8686303406420026	1.6422357449670062	1.6432494984486903	0.0	0	670.1023783534765	170.10237835347652	0.6918430250345173	91	9	50	33.643290595740076	0.7148939948383873	0	0	9
432	1.0	75.0	[1]	{0}	0.17326038149154016	0.14737941312721536	0.1473794131272154	0.0	0	692.034681327641	192.034681327641	1.0	2	2	2	1.5459999999999998	0.0	0	0	2
246	1.0	75.0	[2]	{2}	0.6476299805558865	0.5516502300725535	0.5479292878339274	0.0	0	649.6805793140084	149.68057931400836	0.8642416214502248	35	3	19	13.135791310289875	0.2489735161378427	0	0	3
60	1.0	75.0	[1]	{2}	3.379049506806877	3.1791217861458003	3.1791217861458003	0.0	0	280.9776740614325	219.02232593856752	0.059741677886286974	177	61	119	77.345521820819	0.0	0	0	61
494	1.0	75.0	[2]	{2}	0.5132415446663003	0.4467501473660682	0.43577385996305706	0.0	0	842.096779262647	342.09677926264703	0.8520563361656318	24	8	16	8.821451531797647	0.21123841572527607	0	0	8
308	1.0	75.0	[2]	{2}	2.834261069450233	2.387678562653624	2.3878834633328134	0.0	0	515.7031158450991	15.703115845099092	0.09908890082461212	121	3	62	45.044875366196045	0.9838013376757295	0	0	3
371	1.0	75.0	[1]	{1}	2.5215606428674118	1.8841721564028882	1.884172156402888	0.0	0	838.878683745861	338.87868374586105	1.3764944032233706	29	13	21	13.750819743812086	0.0	0	0	13
123	1.0	75.0	[1]	{2}	5.8738673157258825	4.5239730033705365	4.5239730033705365	0.0	0	61.83900590986013	438.16099409013987	3.205550741379015	29	13	21	7.136941112287344	0.0	0	0	13
184	1.0	75.0	[1]	{2}	2.6031716632800124	2.5270825560423584	2.5270825560423584	0.0	0	757.3767984285951	257.37679842859507	1.4724420548157304	136	20	79	49.106508102141326	0.0	0	0	22
433	1.0	75.0	[1]	{1}	4.557394827671327	3.5638360280862136	3.5638360280862136	0.0	0	54.75773406215012	445.2422659378499	1.1306019943221477	53	9	31	16.95397428780236	0.0	0	0	9
247	1.0	75.0	[3]	{0}	2.694969583217257	2.042821750975275	2.0952167732413436	0.0	0	722.9715203866363	222.97152038663626	2.4378601437407386	114	42	78	58.053854388400914	0.8269019536927729	0	0	42
61	1.0	75.0	[1]	{1}	4.29699940044906	3.2246072884720216	3.2246072884720216	0.0	0	681.7693575285375	181.7693575285375	0.6364731817849729	40	2	21	14.617537067186088	0.0	0	0	2
495	1.0	75.0	[1]	{0}	3.409609624064564	3.004543322943909	3.004543322943909	0.0	0	892.4524723552167	392.45247235521674	2.2850847247647654	146	22	84	49.11070715629308	0.0	0	0	22
309	1.0	75.0	[1]	{1}	3.5728395000828863	3.1872333245954305	3.1872333245954305	0.0	0	607.0840929169208	107.08409291692078	0.05304362659661043	182	6	94	65.65462716832013	0.0	0	0	6
185	1.0	75.0	[1]	{1}	2.6901709005791408	2.506657160870812	2.506657160870812	0.0	0	456.56304992735386	43.43695007264614	1.216498205087895	67	7	37	26.519067449346185	0.0	0	0	7
