iter	recomb_rate	mut_rate	recomb_type	recomb_node	ARG_length_1	ARG_length_2	ARG_length_3	ARG_length_4	root_height_change	bp	bp_pos_deviation	rank_stat	info_sites_global	confounding_info_sites	consistent_info_sites	weighted_consistent_info_sites	rf_dist	no_neu_recurr_mut	no_adv_recurr_mut	info_sites_imbalance
248	0.1	87.5	[3]	{2}	4.74364195466447	3.7028771138707617	3.7413305524354747	0.0	0	374.05245238915086	125.94754761084914	1.6581092079692943	169	39	104	76.39241280990093	1.7741058102845377	0	0	39
372	0.1	87.5	[3]	{0}	6.472682259816515	5.572861432218814	5.24574617413445	0.0	0	828.4003599546849	328.40035995468486	3.357435610031448	222	56	138	92.89237696290013	4.125962617179741	0	0	54
124	0.1	87.5	[1]	{1}	5.868646634643498	4.290397878849444	4.290397878849444	0.0	0	88.72793521732092	411.2720647826791	0.5167373596164968	105	29	67	39.11049230738731	0.0	0	0	29
310	0.1	87.5	[2]	{2}	4.958448961083309	4.145451946229552	4.332288747796332	0.0	0	757.5636345427484	257.56363454274845	2.378962753086692	248	126	188	120.48432754950221	2.5784648149619276	0	0	128
186	0.1	87.5	[1]	{1}	8.183255139394019	7.50195004715747	7.50195004715747	0.0	0	792.5831733737143	292.5831733737143	0.5714701418641444	346	138	243	148.8336196441667	0.0	0	0	140
434	0.1	87.5	[1]	{0}	3.507705065587189	2.914908070227122	2.9149080702271215	0.0	0	203.22620938532043	296.77379061467957	0.10647942749999	119	7	63	42.68536974725686	0.0	0	0	7
62	0.1	87.5	[1]	{1}	5.507585885736096	3.7035496320656804	3.7035496320656804	0.0	0	612.1456078253686	112.14560782536864	0.7302967433402214	11	3	7	5.149145607825369	0.0	0	0	3
496	0.1	87.5	[1]	{2}	12.59958032844438	9.207948818708381	9.207948818708381	0.0	0	680.2252647466958	180.22526474669576	0.0682523632789935	45	1	23	17.06587367626652	0.0	0	0	1
0	0.1	87.5	[2]	{0}	4.693771113244795	4.130184935498307	4.143566256273206	0.0	0	376.2205918319522	123.77940816804778	1.3423379779446523	251	71	161	110.62922108097752	1.904786894153951	0	0	71
249	0.1	87.5	[1]	{0}	12.007412942713826	8.192658660086577	8.192658660086577	0.0	0	128.9204838685691	371.07951613143086	0.5463885694440419	33	3	18	9.573727741897104	0.0	0	0	3
435	0.1	87.5	[1]	{2}	4.037273710515097	3.790720617100604	3.790720617100604	0.0	0	285.105393268168	214.89460673183203	0.3380617018914066	13	1	7	4.531526966340839	0.0	0	0	1
311	0.1	87.5	[3]	{1}	5.029960400480405	3.810175589769136	4.100825568741545	0.0	0	773.5419899690899	273.54198996908985	4.01739710487043	217	123	170	107.16945732408016	3.6893846071864984	0	0	123
187	0.1	87.5	[1]	{2}	6.297305327081107	4.349622727385208	4.349622727385208	0.0	0	491.6315446607769	8.36845533922309	0.8100925873009824	15	3	9	6.706631544660777	0.0	0	0	3
373	0.1	87.5	[1]	{1}	4.30416550001038	3.3753980850740017	3.3753980850740017	0.0	0	872.2524358890954	372.2524358890954	0.8819047324154811	143	3	73	41.254106282543376	0.0	0	0	3
125	0.1	87.5	[1]	{2}	1.8055937768610004	1.7629176913801567	1.7629176913801567	0.0	0	817.6983324810863	317.69833248108625	0.008523690424912796	123	55	90	51.00594340662659	0.0	0	0	57
63	0.1	87.5	[1]	{1}	6.5721007713960455	4.8278099763327225	4.8278099763327225	0.0	0	840.1333028450608	340.1333028450608	0.3175536744149779	31	3	17	11.397533668704332	0.0	0	0	3
497	0.1	87.5	[1]	{2}	8.926046219314546	6.605750502287436	6.605750502287436	0.0	0	930.2669016178696	430.2669016178696	0.4966996338993914	56	4	31	19.027793656317517	0.0	0	0	6
1	0.1	87.5	[2]	{2}	8.442839884432473	7.694111074504079	7.277224922988956	0.0	0	12.58380431681874	487.4161956831813	0.17466114930456067	318	124	221	114.265020754017	3.911103091929653	0	0	124
126	0.1	87.5	[3]	{0}	2.4820544828157733	2.1387742229273488	2.1339086326372203	0.0	0	397.8869132697582	102.11308673024178	5.582941758377242	136	76	107	81.0295298725069	2.226591201617711	0	0	78
64	0.1	87.5	[3]	{0}	1.5986974911425083	1.3750436906748267	1.3761393529515455	0.0	0	381.4023989252746	118.59760107472539	6.463654981474223	97	73	85	62.336426388178005	1.4261683627535726	0	0	73
312	0.1	87.5	[1]	{0}	3.176602094693459	2.4740085263082827	2.4740085263082827	0.0	0	776.3699740171434	276.36997401714336	0.8278327231656524	35	7	21	13.560190337777136	0.0	0	0	7
436	0.1	87.5	[3]	{0}	3.3477080455609776	2.993755258047708	3.0458022458017666	0.0	0	672.7860765531659	172.7860765531659	10.852732151869004	220	188	204	142.49726325370372	4.58139180997066	0	0	188
374	0.1	87.5	[3]	{1}	2.8292908252188016	2.47932178056052	2.4913081551581424	0.0	0	208.62485235556977	291.3751476444302	5.901983399689442	166	130	148	98.67773494026814	2.995857547863736	0	0	130
250	0.1	87.5	[2]	{0}	3.9177362928081942	3.6322265544647268	3.632586601069079	0.0	0	691.2588502746078	191.25885027460777	1.2439151797866161	236	92	164	106.80869015935805	1.6756009641741354	0	0	92
188	0.1	87.5	[1]	{2}	10.013473670923396	6.748745460466791	6.748745460466792	0.0	0	621.5028204023839	121.50282040238392	1.3867504905630728	12	0	6	4.071000000000001	0.0	0	0	0
498	0.1	87.5	[1]	{2}	4.355015460457064	3.563298846221887	3.563298846221887	0.0	0	621.9250636640936	121.92506366409361	0.45824847735408936	157	23	90	64.09214732610806	0.0	0	0	23
2	0.1	87.5	[1]	{1}	3.2782963060165464	2.5606957929864915	2.560695792986491	0.0	0	295.3678960911929	204.6321039088071	1.2935050892874596	34	10	22	16.782999999999998	0.0	0	0	10
437	0.1	87.5	[3]	{1}	7.9769134704174895	6.63713367026063	6.873107743402951	0.0	0	906.0690831393006	406.0690831393006	5.135697790081186	334	250	293	171.74962729598562	7.704499173199519	0	0	252
189	0.1	87.5	[3]	{2}	7.272594376789613	6.260824191147522	6.1740347779213245	0.0	0	386.4322432782501	113.5677567217499	8.13617704846881	301	153	227	165.69439954162567	6.520920182742778	0	0	153
375	0.1	87.5	[1]	{0}	7.733379796193096	5.714318881163759	5.714318881163759	0.0	0	494.3105536513032	5.689446348696777	0.10647942749999	62	2	32	23.859484429210433	0.0	0	0	2
313	0.1	87.5	[1]	{1}	5.0931729069748615	4.62376555647527	4.62376555647527	0.0	0	287.1913763228806	212.80862367711939	0.4689550500685535	66	10	38	26.073827526457617	0.0	0	0	10
65	0.1	87.5	[1]	{1}	5.960157157040828	4.211795746745929	4.211795746745928	0.0	0	226.4822409488261	273.5177590511739	0.4125668110757385	58	12	35	23.505091541822992	0.0	0	0	12
127	0.1	87.5	[1]	{2}	11.456856752871257	8.500382449557723	8.500382449557723	0.0	0	108.59645623713736	391.4035437628626	0.3097239380141126	263	3	132	78.35306688629093	0.0	0	0	1
251	0.1	87.5	[1]	{1}	7.02675824182708	6.105760421244824	6.105760421244824	0.0	0	92.04517304897324	407.95482695102675	0.091869258350774	239	15	127	72.82974317014214	0.0	0	0	15
499	0.1	87.5	[2]	{0}	1.9598839608309895	1.6767407284363174	1.6430930104504535	0.0	0	859.6769014839081	359.67690148390807	0.11952286093343938	107	29	67	40.68406281244942	0.7567008739283101	0	0	27
3	0.1	87.5	[1]	{0}	2.0412059183221825	1.4432616175059165	1.4432616175059165	0.0	0	409.53179355710745	90.46820644289255	1.1292557986975884	48	6	27	20.38265896778554	0.0	0	0	6
438	0.1	87.5	[1]	{0}	1.8676041519231543	1.5275920251836959	1.5275920251836959	0.0	0	181.2830124981701	318.71698750182986	0.43082021842766455	23	1	12	7.619264099985361	0.0	0	0	1
376	0.1	87.5	[1]	{0}	3.811852220285045	2.638401341278486	2.638401341278486	0.0	0	306.6033362410964	193.39666375890363	0.7453559924999299	8	2	5	3.3876033362410967	0.0	0	0	2
66	0.1	87.5	[1]	{0}	1.8819838301327023	1.7236085905260201	1.7236085905260201	0.0	0	424.7517734766007	75.2482265233993	0.6879098813996801	109	13	61	45.17431207168103	0.0	0	0	13
190	0.1	87.5	[3]	{1}	6.198550893136402	5.4682146048887645	5.73405324488275	0.0	0	82.69087411463273	417.3091258853673	6.661990784451838	329	309	319	179.4991356262117	9.318151097551734	0	0	309
314	0.1	87.5	[1]	{2}	5.612017956479569	5.26633682397936	5.26633682397936	0.0	0	341.9850000645966	158.0149999354034	0.5567778881319517	290	70	180	122.31157001046464	0.0	0	0	70
128	0.1	87.5	[2]	{1}	6.257374280395448	6.125480938959466	6.114253430100472	0.0	0	698.2645024545492	198.2645024545492	0.80483234405733	363	139	251	162.02966789372624	3.0421952311403135	0	0	139
252	0.1	87.5	[2]	{2}	8.136317427049413	6.428071261664595	6.438491496860549	0.0	0	486.2793311476708	13.720668852329197	2.982730100589045	273	67	170	128.79140789508818	3.1297881209803364	0	0	67
4	0.1	87.5	[1]	{1}	14.295962569979652	10.164074371991658	10.164074371991658	0.0	0	161.83555219322437	338.1644478067756	0.218866384652979	55	7	31	19.731875491671264	0.0	0	0	7
377	0.1	87.5	[3]	{2}	5.4284541761227585	4.649523470882884	4.643513107880444	0.0	0	895.0266495812684	395.02664958126843	3.4209923395222357	233	133	183	111.43324240904114	4.592594888653496	0	0	133
67	0.1	87.5	[3]	{2}	7.18618399430331	6.604218700525141	6.65377424035967	0.0	0	176.15460581146186	323.84539418853814	7.958795403590502	340	266	303	196.55869419134967	10.26611217297847	0	0	266
439	0.1	87.5	[1]	{2}	4.784378164144307	3.853227067847323	3.853227067847323	0.0	0	521.2438325397671	21.24383253976714	0.3604991360502178	180	20	100	75.7580740095228	0.0	0	0	20
253	0.1	87.5	[3]	{1}	1.6246982842373134	1.3622704522622484	1.3834828275037816	0.0	0	274.6965892147274	225.3034107852726	3.851675001083521	97	55	76	54.92407721173018	1.4138231769907692	0	0	55
191	0.1	87.5	[1]	{2}	4.780789529443698	3.6043444148147628	3.6043444148147628	0.0	0	445.4637779854237	54.53622201457631	0.5928160717614028	48	2	25	18.94839133395627	0.0	0	0	2
129	0.1	87.5	[1]	{2}	2.386492761035382	1.9287474747025133	1.9287474747025133	0.0	0	458.3887034095824	41.61129659041762	1.205031468608241	27	3	15	10.206166110228748	0.0	0	0	3
315	0.1	87.5	[1]	{1}	3.1046228285401494	2.9286552692923005	2.9286552692923005	0.0	0	866.0563137382271	366.0563137382271	0.7313785983623684	201	113	157	92.21315874309838	0.0	0	0	113
5	0.1	87.5	[1]	{1}	4.094336609974017	2.7673872173740692	2.7673872173740692	0.0	0	570.3987712040545	70.39877120405447	0.3333333333333333	8	0	4	3.236797542408109	0.0	0	0	0
378	0.1	87.5	[1]	{0}	7.577796219702112	6.177895536056368	6.177895536056368	0.0	0	640.5492825433612	140.5492825433612	2.2391714737574007	15	5	11	8.025253587283194	0.0	0	0	7
440	0.1	87.5	[1]	{2}	6.253528042435999	4.776484702289756	4.776484702289757	0.0	0	1.6598082147538384	498.34019178524613	0.4622501635210242	12	6	9	3.219938273932785	0.0	0	0	6
254	0.1	87.5	[3]	{2}	8.651793437199302	7.6097601468699345	7.669571351549827	0.0	0	20.33384051173925	479.66615948826075	0.7431462328791327	355	253	304	159.32681983454526	9.570503590012438	0	0	253
68	0.1	87.5	[1]	{2}	7.789859024305336	7.38190403828475	7.38190403828475	0.0	0	790.3702366165818	290.3702366165818	0.5709719811124133	310	136	223	142.39876575269926	0.0	0	0	136
192	0.1	87.5	[2]	{0}	2.198901795927876	2.017821570848972	1.9659196331467057	0.0	0	983.5778707638384	483.5778707638384	0.0586808922915321	126	68	97	47.36094653590768	0.9737977525761495	0	0	68
130	0.1	87.5	[1]	{2}	8.582888063777196	6.720333271789842	6.720333271789842	0.0	0	711.110602132976	211.11060213297606	0.9258200997725514	6	0	3	1.0816681936010717	0.0	0	0	0
316	0.1	87.5	[1]	{1}	4.50675143691385	4.179823759131249	4.179823759131249	0.0	0	172.87238431163144	327.12761568836856	0.02210885726538363	218	62	140	85.67268611739581	0.0	0	0	62
6	0.1	87.5	[1]	{1}	1.5187078887195429	1.4321682507988651	1.4321682507988651	0.0	0	916.2208915222438	416.22089152224385	1.0007435171822816	115	65	90	51.52011976299805	0.0	0	0	65
379	0.1	87.5	[1]	{0}	6.711099394495135	5.605711818678872	5.605711818678872	0.0	0	113.78174507990474	386.21825492009526	1.5285739960952043	12	8	10	6.131690470479429	0.0	0	0	8
193	0.1	87.5	[3]	{2}	3.413797429889099	2.8066446170432493	2.779001009369078	0.0	0	33.35763397626576	466.6423660237342	1.2365359113345016	158	56	107	59.818121031602864	1.8084628825380833	0	0	56
441	0.1	87.5	[2]	{1}	3.5897602751243407	2.9041471493061644	2.951598081043428	0.0	0	318.4508082922549	181.54919170774508	2.3024274497087114	155	51	103	72.7631057721656	1.4180847460041224	0	0	51
255	0.1	87.5	[1]	{2}	3.6001554920047942	3.1346830075146466	3.1346830075146466	0.0	0	763.4216872975231	263.42168729752314	1.3413654341128134	197	63	130	84.30814452105759	0.0	0	0	63
69	0.1	87.5	[2]	{0}	9.595905963342725	9.443593168233427	9.424175200296641	0.0	0	738.9146741479638	238.91467414796375	0.7902734757442814	466	204	336	208.87949883458012	4.70749796280481	0	0	206
317	0.1	87.5	[1]	{2}	2.823805203924456	2.3417549253274856	2.3417549253274856	0.0	0	886.4239265676589	386.4239265676589	0.34276216020584394	124	20	72	39.16171655280514	0.0	0	0	20
131	0.1	87.5	[2]	{0}	6.626897544502828	5.6256967151488375	5.671164249320704	0.0	0	720.1639236882331	220.16392368823313	0.9190306565665917	282	90	187	122.18591967570038	2.5642322097391306	0	0	92
7	0.1	87.5	[1]	{0}	7.754768856914134	6.084396114893873	6.084396114893873	0.0	0	294.25361077301204	205.74638922698796	0.9619915343510866	229	3	115	85.76387637705542	0.0	0	0	1
380	0.1	87.5	[1]	{2}	4.151496224283786	3.0763528074287207	3.0763528074287207	0.0	0	870.9721039049329	370.97210390493285	0.8492077756084468	12	2	7	3.4031952726654695	0.0	0	0	2
194	0.1	87.5	[1]	{2}	2.616515318965418	2.1402443077651196	2.1402443077651196	0.0	0	220.14953894540668	279.8504610545933	1.224744871391589	3	1	2	0.9912990778908133	0.0	0	0	1
442	0.1	87.5	[2]	{2}	1.2132472521658244	0.9808500784234668	0.9684066217106346	0.0	0	911.7311253212392	411.73112532123923	0.08207826816681232	49	5	27	16.126721866969017	0.3920052837851298	0	0	5
256	0.1	87.5	[1]	{2}	4.887418181148096	3.4331767281711323	3.433176728171132	0.0	0	146.70073194429284	353.29926805570716	0.6979008791122397	69	7	39	24.348321226384492	0.0	0	0	9
318	0.1	87.5	[3]	{2}	5.73801826890267	4.75137367162333	4.716676786679331	0.0	0	740.0331208482386	240.03312084823858	3.2644229339254642	246	58	152	105.11381402401628	3.4498550854851144	0	0	58
70	0.1	87.5	[3]	{0}	7.780563153399124	5.616258215790933	6.153816519528572	0.0	0	959.7348074894398	459.73480748943985	0.8349957279214292	243	113	178	91.31461311181636	3.716432339744169	0	0	113
132	0.1	87.5	[1]	{0}	6.721507988455015	4.833571349546483	4.833571349546483	0.0	0	920.9546819329262	420.9546819329262	0.7339616409612131	67	11	38	18.264631450414658	0.0	0	0	9
8	0.1	87.5	[1]	{1}	3.5338957339214514	2.9910167417022118	2.991016741702212	0.0	0	579.8440193757415	79.84401937574148	nan	0	0	0	0.0	0.0	0	0	0
381	0.1	87.5	[3]	{1}	4.79942200804884	4.232832882189825	4.195117737652138	0.0	0	619.1091951914132	119.10919519141316	7.9417540688623545	222	138	180	135.8715977057889	5.081053286515213	0	0	138
195	0.1	87.5	[1]	{1}	2.251580656267904	1.7773377647216493	1.7773377647216493	0.0	0	458.6474050302061	41.35259496979393	1.0746901067914962	56	6	31	22.484531835211442	0.0	0	0	6
257	0.1	87.5	[1]	{2}	2.0826898179855204	1.5721495291003083	1.572149529100308	0.0	0	419.8036892339588	80.19631076604122	1.0	2	0	1	0.9778036892339588	0.0	0	0	0
443	0.1	87.5	[1]	{0}	4.431122180092621	3.3001231419482533	3.3001231419482533	0.0	0	46.73321731388569	453.2667826861143	nan	1	1	1	0.8947332173138857	0.0	0	0	1
319	0.1	87.5	[3]	{2}	3.338652954293934	2.6510826710780955	2.6799624417396104	0.0	0	146.3657228741795	353.6342771258205	1.9260554608626073	159	51	105	68.4826977698151	1.4894474512471485	0	0	51
71	0.1	87.5	[3]	{1}	4.276935337418906	3.8556756734165054	3.5922155440890142	0.0	0	905.6695087347184	405.6695087347184	4.5996533328889475	207	97	152	85.62167600424212	3.7255575629396933	0	0	97
133	0.1	87.5	[1]	{1}	4.3870507317241145	3.807858510103437	3.807858510103437	0.0	0	848.517722915858	348.51772291585803	1.0734900802433864	17	9	13	7.901375939588995	0.0	0	0	9
9	0.1	87.5	[3]	{2}	5.180943191618756	4.206817163204317	4.1498626208131215	0.0	0	30.60213988646865	469.39786011353135	1.9207379602726238	192	56	124	62.74684822683036	2.234577142815058	0	0	56
382	0.1	87.5	[3]	{1}	2.096402736783583	1.9281979287187196	1.770415366866324	0.0	0	820.6183519214394	320.6183519214394	4.754852976721097	113	37	75	44.50512097890674	2.077026072909429	0	0	37
196	0.1	87.5	[1]	{0}	5.581557329878665	4.109490077448077	4.109490077448077	0.0	0	683.0098694190384	183.0098694190384	1.3198240351921795	30	4	17	12.48400986941904	0.0	0	0	4
444	0.1	87.5	[3]	{0}	4.309631866735549	3.4996547070272124	3.6585404422648766	0.0	0	5.92166814021744	494.07833185978257	0.06324441739545826	198	142	169	88.12776191569675	3.732112388868045	0	0	140
258	0.1	87.5	[1]	{1}	2.449187942007299	1.891219705906059	1.891219705906059	0.0	0	384.55766392871766	115.44233607128234	0.24310746898395055	85	13	49	36.634056926075374	0.0	0	0	13
320	0.1	87.5	[1]	{1}	8.715107514769464	6.01811982793334	6.01811982793334	0.0	0	891.8184712529184	391.81847125291836	1.044465935734187	45	1	23	13.078449046194553	0.0	0	0	1
72	0.1	87.5	[1]	{1}	5.643136277894796	4.259045941649636	4.259045941649636	0.0	0	896.2963800877333	396.29638008773327	0.2443159010140678	138	20	78	48.115031674385065	0.0	0	0	18
134	0.1	87.5	[2]	{1}	7.326543709526596	6.667320933301328	6.5607045563188	0.0	0	707.113249693066	207.113249693066	1.353246560014058	351	45	198	131.28406805402034	3.4122060303528112	0	0	45
10	0.1	87.5	[1]	{2}	2.5820716260226266	1.9818602749224812	1.981860274922481	0.0	0	256.4384592697025	243.5615407302975	2.1923944459411056	12	4	8	5.598000000000001	0.0	0	0	4
383	0.1	87.5	[1]	{2}	4.876985632520096	4.21456573867324	4.21456573867324	0.0	0	241.96603707969197	258.033962920308	0.19972375677423507	44	0	22	15.790796222478154	0.0	0	0	0
197	0.1	87.5	[2]	{1}	3.0574234746632314	2.5856100072000996	2.444692601514129	0.0	0	992.6770185120406	492.6770185120406	0.4119111212676108	121	13	67	32.89763975969328	1.2020047711054747	0	0	13
445	0.1	87.5	[2]	{1}	2.5715393807833458	2.140590191731353	2.2033165856240973	0.0	0	367.7087079267952	132.29129207320477	2.670085458918457	146	54	100	72.17235730731487	1.391700506628358	0	0	54
73	0.1	87.5	[1]	{2}	2.536687468618122	2.3445830729415396	2.3445830729415396	0.0	0	329.6436807140708	170.3563192859292	0.37256444414609513	100	2	51	36.638942572139214	0.0	0	0	2
259	0.1	87.5	[1]	{2}	2.0677885245584453	1.8016844664456946	1.8016844664456946	0.0	0	336.62097598426044	163.37902401573956	0.5590187068895389	116	16	66	47.917597087401866	0.0	0	0	16
321	0.1	87.5	[1]	{0}	3.7303265386584457	2.9748357256949713	2.9748357256949713	0.0	0	994.7390845045448	494.73908450454485	0.18737290317825295	132	12	72	36.521785915672766	0.0	0	0	12
135	0.1	87.5	[1]	{2}	4.915757763733104	4.038316842513023	4.038316842513022	0.0	0	91.09994256868951	408.9000574313105	0.3330694114128305	113	5	59	37.07449741559103	0.0	0	0	5
11	0.1	87.5	[1]	{2}	4.470434945498634	3.5312793065823183	3.5312793065823183	0.0	0	251.7891335301101	248.2108664698899	0.45550301118354736	97	5	51	39.3846804688312	0.0	0	0	5
384	0.1	87.5	[1]	{0}	4.479497764932882	4.162405560116467	4.162405560116468	0.0	0	607.2776755318046	107.27767553180456	2.4289186344316294	114	12	63	43.73883486702292	0.0	0	0	12
198	0.1	87.5	[3]	{0}	3.3895075602414915	2.8759615133508083	2.8843922471133236	0.0	0	822.8822583332659	322.8822583332659	4.626852239926686	164	110	138	86.87759675000609	2.7642034764446586	0	0	112
446	0.1	87.5	[3]	{2}	8.36579563294945	7.607750817995971	7.6734282949421555	0.0	0	278.7502300925554	221.2497699074446	11.001684015827305	373	289	330	231.5000331333282	11.489500223981207	0	0	287
260	0.1	87.5	[1]	{0}	1.7879801762237015	1.595878803965987	1.595878803965987	0.0	0	352.65677585266525	147.34322414733475	0.7307742522502678	85	11	48	37.06919486193731	0.0	0	0	11
74	0.1	87.5	[2]	{2}	2.0813989929551826	1.7262408569717356	1.730742202557793	0.0	0	995.6498723477126	495.64987234771263	0.07951380181206946	99	47	73	36.26655931861698	0.6991244103984868	0	0	47
322	0.1	87.5	[1]	{1}	2.570696879400963	2.220103015378135	2.220103015378135	0.0	0	993.651069700718	493.65106970071804	1.4158726990194461	130	8	69	31.96907619065045	0.0	0	0	8
136	0.1	87.5	[3]	{2}	3.2863794041536742	2.8014144092477147	2.7576145001673917	0.0	0	432.63963377103215	67.36036622896785	5.108592701935741	139	59	99	72.66736036622898	2.992872221106703	0	0	59
12	0.1	87.5	[2]	{0}	7.259542666406844	6.922448445411764	6.897020608644798	0.0	0	397.8375983424484	102.16240165755158	1.6072090592998396	379	61	220	157.1088956519141	3.5161455068768803	0	0	61
385	0.1	87.5	[1]	{2}	1.754295450008676	1.5914674648498148	1.5914674648498148	0.0	0	425.7142413407564	74.28575865924358	nan	0	0	0	0.0	0.0	0	0	0
199	0.1	87.5	[1]	{0}	4.083115880430622	3.472960147705136	3.472960147705136	0.0	0	96.15823207423088	403.8417679257691	0.7765802747153208	25	5	15	9.037057016965004	0.0	0	0	5
447	0.1	87.5	[1]	{2}	2.027828301043726	1.7738857296953756	1.7738857296953756	0.0	0	428.65497129969305	71.34502870030695	0.3582136571029538	76	8	42	31.01578948339447	0.0	0	0	8
323	0.1	87.5	[1]	{0}	2.5649039835023384	2.0119584882492134	2.0119584882492134	0.0	0	528.451420832425	28.451420832425015	0.49558605340765993	118	0	59	43.843062787491824	0.0	0	0	0
261	0.1	87.5	[2]	{2}	5.515116475300596	5.086045498678775	4.955173951662864	0.0	0	63.212174456566544	436.7878255434334	0.7201384650604513	256	142	199	106.59437401903045	2.4972384126376617	0	0	142
75	0.1	87.5	[2]	{2}	5.330301972779467	4.550795553639044	4.569131297531391	0.0	0	452.7350161224604	47.26498387753958	2.502229083667105	238	66	152	112.32221138653152	2.291915361322869	0	0	66
137	0.1	87.5	[1]	{1}	6.312679386149215	4.268596531333207	4.268596531333207	0.0	0	291.1134222522377	208.88657774776232	nan	1	1	1	0.37711342225223765	0.0	0	0	1
13	0.1	87.5	[1]	{2}	6.598359516462398	5.584652301272172	5.584652301272172	0.0	0	172.38377872854468	327.6162212714553	0.05913123959890826	51	13	32	20.273978246942157	0.0	0	0	13
386	0.1	87.5	[2]	{2}	2.1523045068291786	1.7237927832964004	1.7710389795558439	0.0	0	290.4900989960879	209.5099010039121	2.02425313197529	114	46	80	54.68646534578876	0.9203949051488013	0	0	46
200	0.1	87.5	[3]	{1}	10.633410986479438	8.66507632217236	8.474275092123566	0.0	0	128.1617411877961	371.8382588122039	1.521083049319216	352	66	209	126.92671684885956	4.506864453180357	0	0	66
262	0.1	87.5	[1]	{0}	1.1179658079209838	1.100277097651061	1.100277097651061	0.0	0	534.2059542890639	34.205954289063925	0.6030226891555273	17	1	9	6.873617862867192	0.0	0	0	1
324	0.1	87.5	[1]	{2}	6.266366653702738	4.420678680793763	4.420678680793763	0.0	0	447.67093472182745	52.32906527817255	0.5698100949472531	78	2	40	29.427367477774617	0.0	0	0	2
448	0.1	87.5	[2]	{1}	5.9192010163308355	5.5655852560829855	5.546828753241517	0.0	0	635.190600063652	135.19060006365203	1.0694363719381366	344	80	212	149.53773638688767	2.7259694211093257	0	0	80
76	0.1	87.5	[1]	{1}	3.653583991060883	3.360192677957959	3.360192677957959	0.0	0	162.76045632548642	337.2395436745136	0.4424358040618816	191	71	131	82.74993156478	0.0	0	0	71
138	0.1	87.5	[1]	{2}	3.840731438939681	3.0723593720665776	3.0723593720665776	0.0	0	679.2891509830953	179.28915098309528	0.2027779108258124	24	2	13	9.916554245084525	0.0	0	0	2
14	0.1	87.5	[2]	{0}	3.3545338785694203	2.607969235906254	2.581656115667467	0.0	0	669.9147389736029	169.91473897360288	0.5554256915936768	143	1	72	53.405728352844704	1.0592499047559136	0	0	1
201	0.1	87.5	[1]	{0}	6.167298681097799	5.496949438791116	5.496949438791116	0.0	0	598.8768069073554	98.87680690735544	1.246855446682332	193	9	101	74.29161596546324	0.0	0	0	9
449	0.1	87.5	[1]	{1}	6.155515858170818	5.280246538248049	5.280246538248049	0.0	0	586.1506895162166	86.15068951621663	0.0	7	1	4	3.1229999999999998	0.0	0	0	1
139	0.1	87.5	[3]	{1}	9.69129600196425	9.016553187472711	9.012609622972327	0.0	0	484.5665672328325	15.433432767167517	14.216219167027166	442	330	386	287.5369319412595	14.20862186354568	0	0	330
202	0.1	87.5	[1]	{0}	2.2423775626240046	2.0332771833118715	2.0332771833118715	0.0	0	735.3482716716827	235.3482716716827	nan	1	1	1	0.35865172832831727	0.0	0	0	1
450	0.1	87.5	[1]	{1}	2.9863321729946932	2.795852493240722	2.795852493240722	0.0	0	70.79441240057355	429.20558759942645	0.136504726557987	45	3	24	12.82247707281262	0.0	0	0	3
387	0.1	87.5	[1]	{1}	4.081774539954476	3.4558543722175283	3.4558543722175283	0.0	0	782.1274092420938	282.1274092420938	0.46171048826923694	125	7	66	42.084648811832054	0.0	0	0	7
325	0.1	87.5	[1]	{1}	12.745824997753445	10.423402066311166	10.423402066311166	0.0	0	368.190412875265	131.809587124735	0.9441522753294226	103	7	55	39.146237018879496	0.0	0	0	7
263	0.1	87.5	[2]	{2}	11.633640668554598	11.021304269388983	11.2173741403763	0.0	0	183.83694137446588	316.1630586255341	3.2604988583202883	510	370	441	264.78167843590126	6.020708076619082	0	0	372
77	0.1	87.5	[2]	{1}	6.990579106882194	6.716577308633941	6.5275311600423365	0.0	0	58.58939117752024	441.41060882247973	0.08356190445537306	375	241	308	163.85817491796615	3.4605189175972533	0	0	241
15	0.1	87.5	[1]	{1}	1.901294204302417	1.3969455358621135	1.3969455358621135	0.0	0	937.3055486939847	437.30554869398475	0.020956487115397715	32	12	22	13.034889026120304	0.0	0	0	12
388	0.1	87.5	[2]	{1}	1.5896853627433807	1.330190236273008	1.2732310049120898	0.0	0	234.578385949135	265.421614050865	2.816247503327788	79	3	41	30.661086736321455	0.6929873928912573	0	0	3
326	0.1	87.5	[3]	{2}	5.37135124181079	4.949707525083401	5.061387486158665	0.0	0	909.0636838227512	409.06368382275116	5.449165110584785	314	284	298	172.8391874707936	8.536006068046794	0	0	282
264	0.1	87.5	[1]	{1}	4.584913326157025	4.071174308764351	4.071174308764351	0.0	0	675.1547851599754	175.1547851599754	1.2509255832441892	17	5	11	8.507535644520074	0.0	0	0	5
78	0.1	87.5	[1]	{0}	6.525237945361482	6.314957789994709	6.314957789994709	0.0	0	578.2351710367947	78.23517103679467	0.1282288712548755	260	32	146	105.09907187009979	0.0	0	0	32
140	0.1	87.5	[1]	{2}	1.9726497012606083	1.7025794639164689	1.7025794639164689	0.0	0	256.78078760392964	243.21921239607036	0.9304416872989242	123	11	67	43.29406646863184	0.0	0	0	11
16	0.1	87.5	[2]	{2}	3.5770367178367533	2.9581494487507594	2.961782829397449	0.0	0	535.5153337586671	35.51533375866711	1.1589796334239086	176	32	104	76.47201863944534	1.2755690319786002	0	0	32
451	0.1	87.5	[1]	{0}	6.268881971631768	4.854704516289297	4.854704516289297	0.0	0	30.718676745891543	469.28132325410843	0.3039740428042212	58	4	31	14.58227897912264	0.0	0	0	4
389	0.1	87.5	[1]	{2}	4.658413218897257	3.34662148483944	3.3466214848394404	0.0	0	478.5136226564646	21.486377343535423	0.28322059201851035	32	6	19	14.470513622656465	0.0	0	0	6
203	0.1	87.5	[1]	{1}	8.032473812551672	5.86394616346103	5.86394616346103	0.0	0	812.1112701483071	312.1112701483071	0.5057694217035739	46	4	25	16.56610840747878	0.0	0	0	4
327	0.1	87.5	[1]	{2}	5.282031440116382	3.84628237595775	3.84628237595775	0.0	0	572.3851551301778	72.38515513017785	0.7348469228349533	9	3	6	4.607	0.0	0	0	3
265	0.1	87.5	[1]	{1}	4.767869437372291	3.806586848819797	3.806586848819797	0.0	0	424.64283853769297	75.35716146230703	1.4172014703709663	112	8	61	45.553928515613066	0.0	0	0	10
141	0.1	87.5	[1]	{0}	5.144574024104941	3.827842936225146	3.827842936225146	0.0	0	484.90264848805975	15.097351511940246	1.9197015695057336	126	16	71	51.705929133368656	0.0	0	0	16
79	0.1	87.5	[2]	{1}	2.3233847462307775	2.002842976925138	2.006247365816121	0.0	0	775.8881356567146	275.88813565671455	1.8314030870020792	143	57	100	65.40862033352253	0.8568947364264978	0	0	57
17	0.1	87.5	[1]	{0}	3.783973093621429	2.9034158349959	2.9034158349959003	0.0	0	316.01637462154025	183.98362537845975	0.4678214015016628	88	0	44	30.658327492430807	0.0	0	0	0
204	0.1	87.5	[1]	{1}	3.1996065568228307	2.2546372269429495	2.2546372269429495	0.0	0	606.3059736043216	106.3059736043216	0.8677826317076739	46	6	26	18.93316415837407	0.0	0	0	6
390	0.1	87.5	[2]	{1}	2.2618373209433797	1.7074593379158873	1.7101121474661953	0.0	0	111.7295627482237	388.2704372517763	0.5913616996688592	78	6	42	25.997346007943154	0.5860258628227684	0	0	6
452	0.1	87.5	[2]	{1}	6.470399083734285	5.193250294694335	5.008681454474581	0.0	0	24.52834649011498	475.471653509885	0.09074565217865699	211	19	115	59.974589767422565	2.161662446309677	0	0	19
328	0.1	87.5	[1]	{2}	5.841010811047672	4.232148137163181	4.232148137163182	0.0	0	339.4588450901209	160.54115490987908	0.94	49	3	25	17.685047295991332	0.0	0	0	1
266	0.1	87.5	[1]	{1}	1.2752607049278124	1.0248608186064891	1.0248608186064891	0.0	0	856.8741029594096	356.8741029594096	0.7307981486470351	12	4	8	4.587755382243542	0.0	0	0	4
142	0.1	87.5	[3]	{2}	1.9718619380516207	1.6110713094812552	1.6256095930456216	0.0	0	729.9589156173171	229.95891561731707	2.2522896073286027	82	40	61	41.04068445968999	1.2369263376605875	0	0	40
80	0.1	87.5	[3]	{0}	4.753172448157469	3.732836790968979	3.8268384020435304	0.0	0	602.5622633751478	102.56226337514784	4.86836205656269	219	101	160	116.1293962962367	3.0122046707193153	0	0	101
18	0.1	87.5	[1]	{1}	4.344158731294419	3.8403862629594254	3.8403862629594254	0.0	0	724.2135733831675	224.2135733831675	0.5660913224098854	192	14	103	71.86882631715945	0.0	0	0	14
453	0.1	87.5	[1]	{1}	4.358949375795341	3.989685346763656	3.989685346763656	0.0	0	738.5661457665266	238.56614576652657	1.084774028946836	34	4	19	13.170036979634313	0.0	0	0	4
391	0.1	87.5	[2]	{0}	7.929700136215118	6.986847333398673	6.964029456944493	0.0	0	387.06180965527886	112.93819034472114	1.1895070559066914	316	22	169	120.09409706484158	3.201218011773369	0	0	22
205	0.1	87.5	[2]	{2}	6.190743290059974	5.949310957957666	5.877329855488109	0.0	0	179.26070513203746	320.73929486796254	0.5134248606123075	333	169	251	149.66939416761335	3.00638067325361	0	0	169
329	0.1	87.5	[3]	{2}	5.655155260000623	5.053795808721442	5.012891017304296	0.0	0	573.7314980942756	73.7314980942756	9.184236945877094	268	166	217	159.4597865552661	6.726976997578538	0	0	166
267	0.1	87.5	[1]	{2}	3.9167891551496368	2.700432264057361	2.700432264057361	0.0	0	697.9136476293207	197.91364762932074	1.2792042981336627	10	2	6	3.2011727047413587	0.0	0	0	2
143	0.1	87.5	[1]	{2}	1.6160367931774506	1.2818525811075734	1.2818525811075734	0.0	0	711.5730606019496	211.57306060194958	0.774136284850595	32	6	19	13.90598857578635	0.0	0	0	6
81	0.1	87.5	[3]	{1}	4.554636038333895	3.892989707518189	3.882878845501275	0.0	0	361.53440177440655	138.46559822559345	6.983377370888432	230	128	179	124.8427361153364	3.808235285344942	0	0	128
19	0.1	87.5	[1]	{1}	9.724014096430269	6.934361931056847	6.934361931056847	0.0	0	66.1492208018899	433.8507791981101	1.1785113019775793	11	7	9	4.31534298721701	0.0	0	0	7
454	0.1	87.5	[1]	{0}	3.466761351775836	2.4903555063216323	2.4903555063216323	0.0	0	571.7395439278336	71.73954392783355	0.6305990583673536	49	1	25	18.080302280360833	0.0	0	0	1
330	0.1	87.5	[3]	{2}	3.338423463095099	3.008737470039488	2.840243211025589	0.0	0	757.8197030816227	257.8197030816227	5.652726506148777	184	76	130	89.29821187673511	3.344940139874283	0	0	76
392	0.1	87.5	[2]	{1}	1.829615953620675	1.51718907961558	1.4733891124888223	0.0	0	206.6666302271189	293.3333697728811	0.2475368857441686	95	31	63	38.97599814158306	0.7078991868796511	0	0	31
206	0.1	87.5	[1]	{1}	3.9887423304740173	3.4624818889996547	3.4624818889996547	0.0	0	534.6034425310792	34.60344253107917	0.5278717216432639	65	1	33	25.60560344253108	0.0	0	0	1
268	0.1	87.5	[2]	{0}	2.9730349529667475	2.6559805203401803	2.6617673491877127	0.0	0	390.66684176214034	109.33315823785966	1.6380801258259248	162	36	99	69.95467944863623	1.2281782700981316	0	0	36
82	0.1	87.5	[1]	{2}	7.834999268658247	6.5972344415861714	6.5972344415861714	0.0	0	261.5330419503153	238.4669580496847	0.7369990652261799	57	1	29	20.904929545354104	0.0	0	0	1
144	0.1	87.5	[1]	{2}	4.332180467440754	3.0004109247350335	3.000410924735034	0.0	0	78.83542217314243	421.16457782685757	nan	1	1	1	0.19783542217314243	0.0	0	0	1
20	0.1	87.5	[3]	{1}	6.358449029599726	5.240892621370701	5.353458775852146	0.0	0	695.3473885077984	195.34738850779843	6.197097660382801	270	148	210	149.63487159518888	5.253211807650787	0	0	150
455	0.1	87.5	[3]	{0}	3.966680646810022	3.0534105976738686	3.04004056308028	0.0	0	219.94660794734943	280.05339205265057	0.2797399468610489	143	17	79	54.460597357630725	0.567981643791158	0	0	15
331	0.1	87.5	[3]	{0}	4.260303111745939	3.40310053150308	3.414450628852598	0.0	0	399.8179822228848	100.18201777711522	3.4899410372418482	181	65	123	93.49636184000603	1.8670811172422317	0	0	65
269	0.1	87.5	[3]	{2}	3.9400597125613	2.9749893980063096	3.174402001864462	0.0	0	803.4320489969106	303.43204899691057	2.8431383333953493	162	74	118	76.83757198225334	2.4120480545372747	0	0	74
207	0.1	87.5	[1]	{2}	4.887813615021715	3.592663366714339	3.592663366714338	0.0	0	896.6035549528897	396.6035549528897	0.397705839334203	33	1	17	10.586360895518213	0.0	0	0	1
393	0.1	87.5	[1]	{2}	4.134423182373567	3.477410309829362	3.477410309829362	0.0	0	87.18118420802057	412.81881579197943	0.16544270884505488	184	70	127	70.28019855233845	0.0	0	0	70
145	0.1	87.5	[1]	{0}	2.5406316756637812	2.1661118612881256	2.1661118612881256	0.0	0	12.820762349292636	487.17923765070736	0.4880537443016825	114	4	59	28.737783453909675	0.0	0	0	4
83	0.1	87.5	[1]	{1}	11.162850463179938	8.06826872245114	8.068268722451139	0.0	0	372.4219910800458	127.57800891995419	0.24746700659853368	63	9	36	27.209219910800456	0.0	0	0	9
21	0.1	87.5	[3]	{0}	2.4581883340652406	1.8985186059296546	1.9289640745551577	0.0	0	652.6782100554553	152.67821005545534	0.7243244604066245	97	25	61	44.87861906816997	0.8819919813427938	0	0	25
456	0.1	87.5	[2]	{1}	6.950602038651905	6.254547300312302	6.224039572027202	0.0	0	755.575556540862	255.57555654086195	0.5689960420791841	342	122	232	143.98513312641896	2.8681072775433765	0	0	122
208	0.1	87.5	[1]	{0}	3.1908474799923963	2.4581223615810637	2.4581223615810637	0.0	0	288.54973847046494	211.45026152953506	2.6111648393354674	10	6	8	5.99909947694093	0.0	0	0	6
332	0.1	87.5	[2]	{0}	2.807606282663041	2.548133375222179	2.548066905071409	0.0	0	121.1299779824912	378.8700220175088	0.09982698068562738	164	104	134	75.49515709368886	1.1444392068916485	0	0	104
270	0.1	87.5	[2]	{1}	3.9632967906596477	3.7654251500712292	3.7157851047216095	0.0	0	215.5074363108725	284.4925636891275	0.8749623991180561	223	77	150	91.53607082876565	1.9086229761184716	0	0	77
394	0.1	87.5	[2]	{1}	5.084930862629223	4.304570566302513	4.425668990906095	0.0	0	155.38675850257283	344.61324149742717	1.3068777309043325	257	137	197	118.63513570393994	2.234607423463285	0	0	137
146	0.1	87.5	[1]	{0}	1.0477456669107117	0.8312452430315481	0.8312452430315481	0.0	0	992.9280045907942	492.9280045907942	1.2812715577635085	51	1	26	12.659871880639349	0.0	0	0	1
84	0.1	87.5	[1]	{2}	2.682176601413773	1.9142766605596793	1.9142766605596793	0.0	0	106.67235683649773	393.3276431635023	nan	2	2	2	1.5033447136729956	0.0	0	0	2
22	0.1	87.5	[3]	{2}	3.5108422753074318	3.0711767204358664	3.0744178066536034	0.0	0	965.2606921736152	465.2606921736152	1.5865038205829394	189	135	162	89.84733202091606	3.53725497383821	0	0	135
457	0.1	87.5	[3]	{1}	6.726863063696528	5.273776519266877	5.1788378556636605	0.0	0	771.3313440326602	271.33134403266024	0.6976418563855546	221	9	116	82.4867581744976	1.4194238230499474	0	0	11
209	0.1	87.5	[3]	{2}	5.392482018629154	4.019970035527538	4.49720280709141	0.0	0	88.6729073245078	411.32709267549217	4.141216821490627	258	208	233	135.728600186875	4.782957278853893	0	0	208
333	0.1	87.5	[1]	{1}	4.012098654496395	3.5698392498634988	3.5698392498634988	0.0	0	431.4649035222831	68.53509647771688	1.2358869611203749	89	11	50	37.61392980704458	0.0	0	0	11
271	0.1	87.5	[1]	{1}	10.920984360116734	7.432727080278302	7.432727080278302	0.0	0	850.4898734390737	350.4898734390737	1.1022703842524302	15	1	8	5.248060759365559	0.0	0	0	1
147	0.1	87.5	[2]	{0}	3.9341520394945872	3.493910258546242	3.273999245828797	0.0	0	858.677091309801	358.67709130980097	1.7282966004666382	177	23	100	57.55699923425909	1.9200401996645773	0	0	23
85	0.1	87.5	[1]	{1}	10.43877565445824	8.04801923485579	8.04801923485579	0.0	0	740.186129231006	240.18612923100602	0.7071067811865475	5	3	4	3.2416277415379877	0.0	0	0	3
395	0.1	87.5	[1]	{0}	3.6304317308050162	3.4346504907527455	3.4346504907527455	0.0	0	358.9049684815107	141.0950315184893	1.5217391304347827	114	22	68	46.30852918051927	0.0	0	0	22
23	0.1	87.5	[3]	{1}	7.967165351947642	6.322592476075062	6.3961367412874335	0.0	0	71.98918284848338	428.0108171515166	2.0861041670204723	297	87	193	112.87128007290889	3.537929871235784	0	0	89
458	0.1	87.5	[3]	{0}	1.0987211758514195	0.853788274718648	0.8503958596448913	0.0	0	330.94721916131664	169.05278083868336	2.188936693983492	50	18	34	23.76047219161317	0.23090701678664094	0	0	18
210	0.1	87.5	[1]	{0}	6.911754834108294	5.055607109751003	5.055607109751003	0.0	0	839.3895397894086	339.38953978940856	0.5773502691896258	5	3	4	2.666220920421183	0.0	0	0	3
334	0.1	87.5	[1]	{1}	4.537147753968554	3.7290079113430243	3.7290079113430243	0.0	0	526.6757232602687	26.675723260268683	1.9898780753263734	178	8	93	67.54643295586295	0.0	0	0	8
272	0.1	87.5	[1]	{1}	6.368791407778024	4.607842727814992	4.607842727814992	0.0	0	58.914528228342505	441.08547177165747	0.4534421048509406	86	8	47	28.785008487991988	0.0	0	0	8
86	0.1	87.5	[2]	{2}	2.191599637080868	2.0103516354832953	1.979170147043012	0.0	0	634.7071600612254	134.7071600612254	2.4787861852892745	146	2	74	52.54791311583669	1.114846431377225	0	0	2
396	0.1	87.5	[1]	{1}	4.8798866910721	3.667369994940823	3.6673699949408225	0.0	0	493.9364956226202	6.063504377379786	0.45879846528299517	134	4	70	53.09261897373572	0.0	0	0	6
148	0.1	87.5	[2]	{2}	5.896562922621819	5.690484264680939	5.670482732452774	0.0	0	43.4280994813889	456.5719005186111	0.4210287297660364	351	275	313	163.183138938712	2.7660093377474646	0	0	275
24	0.1	87.5	[1]	{1}	2.6927754414591165	2.5676505549812276	2.5676505549812276	0.0	0	824.7177437879146	324.7177437879146	0.5658950545376636	70	12	41	25.904185430150473	0.0	0	0	12
459	0.1	87.5	[2]	{2}	5.807634463763227	4.767888378403862	4.760605281666768	0.0	0	542.0933270361274	42.09332703612745	0.1155568659471991	248	14	131	94.77281381821822	2.029810646237145	0	0	14
211	0.1	87.5	[1]	{2}	4.326657954128672	3.4341191142185368	3.4341191142185368	0.0	0	104.2056328151375	395.7943671848625	0.7205781566188779	181	27	104	57.6887407502532	0.0	0	0	27
335	0.1	87.5	[1]	{2}	15.262688375716237	10.714027363386426	10.714027363386425	0.0	0	381.8524582311511	118.1475417688489	0.18595351743023755	144	6	75	54.633196706391864	0.0	0	0	6
273	0.1	87.5	[1]	{0}	4.3730709602644975	3.741269397593881	3.741269397593881	0.0	0	224.2611492983997	275.7388507016003	0.5892556509887896	15	3	9	5.053350343685597	0.0	0	0	3
397	0.1	87.5	[1]	{1}	2.565309976668429	1.9812802295002179	1.9812802295002179	0.0	0	672.8667232673615	172.86672326736152	0.8390645410391885	103	13	58	40.8754651950486	0.0	0	0	13
149	0.1	87.5	[1]	{1}	11.499727123026418	10.860280122771826	10.860280122771826	0.0	0	105.5056028999389	394.49439710006106	0.43663630232059464	31	1	16	9.295078440599143	0.0	0	0	1
87	0.1	87.5	[2]	{2}	10.489145887670556	9.537440012788053	9.496425896756707	0.0	0	737.9506153520197	237.95061535201967	1.2239744257714147	424	142	283	184.92539554664305	4.424216936812256	0	0	142
25	0.1	87.5	[1]	{1}	13.219132338935289	10.49348085273827	10.493480852738267	0.0	0	313.8438696041704	186.15613039582962	1.2322214452002858	119	9	64	46.27812643525005	0.0	0	0	9
460	0.1	87.5	[1]	{1}	8.3873471870691	6.062559429854531	6.062559429854531	0.0	0	985.8149802312256	485.8149802312256	1.3816985594155147	27	3	16	8.91996031630039	0.0	0	0	5
212	0.1	87.5	[2]	{2}	2.795793431874117	2.6439748753255126	2.414475588895889	0.0	0	164.03786279261118	335.9621372073888	1.8623303788561119	136	24	80	45.88302902340891	1.6996894411237011	0	0	24
274	0.1	87.5	[3]	{0}	5.383688789459685	4.662396744972568	4.567732782386686	0.0	0	179.6339312568307	320.3660687431693	4.662512280743499	262	128	195	124.57370568207648	4.535216378846919	0	0	128
336	0.1	87.5	[1]	{2}	6.9067767571729215	4.974379277393427	4.974379277393427	0.0	0	347.3139656707644	152.6860343292356	1.0368878713463445	68	10	39	29.48345362237841	0.0	0	0	10
150	0.1	87.5	[3]	{1}	4.676049981771608	4.402016125027747	4.467679157722638	0.0	0	150.2245888113976	349.7754111886024	8.978400861944682	296	278	287	173.07904070633654	7.872862498455624	0	0	278
398	0.1	87.5	[2]	{2}	5.017064709862968	4.701938446906606	4.160850872519916	0.0	0	936.4198192488402	436.4198192488402	2.1890567914071326	207	25	115	61.67647572535089	2.892151244062685	0	0	23
88	0.1	87.5	[2]	{2}	4.766453019743313	3.796195129219564	3.817755679671478	0.0	0	825.5055423360319	325.5055423360319	0.2441654830284256	198	28	114	72.27553444377335	1.500766292206961	0	0	30
26	0.1	87.5	[1]	{1}	2.7122062658964827	2.3108009466190387	2.3108009466190387	0.0	0	944.1306418739262	444.13064187392615	3.0802706418252854	84	18	51	23.096121115673327	0.0	0	0	18
461	0.1	87.5	[1]	{2}	5.348233115741397	4.367481794447058	4.367481794447058	0.0	0	921.989667462185	421.989667462185	1.1632322864130078	116	20	68	39.10664061734454	0.0	0	0	20
275	0.1	87.5	[3]	{2}	6.980205641070039	5.647148821933942	5.632627568270547	0.0	0	815.0145595427603	315.01455954276025	3.1643423448200663	255	89	173	111.03541300983922	3.2258837870802717	0	0	91
213	0.1	87.5	[2]	{1}	1.0522423873410234	0.8586463682239371	0.8513095392762253	0.0	0	454.5350016560407	45.46499834395928	1.422323061595173	46	16	31	23.733394995031876	0.48656147251547816	0	0	16
337	0.1	87.5	[1]	{0}	5.320334400663509	3.6543592015100748	3.6543592015100748	0.0	0	979.377687908709	479.37768790870905	1.0849750542511745	41	7	24	9.715935490190983	0.0	0	0	7
151	0.1	87.5	[2]	{2}	4.811387647536938	4.103777604411199	4.074240007625216	0.0	0	408.510365523398	91.48963447660202	0.5539408526848123	220	12	116	85.53778777977818	1.9913980233570714	0	0	12
399	0.1	87.5	[1]	{2}	6.111062629741939	5.378942635267212	5.378942635267212	0.0	0	661.6785780061037	161.67857800610375	1.6183943249183557	269	19	145	103.52889224543236	0.0	0	0	21
89	0.1	87.5	[2]	{1}	3.449888842071719	2.9886068836581754	2.9472208147412338	0.0	0	447.2522237338128	52.7477762661872	3.6385682985257377	170	62	115	88.57961435223739	2.0068794963668197	0	0	60
27	0.1	87.5	[3]	{1}	11.695149543147462	10.944831131306625	10.904659481436983	0.0	0	547.3054973408581	47.305497340858096	15.812866718781876	496	416	455	340.6764175398868	17.915574819852644	0	0	414
462	0.1	87.5	[1]	{1}	3.562622195942362	2.385918231919983	2.385918231919983	0.0	0	965.9008104354144	465.9008104354144	nan	1	1	1	0.16809918956458558	0.0	0	0	1
338	0.1	87.5	[3]	{2}	4.7645391406916575	4.2815029664946636	4.301344966772888	0.0	0	412.2879363130778	87.71206368692219	9.731646031872106	257	181	220	164.6368209430278	6.049742350256736	0	0	183
214	0.1	87.5	[1]	{0}	1.6545749357532091	1.5616773190066393	1.5616773190066393	0.0	0	853.3666499424727	353.3666499424727	0.10757057484009543	124	46	85	44.77556805477477	0.0	0	0	46
276	0.1	87.5	[2]	{2}	6.424633438698945	5.430521246022912	5.609732280505747	0.0	0	672.1963668242098	172.1963668242098	2.3063904673046425	295	125	210	146.02161763988428	3.438152005182338	0	0	125
152	0.1	87.5	[1]	{1}	2.961376537801082	2.0509770609543914	2.0509770609543914	0.0	0	761.1992680467666	261.19926804676663	0.5196152422706631	24	4	14	9.5328043917194	0.0	0	0	4
400	0.1	87.5	[3]	{0}	5.038154578063135	4.511897675487923	4.520558943448139	0.0	0	211.75009012222276	288.2499098777772	8.463013387280636	278	196	238	154.57801261711114	5.9655918525564715	0	0	198
90	0.1	87.5	[3]	{0}	5.014408810209635	4.347223384510845	4.378683599365133	0.0	0	539.8099005687981	39.80990056879807	9.642800152740007	239	183	211	157.94455447440407	5.733277009546105	0	0	183
28	0.1	87.5	[2]	{2}	5.095256803275068	4.848866363778578	4.666123592490524	0.0	0	61.015672283247085	438.9843277167529	1.7442978977181962	299	185	241	128.80174567569597	2.5347806018573804	0	0	183
463	0.1	87.5	[3]	{2}	0.9290426686709898	0.8214354852061938	0.8137080096070011	0.0	0	663.5206541977824	163.5206541977824	3.7121650828172243	72	48	60	44.98958691604435	0.9826649427890216	0	0	48
339	0.1	87.5	[3]	{0}	3.857393486197967	3.01650397609733	3.064174750804398	0.0	0	259.1986085753886	240.80139142461138	1.0909921735460155	138	40	89	64.42254016874169	1.5670042788264824	0	0	40
215	0.1	87.5	[1]	{0}	10.682933260695501	7.682414469443245	7.682414469443243	0.0	0	637.901340611279	137.901340611279	0.5906605486937179	40	4	22	16.172183912664654	0.0	0	0	4
277	0.1	87.5	[3]	{0}	4.026114983950757	3.747999164183877	3.754428936365998	0.0	0	370.9322039503604	129.06779604963958	11.042428631606217	234	204	219	164.01313562517038	5.928558601063582	0	0	204
401	0.1	87.5	[3]	{0}	3.1596617053164815	2.3354140750030288	2.622563744775194	0.0	0	190.24349283427	309.75650716573	5.51644210450522	146	122	134	83.29729722610118	2.9495571194143824	0	0	122
153	0.1	87.5	[2]	{1}	3.138036309452527	2.418543250911945	2.4112402876415002	0.0	0	291.4928866084665	208.5071133915335	1.1612995929330376	116	2	59	42.78840752591009	0.8772471407034904	0	0	2
91	0.1	87.5	[2]	{2}	5.8819488728389	4.628003316704348	5.095880988756974	0.0	0	71.14645955152807	428.8535404484719	1.0733257405730665	282	220	251	134.40929675191816	3.245902960023339	0	0	220
29	0.1	87.5	[1]	{1}	7.275634188921686	6.016318160793867	6.016318160793867	0.0	0	664.3981747329236	164.39817473292362	nan	0	0	0	0.0	0.0	0	0	0
464	0.1	87.5	[3]	{2}	1.701194039088196	1.5423519710865297	1.5309503339589214	0.0	0	92.47005754150452	407.5299424584955	2.4172715516437053	119	89	104	60.73754471840337	2.06841585901904	0	0	89
340	0.1	87.5	[2]	{0}	1.054583779409059	0.8931845247332415	0.8814979827590637	0.0	0	152.50056097283942	347.4994390271606	0.0850685945179015	40	12	26	15.436011219456788	0.38783648396076104	0	0	12
216	0.1	87.5	[3]	{0}	3.967721142339085	2.9870017681468717	3.20470376545786	0.0	0	996.9943389296534	496.9943389296534	1.53261364551037	197	123	160	79.18490577125544	2.269340446832118	0	0	123
278	0.1	87.5	[2]	{1}	2.474775844658498	1.8851161154423588	1.8897487236710875	0.0	0	744.2770388443026	244.27703884430264	0.37107422226742265	99	11	55	37.26796587351523	0.6713253681740127	0	0	11
402	0.1	87.5	[1]	{0}	4.827198665577285	4.403906196658495	4.403906196658495	0.0	0	375.45168842189	124.54831157810997	0.6660344553659346	259	29	143	99.98933066114225	0.0	0	0	27
154	0.1	87.5	[2]	{2}	2.7775201005143004	2.1316370669773668	2.3400647599046462	0.0	0	810.6829372700305	310.6829372700305	2.891252510047553	140	88	114	74.6706332693174	1.6221741650438328	0	0	88
92	0.1	87.5	[2]	{2}	7.112509736456408	5.551477045732151	5.981523686350002	0.0	0	130.25061297230425	369.7493870276958	1.666418448143224	286	170	227	127.54887443337776	3.588344825021676	0	0	168
30	0.1	87.5	[3]	{1}	7.355776867582556	6.62125189776401	6.623357472506855	0.0	0	520.6900211051108	20.69002110511076	13.143413717567094	356	282	319	235.3647091346904	8.953966220525182	0	0	282
465	0.1	87.5	[2]	{1}	4.8094375506866545	4.372971992434262	4.110583078418133	0.0	0	935.6388226151468	435.63882261514675	1.2124781135452207	220	62	141	82.63048130172493	2.3081726842264305	0	0	62
341	0.1	87.5	[2]	{2}	1.5594236600648812	1.3655972265626395	1.3885826960198524	0.0	0	682.6096368022263	182.6096368022263	1.6907781273528995	92	40	66	43.517860339075334	0.7347430261851078	0	0	40
217	0.1	87.5	[2]	{1}	5.165772685008257	4.734143476685258	4.745934274146212	0.0	0	623.3905875124037	123.39058751240373	0.4212890056291941	261	45	154	106.78000479841234	2.2586046325109277	0	0	47
279	0.1	87.5	[2]	{2}	4.714373668771087	3.8129094441120914	3.807552834990185	0.0	0	490.89542892761534	9.104571072384658	3.346553654672291	197	47	122	92.02460112718495	2.0387088318396223	0	0	47
403	0.1	87.5	[1]	{0}	6.810492338833179	6.180415673726026	6.180415673726026	0.0	0	757.526027970016	257.526027970016	0.8189230248533256	23	1	12	8.330843832179903	0.0	0	0	1
155	0.1	87.5	[1]	{1}	7.160270236884637	5.44821467590303	5.44821467590303	0.0	0	127.4487231858075	372.55127681419253	0.12297974198582044	28	8	18	11.195077017344536	0.0	0	0	8
93	0.1	87.5	[3]	{1}	2.7430141335007168	2.448988277229115	2.4236546719201577	0.0	0	440.5841683037581	59.41583169624192	7.459597974575403	151	101	126	94.12499999999997	3.3575306050218074	0	0	101
31	0.1	87.5	[3]	{2}	3.1404600273804397	2.72523519797535	2.6594428664586074	0.0	0	650.3133235964925	150.31332359649252	3.658298943455927	154	56	105	80.16292679324562	2.870484029939355	0	0	56
466	0.1	87.5	[1]	{2}	13.436524107416181	9.594339241147805	9.594339241147805	0.0	0	846.5720280073582	346.5720280073582	0.728422786026054	75	7	41	25.724979019742467	0.0	0	0	7
342	0.1	87.5	[1]	{2}	7.464192098514966	6.7566672523663405	6.75666725236634	0.0	0	411.0965270083398	88.90347299166018	0.04539141623909212	170	4	87	64.76809652700837	0.0	0	0	4
218	0.1	87.5	[2]	{2}	4.265418598514204	3.4712577489514924	3.489639795383641	0.0	0	484.0655259322376	15.93447406776238	6.310825378767786	167	81	124	89.9920968298316	2.510532827397621	0	0	81
280	0.1	87.5	[2]	{1}	5.922376629005978	5.4836472970289964	5.661179635139996	0.0	0	926.1621618643406	426.16216186434065	0.04192678638283647	332	270	301	166.36718927883342	3.1165753208080806	0	0	270
156	0.1	87.5	[3]	{0}	3.0021138779955705	2.4810721401372935	2.426619491667923	0.0	0	331.79842587560404	168.20157412439596	2.8413698608019016	147	33	90	64.31134018327295	1.7240071414165365	0	0	33
404	0.1	87.5	[2]	{0}	4.4182418220264665	4.298954025111815	4.169667329723893	0.0	0	11.161781148985028	488.838218851015	2.3130308277877325	281	217	250	131.71612172494835	2.225023888765687	0	0	219
94	0.1	87.5	[1]	{0}	4.8121560836729875	3.7711529318733437	3.7711529318733445	0.0	0	105.03597301430996	394.96402698569005	0.6762098981838951	93	7	50	28.770582812629648	0.0	0	0	7
32	0.1	87.5	[2]	{0}	4.18201630367252	3.7031449213249212	3.704524739212098	0.0	0	557.876667473465	57.87666747346498	0.6794731300068836	234	6	120	86.63434659244123	1.637357246270185	0	0	6
467	0.1	87.5	[3]	{1}	3.100299229130622	2.722429966636898	2.698699689373184	0.0	0	76.39129273593434	423.60870726406563	2.9582248014482624	165	99	132	76.06782478642462	3.0438214732720597	0	0	99
343	0.1	87.5	[2]	{2}	3.810747592238428	3.0760721799288904	3.1248156885736766	0.0	0	1.3757706619799135	498.6242293380201	0.4720616818025734	172	82	127	62.24372287407149	1.317197889409322	0	0	82
219	0.1	87.5	[3]	{1}	2.798809504067695	2.6866453527251934	2.5198613261697136	0.0	0	101.96058871224533	398.03941128775466	3.257465166957149	172	100	136	80.53974358092243	3.7850474359063795	0	0	100
281	0.1	87.5	[1]	{2}	1.624403850615149	1.3066101952174323	1.3066101952174323	0.0	0	835.3181260172279	335.3181260172279	0.3052410254999713	62	14	38	25.32809247151762	0.0	0	0	14
157	0.1	87.5	[2]	{0}	5.240609576949629	4.414406101149513	4.547794675979746	0.0	0	625.4325774498284	125.43257744982839	4.906252511686119	246	96	171	120.67998390306903	2.990918364716811	0	0	96
405	0.1	87.5	[1]	{1}	1.5484297379042555	1.1978463209793437	1.1978463209793437	0.0	0	659.437972586602	159.43797258660197	1.3615088298304547	24	2	13	8.887686082240194	0.0	0	0	2
95	0.1	87.5	[2]	{1}	7.4635044827862576	6.4806655236712825	6.377369344079334	0.0	0	83.16983422264472	416.83016577735526	0.7607047209508971	296	140	218	125.01096684452897	2.893430692183283	0	0	140
33	0.1	87.5	[1]	{0}	5.234825006132484	4.184160207405746	4.184160207405746	0.0	0	542.4099531956017	42.4099531956017	1.986216874176727	59	7	33	23.684590046804402	0.0	0	0	7
468	0.1	87.5	[2]	{0}	3.7789607137616663	2.882328587387271	2.8695406007326367	0.0	0	769.8012567125259	269.80125671252586	0.6650877604251884	112	18	65	45.53735350163654	1.0274580462581122	0	0	18
220	0.1	87.5	[3]	{2}	3.674874804793924	3.1361111959825436	3.1731059515188216	0.0	0	187.9197880625724	312.08021193742763	4.380130345116688	189	121	155	100.3805777465701	3.4541412417717225	0	0	121
344	0.1	87.5	[1]	{1}	5.102582341440003	4.499970650574692	4.499970650574692	0.0	0	39.45591882802552	460.5440811719745	0.7779179026529885	242	134	189	102.89143314552872	0.0	0	0	136
282	0.1	87.5	[1]	{0}	2.9027641017103	2.100843099323849	2.100843099323849	0.0	0	535.3423461783676	35.34234617836762	1.3104722283590406	37	3	20	14.968315307643268	0.0	0	0	3
406	0.1	87.5	[1]	{0}	3.7550534229043318	2.9348932043547244	2.9348932043547244	0.0	0	276.75741468556225	223.24258531443775	0.25598492864243505	121	7	63	44.5949650258813	0.0	0	0	5
158	0.1	87.5	[1]	{0}	2.138575862799589	1.931849971435836	1.931849971435836	0.0	0	832.9424567054957	332.9424567054957	0.3005830563260912	115	11	63	37.9917045348417	0.0	0	0	11
34	0.1	87.5	[3]	{2}	3.3051870104719	2.6580980540173433	2.612883564800513	0.0	0	611.261196434498	111.26119643449795	2.0821560554459877	148	30	89	67.01560444635152	1.4783279314671243	0	0	30
96	0.1	87.5	[2]	{2}	4.952239888491212	4.407895918640264	4.398693627442714	0.0	0	536.0966376028955	36.0966376028955	1.9274908864045999	268	4	136	102.03811755864325	2.1775085416397957	0	0	4
469	0.1	87.5	[2]	{2}	3.3127393070997146	2.6646840098784597	2.5785281503730544	0.0	0	889.6842480171472	389.6842480171472	0.21534046980941013	133	13	73	42.47415538285114	1.1432499572653292	0	0	13
221	0.1	87.5	[1]	{2}	7.687622192145883	5.543658161248217	5.543658161248217	0.0	0	700.010626576841	200.010626576841	0.0280056016805602	99	3	51	36.72379809504002	0.0	0	0	3
345	0.1	87.5	[3]	{0}	3.185758936694228	2.540891047771233	2.715342970621468	0.0	0	819.0557644702492	319.0557644702492	5.002835188867083	151	109	130	87.43520425555856	3.1549657943229734	0	0	109
283	0.1	87.5	[3]	{2}	3.162392721075393	2.5023995390129237	2.502234899490796	0.0	0	506.2011857517064	6.201185751706419	2.79501761647272	132	46	89	66.98020118575172	1.0700725534731164	0	0	46
407	0.1	87.5	[1]	{2}	0.9803346733370013	0.7402210643050215	0.7402210643050218	0.0	0	181.38371896930045	318.61628103069955	1.0265125767254089	35	1	18	9.667837189693005	0.0	0	0	1
159	0.1	87.5	[2]	{2}	4.794672569680364	4.204365357735263	3.902411515441524	0.0	0	943.4150846209378	443.4150846209378	2.026366701205268	194	22	108	58.821831199422455	2.1860485505592546	0	0	22
35	0.1	87.5	[1]	{0}	2.7548919875575937	2.0678437181870013	2.0678437181870013	0.0	0	103.57131995260713	396.42868004739285	1.2820123070998795	24	6	15	8.991427159383893	0.0	0	0	6
97	0.1	87.5	[2]	{2}	3.5795417717854443	3.1951092101926557	3.1871142493385447	0.0	0	515.7056213356556	15.705621335655565	1.683890196680826	203	21	111	83.05109911483152	1.9063942747880334	0	0	19
470	0.1	87.5	[2]	{1}	7.456339826161059	6.43562713828624	6.290541904909094	0.0	0	213.55659514665612	286.44340485334385	0.11947173052112248	286	74	179	111.54104586714503	3.068877748005523	0	0	72
346	0.1	87.5	[1]	{2}	4.25076552392187	3.2756005450838135	3.2756005450838135	0.0	0	134.54452925361696	365.45547074638307	1.2961505211217026	141	11	76	48.31795928715914	0.0	0	0	11
222	0.1	87.5	[1]	{2}	4.277080752385196	3.8064352166758164	3.8064352166758173	0.0	0	46.286056749522686	453.7139432504773	0.18144437314606904	180	52	116	63.38989412894846	0.0	0	0	52
284	0.1	87.5	[1]	{2}	3.2012657494047048	2.4932198766307225	2.4932198766307225	0.0	0	484.3540056608617	15.645994339138326	0.32409060804383427	80	0	40	29.05824806793033	0.0	0	0	0
160	0.1	87.5	[3]	{0}	5.045212110901092	3.8492086126656204	4.173829013699172	0.0	0	885.9180537983776	385.9180537983776	5.080725866351262	246	170	209	133.26153776884814	3.960523514741424	0	0	172
408	0.1	87.5	[2]	{2}	5.7232271815353215	5.148363083773981	5.085501780536468	0.0	0	23.55384500697249	476.4461549930275	0.6406923148275828	290	194	242	118.7439228016734	2.355826085748749	0	0	194
36	0.1	87.5	[3]	{2}	9.062847548679501	7.325769649862886	7.281678983107087	0.0	0	769.5346155669541	269.53461556695413	4.370738134648003	288	112	200	135.31639998103677	4.039927293805282	0	0	112
98	0.1	87.5	[1]	{1}	9.264807156441107	6.568952188070012	6.568952188070012	0.0	0	17.645205836743088	482.3547941632569	0.969143607571383	76	20	48	23.539969880163664	0.0	0	0	20
471	0.1	87.5	[3]	{1}	5.4057428640078165	4.625197523714997	4.597024288526276	0.0	0	540.5414523556831	40.54145235568308	7.735066913400915	258	150	204	154.330911951825	5.036661295639634	0	0	150
285	0.1	87.5	[3]	{0}	1.5393499191114777	1.2385564544572416	1.2384801181007383	0.0	0	430.9202283620833	69.07977163791668	1.9859184727604324	75	29	52	40.563680913448344	0.6728464765883143	0	0	29
223	0.1	87.5	[1]	{1}	1.4515144380618779	1.269004132646439	1.269004132646439	0.0	0	546.8959994614125	46.89599946141254	1.2328210066032999	85	7	46	32.955040005385875	0.0	0	0	7
347	0.1	87.5	[2]	{2}	5.1946310369536235	4.428904024855841	4.451599091303962	0.0	0	930.95974274911	430.95974274911	0.12913950035044186	250	114	182	98.90508527615668	1.906945258355703	0	0	114
161	0.1	87.5	[1]	{2}	4.92573277096212	3.813667945954991	3.8136679459549914	0.0	0	917.9124946240336	417.91249462403357	1.1259894232014054	120	4	62	36.54902524729446	0.0	0	0	4
37	0.1	87.5	[3]	{1}	3.0746093603784495	2.4159746783639324	2.481688519506431	0.0	0	210.63341340050115	289.3665865994989	1.7034190640655853	142	56	99	69.2066382174306	1.632947464321207	0	0	56
409	0.1	87.5	[2]	{0}	3.5837014537041916	3.219555810589495	3.2519108178128677	0.0	0	576.4918455388398	76.49184553883981	3.6195524950450175	220	70	145	102.61643776303346	1.883046449773937	0	0	70
99	0.1	87.5	[1]	{2}	5.510351372547791	4.745900310013401	4.745900310013401	0.0	0	841.8455065693706	341.8455065693706	0.27747780885933193	212	50	132	84.34044934306293	0.0	0	0	52
472	0.1	87.5	[1]	{0}	2.0362933903255658	1.4393468512300276	1.4393468512300276	0.0	0	60.491576790809575	439.5084232091904	1.505545305418162	29	11	20	11.412882075071334	0.0	0	0	11
286	0.1	87.5	[1]	{2}	7.313364993751134	5.3456867932078165	5.3456867932078165	0.0	0	569.0324383322151	69.03243833221507	0.756384155656072	155	1	78	55.396675616677825	0.0	0	0	1
348	0.1	87.5	[1]	{0}	11.845481044065632	8.347718282954162	8.347718282954164	0.0	0	550.636527594179	50.63652759417903	0.19245008972987526	17	1	9	6.775363472405821	0.0	0	0	1
224	0.1	87.5	[3]	{2}	12.293604490713872	9.91985946208686	10.032364621373938	0.0	0	754.6051538083703	254.60515380837035	5.422672145631096	361	151	257	177.92772485110356	6.939170945473001	0	0	153
162	0.1	87.5	[1]	{0}	7.390891469372465	6.380625035817977	6.380625035817977	0.0	0	407.7317281626164	92.26827183738362	0.43438259502204357	177	5	91	67.78890283508971	0.0	0	0	5
410	0.1	87.5	[2]	{2}	2.314915496343929	1.7685516651604267	1.7829019015427874	0.0	0	218.6720974277706	281.3279025722294	0.44751597647818225	88	4	45	29.622490825405347	0.6764530872559931	0	0	2
38	0.1	87.5	[1]	{2}	6.463736140417211	4.755686964217256	4.755686964217256	0.0	0	24.677887558937076	475.3221124410629	0.9058430840339393	140	10	75	39.045130016684546	0.0	0	0	10
100	0.1	87.5	[1]	{1}	2.1914437838075496	1.6333675468499358	1.6333675468499358	0.0	0	131.71067833900457	368.2893216609954	0.34549007977865903	28	4	16	9.104528140068055	0.0	0	0	4
473	0.1	87.5	[2]	{0}	2.8412234758785537	2.2257187191783476	2.2474385757312376	0.0	0	391.1303002387284	108.86969976127159	0.1266790686853948	126	8	67	47.99103930740059	1.0263300659676289	0	0	8
225	0.1	87.5	[3]	{0}	3.824669017440865	3.0582575369026905	3.0588992314240855	0.0	0	487.2989759314805	12.701024068519473	1.354857390773942	133	29	81	62.831113312890764	1.5737028004739142	0	0	29
287	0.1	87.5	[1]	{0}	5.4246611859006	4.125656973038559	4.125656973038559	0.0	0	948.9895666483792	448.9895666483792	0.955919046302326	171	7	89	46.24084510148129	0.0	0	0	7
349	0.1	87.5	[2]	{0}	2.5270751915337426	1.9471877502890362	2.039345526384053	0.0	0	30.56799364276219	469.4320063572378	0.39616956414361154	116	50	84	45.10630350413547	0.9721255545690621	0	0	52
163	0.1	87.5	[3]	{2}	5.812673648458565	5.62153039750225	5.634236714987347	0.0	0	790.5485902447253	290.54859024472535	11.248499732064488	321	293	307	198.4228023461941	10.241583989315146	0	0	293
411	0.1	87.5	[1]	{2}	9.338240482113275	6.728039828484212	6.728039828484212	0.0	0	165.0486364960671	334.9513635039329	0.9387134218251443	161	1	81	51.371772280275835	0.0	0	0	1
39	0.1	87.5	[2]	{1}	4.804930498740809	3.7319233728389847	3.7988019888614852	0.0	0	619.3272280506792	119.3272280506792	2.905787710199898	199	57	128	94.6325287023783	1.956800743516188	0	0	57
101	0.1	87.5	[3]	{2}	0.6479211252318136	0.5532383908929974	0.5290583132254424	0.0	0	191.96627475321304	308.03372524678696	0.33987654065040135	41	1	21	13.635494121298196	0.4234379047310448	0	0	1
474	0.1	87.5	[2]	{2}	2.1114105593745927	1.7571864594272926	1.675589962145779	0.0	0	911.2798289861532	411.27982898615323	0.09241314368257099	119	21	71	41.480930431844655	0.8182812279021459	0	0	23
226	0.1	87.5	[1]	{0}	8.853247757618211	6.3880536686641936	6.3880536686641936	0.0	0	645.8183354698122	145.81833546981215	0.38820926884957563	27	3	15	10.541271651711314	0.0	0	0	3
350	0.1	87.5	[3]	{1}	1.4115838328935717	1.237119364236796	1.1900366861398235	0.0	0	247.5609984248877	252.4390015751123	2.904480034963965	77	35	56	37.030829952746636	1.2373016005921493	0	0	35
288	0.1	87.5	[2]	{1}	9.2043228845802	8.965430097869877	8.983972519499837	0.0	0	273.2354649342597	226.7645350657403	1.0620257374653743	459	197	328	216.19481970883155	4.463580572711243	0	0	197
164	0.1	87.5	[2]	{2}	2.5576610090892595	2.0024965008118407	2.084613597888305	0.0	0	265.50957933068275	234.49042066931725	3.6139624982816034	129	69	99	65.21906518051028	1.1559769172196077	0	0	69
412	0.1	87.5	[1]	{2}	4.90276022963943	3.719978323495188	3.719978323495188	0.0	0	11.995499953627586	488.0045000463724	0.5751756841776022	41	3	22	13.684900998979808	0.0	0	0	3
40	0.1	87.5	[2]	{0}	2.458656519389595	1.7943884317217265	2.031293614154682	0.0	0	21.65265567600716	478.34734432399284	1.2949141751824464	119	87	103	51.17222353462874	1.2972230061308754	0	0	87
102	0.1	87.5	[1]	{1}	4.782595468248563	3.9195612809971427	3.9195612809971427	0.0	0	315.9687779843809	184.0312220156191	0.3699075346730532	144	4	74	51.704125783562674	0.0	0	0	4
475	0.1	87.5	[1]	{1}	10.32213330070891	8.757699605536871	8.757699605536871	0.0	0	485.3080273605884	14.691972639411574	0.3132700437601461	60	0	30	22.56538394527882	0.0	0	0	0
351	0.1	87.5	[3]	{1}	2.258178983554537	2.0384480344306537	2.030891445449935	0.0	0	796.355221886188	296.355221886188	6.8815129022116155	131	107	119	75.11120013362542	2.723556079113453	0	0	107
227	0.1	87.5	[1]	{1}	3.9493214739247557	3.083213000974819	3.083213000974819	0.0	0	376.112239435315	123.88776056468498	2.1733470321868302	68	4	36	24.728795830965037	0.0	0	0	4
289	0.1	87.5	[1]	{1}	12.388613526157643	8.982392999097867	8.982392999097867	0.0	0	322.2429091110826	177.7570908889174	0.2808963483465191	215	1	108	79.82380145511033	0.0	0	0	1
413	0.1	87.5	[3]	{2}	3.6464282557656222	3.196494354484047	3.208389429259107	0.0	0	460.1010221522302	39.8989778477698	8.966671039584165	227	161	194	145.13742453165344	4.086675711737608	0	0	161
165	0.1	87.5	[1]	{0}	3.0472756686746294	2.4195445879103774	2.4195445879103774	0.0	0	693.8068741001188	193.80687410011876	0.13207641208175347	151	5	78	54.48649753959478	0.0	0	0	5
41	0.1	87.5	[1]	{1}	4.190900910815593	3.9008024496968026	3.9008024496968026	0.0	0	664.7005272097886	164.70052720978856	0.5698028822981898	10	4	7	5.265497363951057	0.0	0	0	4
103	0.1	87.5	[1]	{1}	6.5094781174457435	6.167786082424536	6.167786082424536	0.0	0	607.8616289887578	107.86162898875784	1.2129568697262456	59	3	31	20.804522081123665	0.0	0	0	3
476	0.1	87.5	[1]	{1}	4.872768813573473	4.578261275110963	4.578261275110963	0.0	0	978.3489394467326	478.34893944673263	0.7950261964987598	73	3	39	21.247089240470892	0.0	0	0	5
228	0.1	87.5	[2]	{0}	1.7129676271640695	1.3130790808916575	1.4143790624232317	0.0	0	147.50179019756615	352.49820980243385	1.102396379610246	95	63	80	50.32412173343447	0.8452725424403618	0	0	65
352	0.1	87.5	[1]	{0}	14.491574835419915	12.34643911176401	12.34643911176401	0.0	0	363.8071287423372	136.19287125766277	0.449930541246841	418	50	233	165.5880336676389	0.0	0	0	48
290	0.1	87.5	[1]	{1}	4.912062648353309	3.401616495622251	3.4016164956222505	0.0	0	347.0543930307029	152.9456069692971	0.1749635530559413	34	4	19	13.990271965153514	0.0	0	0	4
166	0.1	87.5	[1]	{0}	3.2528889700238994	3.0622187228887165	3.0622187228887165	0.0	0	530.8769904077054	30.87699040770542	0.9601587170383665	29	3	16	11.64124601918459	0.0	0	0	3
414	0.1	87.5	[2]	{1}	5.497833914390455	4.945519148617359	4.945554634115343	0.0	0	503.1736840028317	3.173684002831692	2.615394167035488	282	62	173	126.33228949964601	2.207818846170578	0	0	64
42	0.1	87.5	[2]	{1}	2.742115419382491	2.0915060216939056	2.098970516170384	0.0	0	640.7617919612676	140.7617919612676	0.041243201876208654	103	7	55	37.6533844492007	0.7809420722512894	0	0	7
104	0.1	87.5	[1]	{1}	3.743156683083897	3.357388196170362	3.357388196170362	0.0	0	985.0265264976772	485.0265264976772	1.302583164681389	190	130	160	86.05675576037164	0.0	0	0	130
477	0.1	87.5	[3]	{0}	2.0943803945621697	1.907525394163979	1.9205906898815903	0.0	0	64.4250339828431	435.5749660171569	4.448857197077386	145	129	137	74.563429111924	2.8284386673473723	0	0	129
229	0.1	87.5	[1]	{1}	6.253337327825751	4.728546622610477	4.728546622610477	0.0	0	812.8642281517386	312.86422815173864	0.5163977794943222	14	0	7	4.427678859241307	0.0	0	0	0
353	0.1	87.5	[2]	{2}	2.39042028458714	2.2141031672279103	2.205847801777163	0.0	0	180.6903672404588	319.30963275954116	0.02584215152792834	150	78	113	66.4466307636909	1.036491453430874	0	0	76
291	0.1	87.5	[3]	{1}	3.611161370390815	2.948731150977024	2.962893043022086	0.0	0	829.8115178477022	329.81151784770225	0.7004041959724749	155	63	109	71.09002098294532	2.079115471365376	0	0	63
167	0.1	87.5	[1]	{1}	5.38624106787741	4.496736364706579	4.496736364706579	0.0	0	8.309892611578217	491.6901073884218	0.7941845647367073	91	5	48	24.772255060132608	0.0	0	0	5
415	0.1	87.5	[1]	{2}	6.224549983982097	5.949304432532156	5.9493044325321565	0.0	0	666.7580455541611	166.75804555416107	0.14648113068404056	30	8	19	14.58269368112087	0.0	0	0	8
43	0.1	87.5	[2]	{1}	3.751272425578298	3.140121797570811	3.196574798759092	0.0	0	606.1802331823857	106.18023318238568	0.5279358069085826	197	45	121	86.77331971313247	1.852610060935644	0	0	45
478	0.1	87.5	[3]	{0}	3.246786173274012	2.70654494996462	2.790022338642041	0.0	0	838.5894258972256	338.5894258972256	3.2786231212672936	165	103	134	83.51487855848302	3.086006252082857	0	0	103
105	0.1	87.5	[2]	{0}	4.5650806332891145	4.1624209052489896	4.109300246975533	0.0	0	839.0160724520681	339.0160724520681	0.9016263626306938	250	124	187	107.16509088617568	1.9834506084137011	0	0	124
230	0.1	87.5	[1]	{2}	5.8714312086918	5.377959904179214	5.377959904179214	0.0	0	225.8208696730435	274.1791303269565	1.3650356758116402	84	2	43	30.31744695986435	0.0	0	0	2
354	0.1	87.5	[2]	{2}	2.249025354821948	1.83213779407061	1.8915075657881815	0.0	0	664.6735053509475	164.6735053509475	0.21668632983691025	120	28	74	52.470283700346954	1.1275250877620082	0	0	28
292	0.1	87.5	[3]	{2}	10.509347488036596	9.973474802750767	10.156199210355922	0.0	0	958.4540699142964	458.4540699142964	7.0930707790178245	485	457	471	253.8672958669383	18.592075196930992	0	0	457
168	0.1	87.5	[1]	{2}	2.2766110140274125	1.6519632159872937	1.6519632159872932	0.0	0	26.444539427757235	473.55546057224274	1.6329931618554523	11	5	8	5.524556315422059	0.0	0	0	5
416	0.1	87.5	[1]	{1}	12.792224285513544	9.209375755202409	9.209375755202407	0.0	0	64.48712525889272	435.5128747411073	nan	4	4	4	2.156948501035571	0.0	0	0	4
44	0.1	87.5	[2]	{2}	4.595331269015665	4.046777966785948	4.1627441601270165	0.0	0	83.76009506173426	416.23990493826574	0.6398877071961117	245	175	209	115.9248194876555	2.14368274392033	0	0	173
479	0.1	87.5	[3]	{2}	4.137732491821769	3.991123796084911	3.8879728503209554	0.0	0	849.933164427057	349.933164427057	7.1236248429479625	262	204	233	146.8989585003685	6.572161129079436	0	0	204
106	0.1	87.5	[2]	{2}	4.267723979473318	3.9551850667316906	3.604040734860673	0.0	0	882.9632056877018	382.9632056877018	2.6906238164669416	179	19	99	58.532495459668326	2.387092763640373	0	0	19
231	0.1	87.5	[3]	{1}	1.8591085133919263	1.6485126141506423	1.6550385265417258	0.0	0	382.8647464979443	117.13525350205572	7.92207058783144	123	107	115	84.91307764844035	2.1413697564567333	0	0	107
355	0.1	87.5	[2]	{0}	7.075609406902293	6.154191549114632	6.096130132035281	0.0	0	417.7324520424008	82.26754795759922	2.1229983508555215	305	15	160	123.46844758971044	3.26408874013046	0	0	15
293	0.1	87.5	[2]	{0}	2.3561142993879036	1.9179406484169867	1.9211465450792562	0.0	0	334.5496815163643	165.45031848363573	0.38682107216634565	111	23	67	45.67023248340004	0.7624661889246063	0	0	23
417	0.1	87.5	[2]	{0}	4.492958861019215	3.9499615425800996	3.892282233609755	0.0	0	166.26818478107458	333.7318152189254	1.2996612514227341	236	94	164	98.39554586935046	1.8186341195645586	0	0	92
169	0.1	87.5	[2]	{2}	9.036833776253397	8.249048503855605	8.152938682626932	0.0	0	241.9169296044857	258.0830703955143	0.3302560852746519	380	136	258	164.31589380903168	4.0069205771146255	0	0	136
480	0.1	87.5	[1]	{0}	6.90401195708081	5.570919554221282	5.570919554221282	0.0	0	273.64478306844825	226.35521693155175	0.2785430072655778	28	2	15	10.603934349205343	0.0	0	0	2
45	0.1	87.5	[1]	{1}	2.1275044638333864	1.971444245947823	1.971444245947823	0.0	0	302.7993398718537	197.2006601281463	0.25136053196210195	129	41	85	53.371147849876444	0.0	0	0	41
107	0.1	87.5	[1]	{1}	6.805321112861102	5.050603385445424	5.050603385445424	0.0	0	752.0043468102813	252.00434681028128	0.8666666666666667	14	0	7	4.764986959569156	0.0	0	0	0
232	0.1	87.5	[1]	{2}	1.882966292988935	1.4844284036418713	1.4844284036418713	0.0	0	162.4037446454167	337.59625535458326	nan	1	1	1	0.7114037446454167	0.0	0	0	1
356	0.1	87.5	[1]	{2}	6.595533970822881	5.3052470869760056	5.3052470869760056	0.0	0	357.6333508826793	142.36664911732072	1.0606601717798212	7	3	5	4.01363335088268	0.0	0	0	3
294	0.1	87.5	[1]	{2}	3.546351138639219	2.852489692338552	2.852489692338552	0.0	0	573.0993705801666	73.09937058016658	1.1873392253649442	59	3	31	22.476496852900837	0.0	0	0	3
418	0.1	87.5	[1]	{1}	9.891554613816158	6.7497987287841354	6.749798728784135	0.0	0	418.85746689513337	81.14253310486663	0.7745966692414834	4	0	2	1.244	0.0	0	0	0
170	0.1	87.5	[1]	{2}	6.761471619691601	5.145296999123721	5.145296999123721	0.0	0	999.268850777298	499.268850777298	0.41286141192238524	31	9	20	10.876622984454038	0.0	0	0	9
46	0.1	87.5	[3]	{1}	3.6000887018542675	2.946511416844654	2.896850803808615	0.0	0	672.9882636573167	172.98826365731668	2.6876335193910013	153	37	95	70.80015257245488	1.8613492612341054	0	0	37
481	0.1	87.5	[1]	{2}	10.092920842277941	8.036720023661658	8.036720023661658	0.0	0	728.3061440102757	228.30614401027572	1.299962363870027	303	1	152	102.6237944953218	0.0	0	0	1
108	0.1	87.5	[2]	{1}	2.425014648733953	1.8908988494052434	1.9898815272997128	0.0	0	793.7107977923008	293.7107977923008	1.065891435801015	125	67	96	61.48913617661592	1.1143814857377263	0	0	67
233	0.1	87.5	[1]	{2}	2.13531743600741	1.4957280095207746	1.4957280095207746	0.0	0	362.7609699033202	137.2390300966798	0.4898979485566356	15	3	9	6.737804849516601	0.0	0	0	3
357	0.1	87.5	[1]	{0}	3.2565407068756818	2.446054913446474	2.446054913446474	0.0	0	982.022462412715	482.02246241271496	0.7106690545187014	21	3	12	6.830730451047421	0.0	0	0	3
295	0.1	87.5	[1]	{1}	1.9691710536303038	1.704538473693342	1.704538473693342	0.0	0	794.7675616014751	294.7675616014751	1.601624237368475	34	6	20	12.1928595071882	0.0	0	0	6
419	0.1	87.5	[1]	{2}	5.672566772267347	4.718930928163175	4.718930928163175	0.0	0	892.4015280790628	392.4015280790628	0.808290376865476	24	6	15	10.622189303446563	0.0	0	0	6
171	0.1	87.5	[2]	{1}	4.298806043506912	3.957483922960452	4.04815381946114	0.0	0	10.532009182497998	489.467990817502	0.5529583522750385	272	246	259	136.45472635990194	2.0839925258731014	0	0	246
47	0.1	87.5	[1]	{0}	5.267736952640313	3.723814368796656	3.723814368796656	0.0	0	332.3056865483523	167.6943134516477	0.5773502691896258	5	1	3	2.571305686548352	0.0	0	0	1
109	0.1	87.5	[1]	{2}	4.565891044897343	3.1782042375071824	3.1782042375071824	0.0	0	446.807483676821	53.19251632317901	2.3103442669455734	35	13	24	17.753	0.0	0	0	13
482	0.1	87.5	[2]	{2}	5.006040573422324	4.383656274924755	4.375142605692315	0.0	0	462.72213547490543	37.27786452509457	0.056566337222619396	264	0	132	101.76056197485705	2.1005063570933276	0	0	0
234	0.1	87.5	[1]	{2}	2.2901301112777785	2.007019501940542	2.007019501940542	0.0	0	690.1703558396549	190.17035583965492	0.04262985037371746	125	5	65	44.47203754561207	0.0	0	0	5
358	0.1	87.5	[1]	{2}	4.4063031116534495	3.7918257173589556	3.7918257173589556	0.0	0	536.9050158187746	36.90501581877459	0.9954180744075037	24	2	13	9.129905015818775	0.0	0	0	2
296	0.1	87.5	[1]	{0}	7.206307028861419	6.515023901214919	6.515023901214919	0.0	0	746.828624047339	246.82862404733896	0.3253179299940048	303	61	182	114.26304914480444	0.0	0	0	61
420	0.1	87.5	[1]	{2}	6.870994890174097	6.266769551252718	6.266769551252718	0.0	0	947.5688003003598	447.56880030035984	0.03025445104080258	94	4	48	27.098110387384892	0.0	0	0	2
172	0.1	87.5	[3]	{2}	7.3523300874311595	6.758307799559063	6.752884481520912	0.0	0	886.999395908788	386.99939590878796	6.575229041735658	339	267	303	180.9151431696173	9.9231090911559	0	0	267
48	0.1	87.5	[1]	{2}	5.311647898078596	4.534438215490953	4.534438215490953	0.0	0	76.70079777017239	423.29920222982764	0.4338609156373123	16	4	10	6.891007977701724	0.0	0	0	4
483	0.1	87.5	[1]	{2}	5.411162454543547	3.8752459149795646	3.8752459149795646	0.0	0	827.1048553287982	327.1048553287982	0.43915503282683993	13	3	8	6.100790289342403	0.0	0	0	3
110	0.1	87.5	[2]	{1}	5.50019356194123	5.014798557637315	5.034500771888005	0.0	0	640.2811037842184	140.28110378421843	0.37591918597077195	311	63	187	127.87686670587776	2.4248520891943723	0	0	63
235	0.1	87.5	[2]	{0}	4.40511655427003	3.3136183389907825	3.5665490555739976	0.0	0	788.2373302709314	288.23733027093135	2.20239300484417	197	95	146	94.84336833073944	2.2414993105415757	0	0	95
359	0.1	87.5	[3]	{0}	3.1138872003850686	2.3958499493645444	2.3989065143906876	0.0	0	22.174300625920072	477.82569937407993	1.0532410948868023	121	17	69	37.95798093943296	0.5143257328901591	0	0	17
297	0.1	87.5	[2]	{1}	8.582647586941537	7.916990080953905	7.840085804872497	0.0	0	262.54444383084774	237.45555616915226	0.16231013337808262	379	121	250	161.90186653044816	3.8726300956954707	0	0	121
421	0.1	87.5	[3]	{0}	2.6987985720648138	2.397235622977092	2.4094722087686704	0.0	0	2.0032282918691635	497.99677170813084	2.223889503507205	160	128	144	75.51946487402917	3.10755785445913	0	0	128
173	0.1	87.5	[3]	{1}	6.285715291389175	4.972718516891784	5.106387909367639	0.0	0	114.67669717967516	385.32330282032484	2.4726951814821336	256	146	201	123.92953466849025	3.4837134437688104	0	0	146
49	0.1	87.5	[1]	{1}	4.98290026955582	4.259583846895513	4.259583846895513	0.0	0	290.6118012033404	209.3881987966596	0.44471830705437004	187	23	105	73.01787266859037	0.0	0	0	23
484	0.1	87.5	[1]	{2}	4.221976192475752	4.027613969967536	4.027613969967536	0.0	0	188.99711058475071	311.0028894152493	0.50709255283711	13	5	9	5.482973995262757	0.0	0	0	5
111	0.1	87.5	[1]	{1}	2.730083419149341	2.6614673789868606	2.6614673789868606	0.0	0	706.3092177268121	206.3092177268121	0.2673231242194377	202	68	135	88.56749247778761	0.0	0	0	68
360	0.1	87.5	[3]	{0}	3.57891535980669	3.4169318577564654	3.3876077839522214	0.0	0	615.406202850863	115.406202850863	11.137333391898634	221	195	208	157.7185642916672	5.881464546870908	0	0	195
236	0.1	87.5	[2]	{2}	7.23076052442511	6.960888346102864	6.961717960886258	0.0	0	411.2190844025464	88.7809155974536	0.19453373064270213	397	83	240	172.06988406214475	3.3556822157673882	0	0	83
298	0.1	87.5	[1]	{2}	7.15294001353748	6.496849632769923	6.496849632769923	0.0	0	575.6237441673875	75.62374416738749	1.0865025563145485	89	7	48	34.66576255832612	0.0	0	0	7
422	0.1	87.5	[3]	{0}	4.745454802690977	4.206320233383199	4.207498849989365	0.0	0	445.86760574020445	54.13239425979555	8.940997007900847	235	163	199	148.83410141238747	5.209034835723676	0	0	163
174	0.1	87.5	[1]	{2}	2.839425546445427	2.08255762971595	2.08255762971595	0.0	0	942.1718767844142	442.17187678441417	nan	0	0	0	0.0	0.0	0	0	0
485	0.1	87.5	[1]	{0}	2.4079099397094277	2.241309375901613	2.241309375901613	0.0	0	369.341461220756	130.658538779244	1.0451939580450138	66	10	38	26.35509753464907	0.0	0	0	10
112	0.1	87.5	[1]	{1}	3.755371497129017	2.6645811555662835	2.6645811555662835	0.0	0	690.5072750523685	190.50727505236853	1.0256451881367414	10	6	8	6.062970899790526	0.0	0	0	6
50	0.1	87.5	[1]	{0}	8.125057457864969	8.00217814067691	8.00217814067691	0.0	0	168.3750362135469	331.6249637864531	1.261472598414634	390	194	292	174.12851028464718	0.0	0	0	194
361	0.1	87.5	[3]	{2}	10.205508308031407	9.336228541356446	8.98884347484022	0.0	0	170.07732857018703	329.92267142981297	6.880799551335967	398	212	305	200.92675921408076	11.730626702021466	0	0	212
237	0.1	87.5	[1]	{0}	5.503674949102405	4.648038027160899	4.648038027160899	0.0	0	296.50587146170443	203.49412853829557	0.011738379335673788	92	14	53	37.92165852946602	0.0	0	0	14
423	0.1	87.5	[2]	{2}	2.4896504120989205	2.2222027868949867	2.2414018588779827	0.0	0	575.1105872914195	75.1105872914195	3.2341747686098237	153	61	107	77.0917059531435	1.2521873819592386	0	0	61
299	0.1	87.5	[2]	{0}	2.469017759957487	2.1294563081095825	2.1105969443278134	0.0	0	621.217978419736	121.21797841973603	1.9385290136704443	132	6	69	54.021141589975024	1.0316702975097811	0	0	6
175	0.1	87.5	[1]	{2}	5.074809021888402	4.280456680132746	4.280456680132746	0.0	0	242.6437735557556	257.3562264442444	nan	0	0	0	0.0	0.0	0	0	0
486	0.1	87.5	[3]	{2}	6.64831490957979	5.974522575844082	5.962889271058051	0.0	0	522.7175611071289	22.71756110712886	10.393619419151305	288	204	246	187.10356487778586	8.325308940942032	0	0	204
51	0.1	87.5	[1]	{2}	4.980370182970624	4.028151939596219	4.028151939596219	0.0	0	350.6844234652817	149.31557653471828	1.224744871391589	3	1	2	1.254	0.0	0	0	1
113	0.1	87.5	[3]	{1}	3.8600057959148097	2.913306597639454	2.9278333408204937	0.0	0	324.86370112746965	175.13629887253035	0.08771558124744522	151	13	82	57.28991245862842	0.3455773100586803	0	0	13
362	0.1	87.5	[1]	{1}	4.518076965598342	3.30918153991932	3.30918153991932	0.0	0	4.465479636564934	495.5345203634351	0.6143744851832987	84	6	45	24.064946583645416	0.0	0	0	6
238	0.1	87.5	[2]	{1}	5.920513533456698	4.87872589314716	4.966346071555132	0.0	0	407.1271459106357	92.8728540893643	5.112676047995485	281	99	190	134.37498605016998	2.9495315977023946	0	0	99
300	0.1	87.5	[1]	{2}	2.9570053687004605	2.255871067062367	2.255871067062367	0.0	0	958.9716964401304	458.97169644013036	0.5547981772897465	115	1	58	30.596584999352707	0.0	0	0	1
176	0.1	87.5	[3]	{2}	4.998536523352587	4.531017456070652	4.600523575561284	0.0	0	40.26608378626409	459.73391621373594	3.853771762878837	292	250	271	148.83772269520722	6.96415717761346	0	0	250
424	0.1	87.5	[1]	{2}	9.718369509167161	7.961012231590958	7.961012231590958	0.0	0	160.11173184961078	339.8882681503892	1.8368726312881183	305	31	168	103.90041899524628	0.0	0	0	31
487	0.1	87.5	[1]	{1}	4.371899115018321	3.6854052560619714	3.6854052560619714	0.0	0	91.65008924901493	408.3499107509851	0.2687003123205091	184	22	103	54.21905865715444	0.0	0	0	22
52	0.1	87.5	[2]	{1}	2.171715746326953	1.8260853429691284	1.7572558244527585	0.0	0	285.34212382510304	214.65787617489696	2.770831761496723	119	27	73	52.65213185737656	0.9920454846706777	0	0	27
114	0.1	87.5	[1]	{1}	5.298698555455786	4.980944247601687	4.980944247601687	0.0	0	996.4920885395262	496.4920885395262	0.562883250453448	266	126	196	102.19955064625292	0.0	0	0	126
363	0.1	87.5	[2]	{0}	5.100278482704973	3.975962958272919	4.185983170613189	0.0	0	160.22194083780056	339.77805916219944	1.549311390769029	240	110	174	103.78507171729204	2.2539539180519794	0	0	108
239	0.1	87.5	[3]	{2}	3.0133245042770627	2.8905360382061067	2.871297456381555	0.0	0	822.6949232630433	322.6949232630433	8.207305380761253	217	179	199	127.60769397822394	4.950051108476236	0	0	181
301	0.1	87.5	[1]	{1}	11.302689976328328	8.342971988978338	8.342971988978338	0.0	0	893.1319802068174	393.1319802068174	0.9954180744075037	34	16	25	14.05549237607047	0.0	0	0	16
177	0.1	87.5	[1]	{2}	3.6335267799117674	3.5450147020584475	3.5450147020584475	0.0	0	185.71007112041127	314.28992887958873	1.3354118403416915	76	10	43	27.221171920251106	0.0	0	0	10
425	0.1	87.5	[2]	{1}	7.601919732375333	6.293675070354015	6.312316660707746	0.0	0	188.4567548986525	311.5432451013475	1.1492354264448894	302	106	204	123.6393023719602	2.571193079359661	0	0	106
488	0.1	87.5	[3]	{0}	5.752926201520843	4.759151610995545	4.760292178003642	0.0	0	686.1920156516135	186.19201565161347	5.687657351628545	238	112	175	124.57213495134198	3.570905971715424	0	0	112
115	0.1	87.5	[3]	{1}	6.3670625698080325	5.957471477544924	5.9687030670131085	0.0	0	437.0034884195776	62.99651158042241	13.45550175232484	345	287	315	232.73919883991576	9.725538187340282	0	0	285
53	0.1	87.5	[1]	{0}	3.6397314706430413	3.2047537549131073	3.2047537549131073	0.0	0	71.95390947163094	428.04609052836906	1.7111990628065628	90	4	47	26.289202469393608	0.0	0	0	4
364	0.1	87.5	[3]	{2}	5.507195168905827	5.154997632167569	5.157210692382218	0.0	0	511.50544686242944	11.505446862429437	12.628011490318789	294	244	269	203.39450544686235	8.406863440107507	0	0	244
240	0.1	87.5	[3]	{2}	3.638751176323632	3.279370059552075	3.2563366978266726	0.0	0	555.7603645138443	55.76036451384425	8.948623458892031	213	151	182	134.7879585419445	4.631264199579605	0	0	151
302	0.1	87.5	[1]	{0}	3.2296568500554623	2.639443040868617	2.639443040868617	0.0	0	103.04313083179278	396.9568691682072	0.34471391246730854	146	6	76	43.47158784990757	0.0	0	0	6
178	0.1	87.5	[1]	{0}	5.743209201706504	4.929663858609477	4.929663858609478	0.0	0	815.8690049313008	315.86900493130076	0.19444444444444445	63	1	32	18.69040587178618	0.0	0	0	1
426	0.1	87.5	[2]	{2}	1.8705228204615665	1.473895518231273	1.5174961289010014	0.0	0	719.7462106123567	219.74621061235666	1.7711439481229017	88	30	59	39.31740536489336	0.7806482000596295	0	0	30
489	0.1	87.5	[1]	{2}	3.9606310052321256	3.2173243429714913	3.2173243429714917	0.0	0	808.6100509390234	308.6100509390234	0.654792060662109	42	4	23	15.21150954154879	0.0	0	0	4
116	0.1	87.5	[1]	{2}	5.240724280120848	3.866022280647367	3.866022280647367	0.0	0	916.2563169375062	416.2563169375062	1.3228756555322951	11	5	8	4.806462098374963	0.0	0	0	5
54	0.1	87.5	[2]	{2}	4.945095400265321	3.878212552354624	3.862741256802124	0.0	0	425.52118445746606	74.47881554253394	1.8873824337756373	193	35	115	88.96630933988278	1.5979210217184294	0	0	37
365	0.1	87.5	[2]	{1}	0.819896063395401	0.6144440129915797	0.6843380512119706	0.0	0	168.1297596078367	331.8702403921633	3.346991625501395	50	44	47	27.159801105489954	0.48499654493757594	0	0	44
241	0.1	87.5	[1]	{0}	5.2187308403998856	3.664595461864752	3.664595461864751	0.0	0	579.6719477511944	79.67194775119435	0.5341004171887458	88	6	47	34.33492078373208	0.0	0	0	6
303	0.1	87.5	[1]	{1}	13.21566524662483	9.588119553949177	9.588119553949177	0.0	0	269.1007326357067	230.89926736429328	1.3831842819248545	68	2	35	24.23490659372136	0.0	0	0	2
179	0.1	87.5	[2]	{2}	1.8246616839124918	1.616825317854648	1.604998319060635	0.0	0	438.11052152886987	61.88947847113013	2.3244781830383503	109	17	63	49.65867904789372	0.883766175722926	0	0	17
427	0.1	87.5	[3]	{1}	3.7722192714930642	3.460052493017752	3.354580767159925	0.0	0	694.1473765764389	194.1473765764389	8.3085644031291	198	144	171	126.52436805406028	4.746586501359382	0	0	144
490	0.1	87.5	[2]	{2}	3.2024409549720745	2.375871980444114	2.534079348736882	0.0	0	118.33998793736104	381.66001206263894	0.2474834088916045	139	63	101	60.12161887817458	1.3473832209141845	0	0	63
117	0.1	87.5	[1]	{1}	5.940933370234941	4.5614024931725865	4.5614024931725865	0.0	0	728.3458700403572	228.34587004035723	0.11239029738980327	39	1	20	14.592233039677142	0.0	0	0	1
55	0.1	87.5	[1]	{2}	3.7702437322204547	3.0751706060909427	3.0751706060909427	0.0	0	562.4475691001862	62.44756910018623	0.27890788880763295	176	2	88	68.01111248760668	0.0	0	0	0
366	0.1	87.5	[3]	{0}	4.304863437157615	3.37679404380626	3.3926677185988914	0.0	0	665.2019363828001	165.2019363828001	1.623810372121878	179	51	116	86.3976915625632	1.4082476193829665	0	0	53
242	0.1	87.5	[2]	{0}	0.9269376515022674	0.7147346016197609	0.7714509232627662	0.0	0	782.5014919508246	282.50149195082463	2.151004918040496	48	24	36	22.877949273671966	0.5087467775540229	0	0	24
304	0.1	87.5	[2]	{1}	4.389772273147981	3.263969198162842	3.471097740028766	0.0	0	165.17262975685315	334.82737024314685	1.6173826723907871	173	81	126	80.99257245665791	1.894824537384012	0	0	79
180	0.1	87.5	[2]	{1}	1.6662603126546451	1.2282978238400262	1.323784626355985	0.0	0	98.77929184585824	401.2207081541418	0.7041795722229055	83	43	64	37.15219892705978	0.7286451833077852	0	0	45
428	0.1	87.5	[1]	{1}	9.964650062997059	9.720175537284575	9.720175537284575	0.0	0	754.8548525664958	254.85485256649577	0.0741119299661752	402	128	266	170.2750936148389	0.0	0	0	130
491	0.1	87.5	[3]	{0}	6.681249770573579	5.106992415291016	5.2155645070006535	0.0	0	635.9971798956395	135.99717989563953	3.0780892168331784	248	62	155	110.8801494655311	2.435358190754129	0	0	62
118	0.1	87.5	[1]	{2}	8.71713988096766	7.826592737098283	7.826592737098283	0.0	0	592.8266330156475	92.82663301564753	1.5070901477436498	369	65	218	155.21985932321473	0.0	0	0	67
56	0.1	87.5	[1]	{0}	3.1886092764104275	2.69440000745867	2.69440000745867	0.0	0	600.3275746479627	100.3275746479627	0.06731026871279876	132	12	72	54.45682790985704	0.0	0	0	12
367	0.1	87.5	[1]	{1}	7.619791695288473	5.839993423889749	5.83999342388975	0.0	0	926.5910172834992	426.59101728349924	1.9221698265515623	18	4	11	6.216498809881507	0.0	0	0	4
243	0.1	87.5	[3]	{2}	6.6050487030733525	5.697994235446907	5.474962541091249	0.0	0	996.3515466079116	496.3515466079116	0.8744536371618383	269	89	179	84.18307315718378	4.618750307125703	0	0	89
181	0.1	87.5	[3]	{1}	3.3964460548254305	2.766145852514131	2.7663116290701013	0.0	0	499.7716133948418	0.22838660515822085	5.11581225937847	156	66	111	80.89963614918851	2.4776760676247314	0	0	66
305	0.1	87.5	[3]	{1}	16.583269349186377	15.475871058485613	15.689627584548681	0.0	0	123.45405924133966	376.5459407586603	11.024787129660623	576	504	540	324.55216428894937	26.58508173012687	0	0	504
429	0.1	87.5	[2]	{0}	3.1858024387268595	2.41379512682365	2.6027403951016033	0.0	0	6.023595575243013	493.976404424757	0.4903382179476899	163	107	135	68.44113821150736	1.392337745680969	0	0	107
119	0.1	87.5	[3]	{2}	2.7891339674295414	2.062031949882721	2.2584048613084424	0.0	0	843.2178965304047	343.2178965304047	2.815642579812804	135	87	111	69.1514787949156	1.904587393246229	0	0	87
492	0.1	87.5	[3]	{1}	14.459578232144077	13.919568997909472	13.900396033867061	0.0	0	1.6743484884501614	498.32565151154984	0.24342252024448538	522	454	489	242.39540771387516	24.48417364649757	0	0	456
57	0.1	87.5	[1]	{0}	2.88727203365814	2.6333647519667296	2.6333647519667296	0.0	0	322.78797286562605	177.21202713437395	0.1630417615470607	133	7	70	51.537911348775026	0.0	0	0	7
368	0.1	87.5	[1]	{2}	8.108380351452293	5.5308374420924284	5.5308374420924284	0.0	0	965.9922318533062	465.9922318533062	0.0	13	5	9	4.373069913320244	0.0	0	0	5
244	0.1	87.5	[1]	{0}	3.949381294857296	3.1566191030930937	3.1566191030930932	0.0	0	910.6564531102777	410.65645311027765	0.22020899402395616	122	6	64	36.66417734448612	0.0	0	0	6
182	0.1	87.5	[3]	{1}	3.498238515407895	2.800952953391405	2.8251271025955207	0.0	0	459.4327460508796	40.56725394912041	3.6488829474712894	159	45	101	73.55474258808607	2.207488749863057	0	0	43
306	0.1	87.5	[2]	{0}	5.492417851311261	4.548131451957247	4.8778526609999435	0.0	0	29.17985687963642	470.8201431203636	0.25604191337848964	285	229	257	131.38886350430724	2.8319561876906962	0	0	229
120	0.1	87.5	[3]	{0}	2.7648868344022333	2.1013817147919385	2.102431472475036	0.0	0	388.3758992888034	111.6241007111966	0.5796551876457275	128	2	65	49.231142086487274	0.23953517330061702	0	0	2
430	0.1	87.5	[1]	{0}	13.859645464289876	13.763496438594682	13.763496438594682	0.0	0	271.4249407872557	228.5750592127443	0.294394694301108	107	3	55	36.77002304597943	0.0	0	0	3
493	0.1	87.5	[2]	{1}	9.082634312665132	8.427548892715759	8.390179651164534	0.0	0	377.2913173306736	122.70868266932638	1.1441254792282687	411	69	239	168.28179849541746	4.153398740664937	0	0	67
58	0.1	87.5	[1]	{2}	6.950689574615245	6.539666441762174	6.539666441762174	0.0	0	50.60653947293756	449.3934605270624	0.31658980892130745	351	251	301	158.44514222346243	0.0	0	0	251
369	0.1	87.5	[3]	{0}	7.232004124530032	6.166188255157286	6.136456224006355	0.0	0	976.8013884313406	476.80138843134057	1.0278335957808378	304	180	243	122.68167371863491	5.761982311171289	0	0	182
245	0.1	87.5	[3]	{2}	1.5534966101013017	1.3300756330877128	1.3303580967071993	0.0	0	465.952254831791	34.04774516820902	4.603497856344563	84	48	66	49.204	1.3301812165976405	0	0	48
183	0.1	87.5	[3]	{1}	8.819266106053062	8.279054557812561	7.426899694567895	0.0	0	50.20929500460638	449.79070499539364	0.3608967249775181	317	89	203	122.73937085577847	8.394159553341481	0	0	89
431	0.1	87.5	[1]	{2}	3.5224279442630806	2.5022782172506544	2.5022782172506544	0.0	0	598.813124001026	98.81312400102604	0.28817544134832956	74	6	40	29.005616263985637	0.0	0	0	6
121	0.1	87.5	[1]	{1}	3.34061623588856	2.691059197508034	2.691059197508035	0.0	0	202.6171698234976	297.3828301765024	1.5903846416105372	83	5	44	28.23004641541094	0.0	0	0	5
307	0.1	87.5	[1]	{2}	2.3364925905325964	1.8328872466093569	1.8328872466093569	0.0	0	415.2124626561998	84.78753734380018	nan	0	0	0	0.0	0.0	0	0	0
494	0.1	87.5	[1]	{1}	7.0735165731571135	5.648751345207747	5.648751345207748	0.0	0	228.80465304479	271.19534695520997	2.825513133013507	108	6	57	36.074725632209336	0.0	0	0	6
59	0.1	87.5	[3]	{0}	6.710666448144792	5.551718348427984	5.529640897312014	0.0	0	336.05205244384706	163.94794755615294	6.352351837433335	274	120	197	144.24544646486086	4.107789834554584	0	0	120
370	0.1	87.5	[1]	{1}	4.506336923248082	3.572965819881019	3.572965819881019	0.0	0	179.5153408311309	320.4846591688691	0.21881095379213383	141	3	71	46.425251700725426	0.0	0	0	1
246	0.1	87.5	[1]	{1}	4.348258958031433	3.380251827086804	3.380251827086803	0.0	0	211.45342197269213	288.5465780273079	1.1713781186417045	135	9	72	50.20841634707155	0.0	0	0	9
184	0.1	87.5	[1]	{0}	0.8980651236909499	0.8633984029981144	0.8633984029981144	0.0	0	24.945901939645296	475.0540980603547	0.9515216535200841	71	45	58	30.940970508620143	0.0	0	0	45
122	0.1	87.5	[3]	{2}	4.9940276777192425	4.75104509753282	4.7232630424524675	0.0	0	817.6461174152792	317.64611741527915	7.740153880736616	287	237	262	170.42599110008027	7.909400557768572	0	0	237
432	0.1	87.5	[2]	{2}	4.553885206031516	4.078758930908345	4.085661898822414	0.0	0	663.0102668423207	163.01026684232068	2.2210563367490193	256	96	176	119.74150104102117	1.8510661249223137	0	0	96
308	0.1	87.5	[2]	{1}	3.58543028678705	3.4385926157080036	2.98800090650065	0.0	0	28.134189546108328	471.8658104538917	0.7956511388635937	191	1	96	53.930735163688695	2.150200697024303	0	0	1
495	0.1	87.5	[1]	{2}	1.6790270853743143	1.6272802697621152	1.6272802697621152	0.0	0	147.7994816377759	352.2005183622241	0.4546676688259571	122	42	82	45.18795853102209	0.0	0	0	42
60	0.1	87.5	[1]	{0}	3.9994831182586377	3.495039935503051	3.495039935503051	0.0	0	801.2580797076226	301.25807970762264	0.5133147654383651	193	101	147	91.12015923947096	0.0	0	0	101
371	0.1	87.5	[1]	{2}	8.640223755809089	6.5955371922407	6.595537192240701	0.0	0	916.913972236216	416.91397223621595	1.5749382617663887	143	13	78	45.20316166582705	0.0	0	0	13
247	0.1	87.5	[1]	{2}	8.43744186540333	5.978801867199304	5.978801867199304	0.0	0	805.4296979680659	305.42969796806585	0.4933437248896867	69	5	37	25.887835738606746	0.0	0	0	5
185	0.1	87.5	[1]	{2}	10.271557046995895	7.213771761620162	7.213771761620162	0.0	0	375.30844984576095	124.69155015423905	0.08944271909999159	24	4	14	10.470850699074566	0.0	0	0	4
123	0.1	87.5	[1]	{2}	10.130117785328638	7.626841844967499	7.626841844967498	0.0	0	366.48521851748217	133.51478148251783	0.21926450482675733	29	1	15	11.63248521851748	0.0	0	0	1
309	0.1	87.5	[2]	{1}	2.8201191786718796	2.265958387759537	2.2411317266693604	0.0	0	424.7008215170356	75.29917848296441	2.0983831192783384	129	21	75	55.80548767724445	1.1607790689408208	0	0	21
433	0.1	87.5	[2]	{0}	4.112356967804496	3.7244734514618822	3.645239006499738	0.0	0	907.490237383172	407.49023738317203	1.062004642064424	238	140	189	100.83726703364584	1.7835055367184993	0	0	140
61	0.1	87.5	[1]	{2}	2.5377042772193725	2.0177465774131624	2.0177465774131624	0.0	0	963.6755681131036	463.6755681131036	0.9610044425223803	82	2	42	23.224977275475858	0.0	0	0	2
