iter	recomb_rate	mut_rate	recomb_type	recomb_node	ARG_length_1	ARG_length_2	ARG_length_3	ARG_length_4	root_height_change	bp	bp_pos_deviation	rank_stat	info_sites_global	confounding_info_sites	consistent_info_sites	weighted_consistent_info_sites	rf_dist	no_neu_recurr_mut	no_adv_recurr_mut	info_sites_imbalance
248	0.1	62.5	[1]	{2}	3.5708113994579787	3.073586960240044	3.073586960240044	0.0	0	627.6754448190333	127.67544481903326	0.0	3	1	2	1.819	0.0	0	0	1
372	0.1	62.5	[1]	{2}	3.2314628101159433	2.9652679084835563	2.9652679084835563	0.0	0	378.8568880409003	121.14311195909971	0.27319428472202095	135	33	84	60.74798216286303	0.0	0	0	33
310	0.1	62.5	[3]	{0}	9.648156089505433	9.110431105812827	8.928810820618876	0.0	0	728.6527401302009	228.65274013020087	11.465791674693929	344	256	301	207.97893488502692	14.335856210693795	0	0	258
434	0.1	62.5	[3]	{1}	4.210071747086518	3.272515914371667	3.33571019667618	0.0	0	723.6654723528774	223.66547235287737	2.569121370310211	127	35	82	55.71938110588489	1.7077903744003595	0	0	37
186	0.1	62.5	[2]	{2}	3.912414676214189	3.2631658135879253	3.3444847026671596	0.0	0	300.7922389078886	199.2077610921114	1.8252793377278906	128	52	90	60.89545672355222	1.7964888149243556	0	0	52
62	0.1	62.5	[3]	{1}	2.7756492039362057	2.2785087929972168	2.348581193281149	0.0	0	757.3754990007731	257.37549900077306	4.276431138891252	115	77	96	64.75571906195206	2.407011785195329	0	0	77
124	0.1	62.5	[2]	{2}	5.332459094130682	4.486918924965961	4.37294391309706	0.0	0	148.6180946230889	351.3819053769111	0.3608485349575225	162	44	103	56.47171898919345	2.031076577417203	0	0	44
496	0.1	62.5	[1]	{2}	3.0259444441485925	2.9275516382964746	2.9275516382964746	0.0	0	23.48557021468883	476.51442978531117	0.11613144917081457	167	143	155	76.55726338327679	0.0	0	0	143
0	0.1	62.5	[2]	{2}	6.891367699205759	5.9562599305356425	5.959750812143943	0.0	0	504.3624022509903	4.362402250990328	1.5148108849214412	245	31	138	105.44400781992081	3.314286980652971	0	0	31
249	0.1	62.5	[3]	{1}	2.0896108542580443	1.7815379027556832	1.7593044731111185	0.0	0	327.50356267206377	172.49643732793623	3.953190271642199	94	44	69	48.815589066801586	1.665662768586372	0	0	44
435	0.1	62.5	[3]	{1}	1.8024147904747765	1.6121736304740957	1.5136744542526726	0.0	0	937.5300076790156	437.5300076790156	0.8815618023495221	62	14	39	18.89244973123445	1.5200324242622925	0	0	16
311	0.1	62.5	[1]	{0}	2.4102748585518388	1.978178014668469	1.978178014668469	0.0	0	821.9651042018086	321.9651042018086	1.6628219864210798	30	8	19	12.51124427058734	0.0	0	0	8
187	0.1	62.5	[1]	{1}	2.9592060256362918	2.6228394938822968	2.622839493882297	0.0	0	257.8748986124993	242.1251013875007	0.9258200997725514	13	3	8	4.823499594449997	0.0	0	0	3
63	0.1	62.5	[1]	{2}	4.667748294805007	3.9591997704423894	3.9591997704423894	0.0	0	561.7990158498287	61.79901584982872	0.9118949954437042	80	10	45	32.992799015849826	0.0	0	0	10
125	0.1	62.5	[1]	{1}	3.9649028428603126	3.7274589211154394	3.7274589211154394	0.0	0	90.07059223949925	409.92940776050074	0.6676414424040008	180	128	154	87.78844765144595	0.0	0	0	128
373	0.1	62.5	[2]	{0}	9.243364572674281	7.379428276295293	7.406317703624694	0.0	0	640.9839938860387	140.98399388603866	0.17248511049491957	227	43	136	97.83815244020523	2.975362226680792	0	0	45
497	0.1	62.5	[1]	{0}	6.052340177713792	4.238788551145386	4.238788551145386	0.0	0	787.9199902527034	287.9199902527034	nan	1	1	1	0.2630800097472966	0.0	0	0	1
1	0.1	62.5	[2]	{2}	3.7462905526095964	3.3749155653114493	3.431678613350642	0.0	0	4.956595133989993	495.04340486601	0.973894586589195	184	144	164	79.27388160197437	1.6731961069792325	0	0	144
436	0.1	62.5	[3]	{2}	3.8348892702545507	2.9267884115666574	3.009217428038387	0.0	0	68.04810999892649	431.9518900010735	1.888315331591698	139	63	101	59.23418556990663	1.2552329631094814	0	0	63
312	0.1	62.5	[1]	{0}	6.22140381527914	4.7221508879691605	4.722150887969161	0.0	0	847.8673263452948	347.8673263452948	2.053131881728778	135	13	74	43.305164377354096	0.0	0	0	13
188	0.1	62.5	[2]	{0}	3.643963735401857	3.1458031248868705	3.2153459465899212	0.0	0	43.85511227883387	456.1448877211661	1.106823346232759	138	92	115	63.99591746295053	1.5458218254845475	0	0	92
250	0.1	62.5	[2]	{1}	8.140289198958605	7.682271340582127	7.6471737706099505	0.0	0	902.8135931584984	402.8135931584984	0.28176326462030993	343	227	286	160.4805667293034	3.6641602177693025	0	0	229
374	0.1	62.5	[1]	{1}	3.017847991789834	2.441954242398532	2.441954242398532	0.0	0	796.6657595243306	296.6657595243306	0.46607422164439444	102	18	60	41.06170658092946	0.0	0	0	18
126	0.1	62.5	[1]	{2}	5.96782247595352	5.677702621050491	5.677702621050491	0.0	0	461.8452843278647	38.154715672135296	0.4014006894881194	251	15	133	97.68730201114711	0.0	0	0	15
64	0.1	62.5	[2]	{1}	9.047527476699118	8.084803326619422	8.3535086998702	0.0	0	729.1168044321241	229.11680443212413	4.515596069104766	358	214	286	186.10486445651188	5.002532675266803	0	0	214
498	0.1	62.5	[3]	{1}	1.915477234011687	1.7816015919202997	1.7938767024270037	0.0	0	761.7364565376195	261.73645653761946	4.692121432432582	86	70	78	52.66654173849524	2.90504895719137	0	0	70
2	0.1	62.5	[1]	{0}	4.697339740774298	3.193860555749226	3.193860555749226	0.0	0	118.179231416434	381.820768583566	nan	1	1	1	0.39217923141643407	0.0	0	0	1
437	0.1	62.5	[1]	{2}	14.820690607023888	10.948096430822261	10.948096430822261	0.0	0	511.8936668150128	11.893666815012807	0.39072951343551293	87	3	45	33.031106333184994	0.0	0	0	3
313	0.1	62.5	[1]	{1}	6.623622552849521	4.970907716034921	4.9709077160349215	0.0	0	697.6139429025352	197.6139429025352	2.2445701677816263	27	11	19	12.148246628072114	0.0	0	0	11
189	0.1	62.5	[2]	{2}	4.128507793888945	3.6478774235629587	3.6731534094467517	0.0	0	715.1147753465922	215.11477534659218	1.2219372170926792	162	64	113	73.62286679138053	1.7263995114822128	0	0	64
251	0.1	62.5	[1]	{1}	8.895282450180988	6.641386633299829	6.641386633299829	0.0	0	270.41262900456775	229.58737099543225	0.731126155013931	10	0	5	2.7972378870137034	0.0	0	0	0
375	0.1	62.5	[3]	{0}	3.983358059448105	3.4978749790531563	3.3887907307176253	0.0	0	135.5178640224039	364.4821359775961	2.4223115779384488	140	62	102	60.39332193765788	3.5094630714388746	0	0	64
127	0.1	62.5	[3]	{0}	5.527938585797239	4.591369161421806	4.937130998390693	0.0	0	21.03584678843612	478.9641532115639	0.27533661232046314	240	210	224	125.43274290630218	7.051311492356602	0	0	208
65	0.1	62.5	[1]	{1}	7.159347305943136	5.426900306605269	5.426900306605269	0.0	0	313.2584341801703	186.7415658198297	1.0434983894999017	8	0	4	2.979	0.0	0	0	0
499	0.1	62.5	[1]	{0}	1.1556169526514566	0.8672947987778045	0.8672947987778045	0.0	0	665.6797924079002	165.6797924079002	0.7071067811865475	5	1	3	1.8049606227762993	0.0	0	0	1
3	0.1	62.5	[1]	{2}	8.003404920657452	7.098602260275569	7.098602260275569	0.0	0	222.7142988704145	277.2857011295855	1.478234995763163	97	11	55	37.363286069501186	0.0	0	0	13
438	0.1	62.5	[1]	{0}	3.117318496368673	3.021435973185095	3.021435973185095	0.0	0	908.2718847785144	408.2718847785144	0.08683804610033363	61	7	34	19.417843456644572	0.0	0	0	7
252	0.1	62.5	[3]	{0}	3.7231589804739817	3.1421251499625247	3.177775089830937	0.0	0	456.7362121306359	43.26378786936408	5.761397729229397	124	80	102	76.34555878818037	3.9072602110554087	0	0	80
314	0.1	62.5	[2]	{0}	5.6784945116183305	5.25669762644917	5.242666848603762	0.0	0	428.38660534471273	71.61339465528727	3.2992658092653016	260	12	135	96.04287208946792	2.5993435245247585	0	0	10
376	0.1	62.5	[1]	{0}	7.3690254385561476	6.312959772658349	6.312959772658348	0.0	0	66.18066038936374	433.81933961063623	1.726949026803186	29	5	17	8.264709905840455	0.0	0	0	5
190	0.1	62.5	[2]	{0}	4.6690729971126785	3.9340848504719643	3.930641326607519	0.0	0	528.0406628735365	28.040662873536462	1.3783943731966624	156	2	79	58.218097897585494	1.7189094807077825	0	0	2
128	0.1	62.5	[2]	{1}	5.389333522706572	4.4161131264680815	4.4838631976141485	0.0	0	711.6808036807926	211.68080368079256	0.6761451540571821	196	48	122	85.88253570553655	2.1092541361939747	0	0	48
66	0.1	62.5	[1]	{2}	5.257023879845493	3.7673887786129776	3.7673887786129776	0.0	0	502.96814739704126	2.968147397041264	1.383496476323666	31	9	20	15.067063705205916	0.0	0	0	9
4	0.1	62.5	[2]	{2}	3.479799110792216	3.127149849038809	3.085479067043827	0.0	0	654.3217424768956	154.32174247689557	0.6854242365806	146	18	82	54.050121511571106	1.6156048582136529	0	0	18
439	0.1	62.5	[3]	{0}	4.728729523800279	3.414312165961814	3.76872484071688	0.0	0	42.72928857244534	457.27071142755466	0.5353393646035359	144	90	117	64.82786818583119	2.5524825389447914	0	0	90
253	0.1	62.5	[1]	{0}	5.305415484790112	4.482826104820198	4.482826104820198	0.0	0	641.9426216743886	141.94262167438865	1.4865635142505382	91	9	50	35.285573783256105	0.0	0	0	9
315	0.1	62.5	[1]	{2}	5.233384402197452	4.8386646594257146	4.8386646594257146	0.0	0	707.0174938999115	207.01749389991153	0.43583586846268	20	2	11	7.023807567100974	0.0	0	0	2
129	0.1	62.5	[1]	{2}	3.100848407186607	2.615356659979682	2.615356659979682	0.0	0	658.5651626810431	158.56516268104315	0.8528028654224417	10	0	5	3.442174186594784	0.0	0	0	0
191	0.1	62.5	[2]	{1}	2.1377727861940405	2.0699282228615283	2.047473727079452	0.0	0	190.1923997793348	309.8076002206652	0.8652179786259844	99	53	76	44.98862238322944	1.0510661749343093	0	0	53
67	0.1	62.5	[2]	{0}	3.991247256378415	3.61255726011537	3.535031983121022	0.0	0	395.76481166295696	104.23518833704304	4.084896664896248	181	5	93	72.35452422851507	2.283161767106512	0	0	5
377	0.1	62.5	[2]	{2}	8.594691693841074	8.137668470924767	8.166358016465754	0.0	0	596.0247893817724	96.0247893817724	0.7172493977237717	333	51	193	134.92071143695338	4.167784452470247	0	0	53
5	0.1	62.5	[2]	{2}	4.890806668036061	3.8573376347164334	4.106147160614303	0.0	0	52.40844050422314	447.5915594957769	1.026376673031858	177	101	139	73.90868882504478	2.216629031800232	0	0	101
440	0.1	62.5	[1]	{0}	4.952472954749505	3.569656035069155	3.569656035069155	0.0	0	901.8646306358276	401.86463063582755	0.0	13	1	7	4.037676846820862	0.0	0	0	1
254	0.1	62.5	[1]	{2}	5.468934713706868	4.425016245870528	4.425016245870528	0.0	0	756.2817232683302	256.2817232683302	0.2394362326997978	57	7	32	21.81005587424338	0.0	0	0	7
192	0.1	62.5	[3]	{1}	2.6617727116525267	2.593486698375436	2.5925961568309193	0.0	0	422.41575266234594	77.58424733765406	8.567568969494957	117	107	112	80.82065204259752	4.781611365654567	0	0	107
316	0.1	62.5	[2]	{2}	4.810709171144544	4.312036947445532	4.113769083907738	0.0	0	25.13746800832453	474.8625319916755	0.06601734014982091	183	99	141	70.51938298917378	2.125941361754687	0	0	99
378	0.1	62.5	[3]	{0}	6.10177534692399	5.445627664822988	5.47674053130064	0.0	0	400.3154418896884	99.68455811031163	9.797485901478744	254	178	215	158.88619488503605	7.515385369415511	0	0	176
130	0.1	62.5	[1]	{0}	5.080643117886238	3.6607008950460918	3.660700895046091	0.0	0	249.33772115036848	250.66227884963152	1.620185174601965	20	4	12	8.081675442300737	0.0	0	0	4
68	0.1	62.5	[2]	{2}	4.034636340079235	3.8375926350069554	3.810893441175188	0.0	0	863.282239297405	363.282239297405	0.04858318234990822	194	128	161	94.0816884303074	1.8670696260575297	0	0	128
6	0.1	62.5	[1]	{1}	3.581014700522722	2.978493475468496	2.978493475468496	0.0	0	209.4661733135582	290.5338266864418	1.3663247371307519	114	14	64	41.68471458591522	0.0	0	0	14
441	0.1	62.5	[3]	{1}	4.789749758048918	3.742008083400912	3.810746392464908	0.0	0	397.1196215134115	102.88037848658848	5.1150225112552805	161	83	122	90.1097848605365	2.4156107736055312	0	0	83
255	0.1	62.5	[1]	{2}	6.269535314084026	5.430025707834987	5.430025707834987	0.0	0	545.0272751040758	45.027275104075784	0.8783100656536799	27	3	15	11.464863624479621	0.0	0	0	3
193	0.1	62.5	[1]	{0}	4.526717040087567	3.140254730805042	3.140254730805042	0.0	0	268.0822559632362	231.9177440367638	0.06455470370179263	30	0	15	8.845740303669126	0.0	0	0	0
131	0.1	62.5	[1]	{1}	2.8889184911420545	2.2645214935587417	2.2645214935587417	0.0	0	977.6063761673868	477.60637616738677	0.7453559924999299	8	4	6	4.060574495330453	0.0	0	0	4
379	0.1	62.5	[2]	{1}	4.658422222876673	4.138881898512157	4.133151163700358	0.0	0	589.1612404957416	89.1612404957416	0.8598073507740854	184	30	107	74.05893951984494	1.8682138867212048	0	0	30
317	0.1	62.5	[1]	{0}	5.1084198425700995	4.669785459773109	4.669785459773109	0.0	0	327.7996126562357	172.2003873437643	0.005514400762954162	204	42	122	83.41976668843625	0.0	0	0	40
69	0.1	62.5	[1]	{0}	8.54719753059192	7.937553978331902	7.937553978331902	0.0	0	274.462263798341	225.53773620165902	1.939786537890784	315	141	228	146.46245275966814	0.0	0	0	141
7	0.1	62.5	[1]	{0}	4.8481823185897825	3.3372736411575095	3.3372736411575095	0.0	0	902.7766939252616	402.7766939252616	nan	0	0	0	0.0	0.0	0	0	0
442	0.1	62.5	[2]	{1}	6.334142934666682	5.259348040563424	5.250718185639226	0.0	0	367.4971738364549	132.50282616354508	2.0475433763876913	201	1	101	78.40056500176152	2.1487763096818924	0	0	1
194	0.1	62.5	[3]	{2}	0.8292775277917274	0.6213370923743012	0.6244096524881284	0.0	0	159.45747960358858	340.5425203964114	0.9231861823449954	23	1	12	7.0028299184143545	0.028634597858479743	0	0	1
256	0.1	62.5	[3]	{2}	10.709325017491267	9.048375156278937	8.945121388734918	0.0	0	53.70152858085925	446.29847141914075	1.561971941978187	303	127	216	127.22967820171631	7.5363768668859565	0	0	129
132	0.1	62.5	[1]	{0}	1.6173975266170446	1.3112533976115053	1.3112533976115053	0.0	0	709.554561879486	209.55456187948596	0.5288858853479451	43	5	24	19.106109123758973	0.0	0	0	5
318	0.1	62.5	[3]	{2}	7.116451801163207	6.32935562507324	6.281959631445237	0.0	0	604.0372832212598	104.03728322125983	8.61167155612859	247	145	195	146.0975898845661	8.01253363504598	0	0	143
70	0.1	62.5	[3]	{2}	5.650929954158173	4.925112847577893	4.9646697486010405	0.0	0	593.3468935545535	93.3468935545535	8.178894997512481	210	140	175	126.94455251269972	6.235540635769711	0	0	140
380	0.1	62.5	[2]	{0}	5.977814104091758	5.488916542309971	5.423087949543825	0.0	0	871.6974216513337	371.6974216513337	1.2485669440627185	256	146	201	109.16039762129262	2.611283532414514	0	0	146
8	0.1	62.5	[2]	{1}	2.0923657337083443	1.5885488204193432	1.6361465430668718	0.0	0	680.9165067970754	180.91650679707539	0.9994054176415039	64	28	47	33.702254316478964	0.853055880955058	0	0	30
443	0.1	62.5	[2]	{2}	3.537349299668775	3.3111310981086106	3.255302236541918	0.0	0	281.09983960166574	218.90016039833426	1.0815500191233143	153	25	89	53.980486366141584	1.7416701662337424	0	0	25
195	0.1	62.5	[3]	{1}	3.277151601926626	2.6171928307166006	2.61586897502613	0.0	0	533.0521904397758	33.05219043977581	3.4791408276748874	114	30	72	52.21189561912044	1.3040956820140472	0	0	30
257	0.1	62.5	[1]	{1}	6.42478435839616	5.300557650182576	5.300557650182576	0.0	0	971.5264963451776	471.52649634517763	1.3197124720346323	171	27	99	57.072982847208124	0.0	0	0	27
133	0.1	62.5	[1]	{0}	5.251198147660098	4.747659400637746	4.747659400637746	0.0	0	647.3759619984778	147.3759619984778	0.34156502553198664	27	3	15	11.268616342013699	0.0	0	0	3
319	0.1	62.5	[1]	{2}	3.6591500953580574	2.7827494010984415	2.7827494010984415	0.0	0	75.57799946516758	424.4220005348324	0.5714285714285714	13	5	9	5.741889997325837	0.0	0	0	5
71	0.1	62.5	[2]	{2}	4.820670332452467	4.112799219366224	4.190083605701109	0.0	0	9.489943273365553	490.51005672663445	0.6106054825101783	184	108	146	73.78955183136465	1.9373076684346944	0	0	108
381	0.1	62.5	[1]	{1}	4.2468241802436495	3.6708962991642684	3.6708962991642684	0.0	0	716.0459067672492	216.04590676724922	0.8010282477594778	132	4	67	46.03448507668075	0.0	0	0	2
9	0.1	62.5	[3]	{2}	4.048222106048422	3.120555402739618	3.1205216339124853	0.0	0	394.5034781936556	105.49652180634439	1.5681251204679503	123	27	75	56.94953826013022	0.6751605292319305	0	0	27
196	0.1	62.5	[1]	{0}	3.358286661006857	2.6991233616065866	2.6991233616065866	0.0	0	904.4617866165936	404.4617866165936	0.339160118231517	51	5	27	16.19537890781835	0.0	0	0	3
444	0.1	62.5	[1]	{0}	3.8779121932776874	3.3302022915045217	3.3302022915045217	0.0	0	601.8030229024587	101.80302290245868	0.27607930059999103	74	8	41	30.16859093129262	0.0	0	0	8
258	0.1	62.5	[2]	{1}	5.82290442958907	5.246144307643281	5.262532211060216	0.0	0	589.0330993570389	89.03309935703885	0.23174753057390152	217	33	125	93.7509217597954	2.535145288109744	0	0	33
134	0.1	62.5	[1]	{2}	19.143046710905274	15.04439774421368	15.04439774421368	0.0	0	215.20694252103567	284.79305747896433	0.3821460436868366	102	0	51	33.15100133311004	0.0	0	0	0
320	0.1	62.5	[1]	{0}	10.432830925915471	8.511622063760875	8.511622063760875	0.0	0	901.6478238627316	401.64782386273157	1.5846698320772432	55	5	30	16.46515657956898	0.0	0	0	5
72	0.1	62.5	[3]	{0}	1.7754389759099454	1.4445175423762253	1.5598347988730277	0.0	0	77.2721495013684	422.7278504986316	2.9068883707497264	79	69	74	42.68850616609304	2.098837672671249	0	0	69
382	0.1	62.5	[3]	{1}	5.910028201184061	5.424826366738082	5.221501017811423	0.0	0	789.1904576681558	289.1904576681558	6.182003086553918	223	141	182	119.97081148717554	7.014923506593632	0	0	141
10	0.1	62.5	[2]	{2}	2.328109521147727	2.192118635703029	2.1886336993249884	0.0	0	855.6422567926348	355.64225679263484	0.1410800526907246	131	81	106	57.961920779980694	1.0343779328568017	0	0	81
445	0.1	62.5	[3]	{2}	3.7520191145624944	3.6755069889953145	3.6461927048051574	0.0	0	800.6674905773253	300.66749057732534	7.34613416106708	158	146	153	101.9079233763088	6.754924303154042	0	0	148
197	0.1	62.5	[1]	{1}	2.614137538022814	2.14963381700781	2.14963381700781	0.0	0	530.9390330221505	30.93903302215051	0.2802242691589025	31	5	18	13.717756132088605	0.0	0	0	5
135	0.1	62.5	[1]	{0}	3.736699266536302	2.711507445760641	2.711507445760641	0.0	0	740.5891558155416	240.58915581554163	1.8516401995451028	6	4	5	3.4422325325533754	0.0	0	0	4
259	0.1	62.5	[2]	{0}	2.0351513678413027	1.6720503459511038	1.809747095274048	0.0	0	92.648217920214	407.351782079786	3.1180478223116177	89	83	86	45.87756099777672	1.1302004942750816	0	0	83
73	0.1	62.5	[1]	{2}	4.2084585679885	3.305963433184578	3.305963433184578	0.0	0	834.303254261613	334.303254261613	2.326745084889722	62	18	40	24.075689355105162	0.0	0	0	18
321	0.1	62.5	[1]	{2}	7.460672222959265	5.693127018436521	5.693127018436521	0.0	0	481.4525181427598	18.5474818572402	0.4138324710730865	48	4	26	19.79781007257104	0.0	0	0	4
383	0.1	62.5	[1]	{1}	3.20869216672547	2.8515048714420335	2.8515048714420335	0.0	0	488.188737537712	11.811262462288028	0.6844162516600056	33	1	17	11.535566212613135	0.0	0	0	1
11	0.1	62.5	[2]	{1}	1.4243211973304988	1.1242268956463541	1.1291899943797814	0.0	0	326.5928472392263	173.40715276077373	1.3260366532421441	54	2	28	19.32404263926298	0.4456504684581363	0	0	2
446	0.1	62.5	[1]	{1}	5.844268353496723	3.991290951910818	3.991290951910818	0.0	0	492.18958336859936	7.810416631400642	1.0	2	0	1	0.9501895833685994	0.0	0	0	0
198	0.1	62.5	[1]	{1}	8.601624209401523	8.079195109385825	8.079195109385825	0.0	0	640.1396067813039	140.13960678130388	1.7563890098773096	307	63	186	126.30805898280443	0.0	0	0	65
136	0.1	62.5	[3]	{2}	6.57630793053366	5.488317673275549	5.47417752351203	0.0	0	544.0500634722412	44.05006347224116	6.302061356917047	204	102	153	111.70094993652779	4.656574407137528	0	0	102
322	0.1	62.5	[1]	{0}	3.6674683101156016	2.8680114376584753	2.8680114376584753	0.0	0	182.4250775389373	317.57492246106267	0.11396057645963795	10	2	6	3.481700310155749	0.0	0	0	2
260	0.1	62.5	[2]	{0}	7.287133484859715	6.5427189819253835	6.542107872856007	0.0	0	523.3939823228864	23.39398232288636	1.2997240622993202	251	29	140	103.38360176771138	2.9246636204298775	0	0	29
74	0.1	62.5	[2]	{0}	3.5813844529074403	2.727521443223931	2.89395292456055	0.0	0	984.4176704064014	484.4176704064014	0.24967191586914717	121	67	94	49.079574322611066	1.4468309093193796	0	0	67
384	0.1	62.5	[1]	{2}	2.5625006805082773	2.217033799453485	2.217033799453485	0.0	0	574.2773793172092	74.27737931720924	1.200198396297958	53	11	32	23.919116689559075	0.0	0	0	11
12	0.1	62.5	[1]	{0}	8.708900348099071	6.503759879635627	6.503759879635627	0.0	0	820.8934315480293	320.8934315480293	0.3197507873918935	52	6	29	18.2548116636835	0.0	0	0	6
447	0.1	62.5	[1]	{2}	6.772642774168247	4.903669221936168	4.903669221936168	0.0	0	76.50908501818779	423.49091498181224	3.6146391880168705	85	15	50	26.003327060654758	0.0	0	0	15
137	0.1	62.5	[3]	{1}	2.344752692054485	1.677779164512338	1.950581366425728	0.0	0	60.86064036935581	439.1393596306442	0.06862971855589192	85	71	78	45.312687387332325	2.157354890486925	0	0	71
199	0.1	62.5	[2]	{0}	0.9013364451343786	0.7085606874361114	0.7063809404124264	0.0	0	792.2453035134821	292.2453035134821	0.1321696096086382	32	6	19	13.994282875405625	0.26317133907021256	0	0	6
323	0.1	62.5	[3]	{1}	6.390040776619419	5.333195250878812	5.279438156340014	0.0	0	635.7044798787683	135.70447987876832	6.263120462131822	205	99	153	115.58029552012124	4.291394120175379	0	0	101
261	0.1	62.5	[1]	{2}	4.598186843162004	4.21689951041215	4.21689951041215	0.0	0	545.9125628694893	45.91256286948931	0.6945245503058114	181	9	96	69.05719698226451	0.0	0	0	11
75	0.1	62.5	[1]	{1}	3.6414591008944797	2.85237848823276	2.85237848823276	0.0	0	587.5924841966481	87.59248419664812	0.6690375388566816	107	3	55	39.52011273705028	0.0	0	0	3
385	0.1	62.5	[3]	{2}	10.076830256382756	9.322663022039215	9.351507303407637	0.0	0	288.2545266766101	211.7454733233899	12.688487400344318	398	330	363	253.7738882614021	14.487298367118035	0	0	328
13	0.1	62.5	[2]	{1}	4.514127864191934	4.218450471042905	3.8802556889094046	0.0	0	907.6496530324224	407.6496530324224	1.5744101260017342	184	42	113	62.05558920733626	2.4528129268984316	0	0	42
448	0.1	62.5	[3]	{2}	5.8944904336101445	5.5048634674702654	5.47966603186711	0.0	0	648.5493869986386	148.54938699863862	10.964720621683183	246	208	227	166.38958616708024	8.640008942286197	0	0	208
200	0.1	62.5	[1]	{2}	1.6721916415846694	1.309097679696566	1.3090976796965663	0.0	0	659.846883499995	159.846883499995	0.12126781251816648	16	2	9	5.698071815500035	0.0	0	0	2
138	0.1	62.5	[2]	{2}	1.7049455373346523	1.460624755652021	1.4882360319195596	0.0	0	34.06886430457237	465.93113569542766	1.800297594446937	71	51	61	28.516200722578922	0.6950236864182608	0	0	51
324	0.1	62.5	[3]	{2}	3.696423143646308	3.4903311551908875	3.4987835155325793	0.0	0	123.174263862893	376.825736137107	4.428100548228024	181	159	170	103.38469988535354	5.834159684541152	0	0	159
262	0.1	62.5	[3]	{2}	2.3376816265422637	1.7848710967892596	1.8143721702930398	0.0	0	28.45236752182248	471.54763247817755	0.29054360157398823	76	30	53	28.129070743612942	0.5514498374693476	0	0	30
76	0.1	62.5	[1]	{0}	5.381211281755988	4.259092319629499	4.259092319629499	0.0	0	667.9075525607916	167.9075525607916	0.6224436447227604	179	1	90	63.03251300268993	0.0	0	0	1
386	0.1	62.5	[2]	{2}	4.428265430417666	4.119549195608435	4.013937945785781	0.0	0	53.90276340767746	446.09723659232253	0.17350028237193935	175	109	142	73.64138687707486	2.0365501398917987	0	0	109
14	0.1	62.5	[3]	{0}	1.4063182638028857	1.267710088686577	1.2548497602201567	0.0	0	888.4627618826926	388.4627618826926	1.7346166373888494	69	43	56	35.33863847716153	1.6339941907330109	0	0	43
449	0.1	62.5	[1]	{2}	5.663879315265127	4.153352633696771	4.153352633696771	0.0	0	325.0828506425024	174.91714935749758	1.0643623127803488	38	8	23	15.926579954497516	0.0	0	0	8
139	0.1	62.5	[1]	{0}	3.615461439994637	2.9051374934753786	2.9051374934753786	0.0	0	25.293153710663344	474.7068462893367	0.5773502691896258	5	1	3	1.9158794611319903	0.0	0	0	1
77	0.1	62.5	[3]	{2}	2.1465975054966	1.739173356203576	1.7746539619377368	0.0	0	330.87079902179545	169.12920097820455	4.044505494044732	80	40	60	41.7376407745667	1.5274306946642866	0	0	40
140	0.1	62.5	[1]	{0}	6.176860448441807	5.1481938200889665	5.1481938200889665	0.0	0	255.6126837152986	244.3873162847014	0.7455284088780169	174	4	89	67.79628878600711	0.0	0	0	4
201	0.1	62.5	[2]	{0}	6.024728170777335	5.76423181163876	5.756894146719393	0.0	0	427.8947154525667	72.10528454743331	0.567958679771022	276	16	146	104.34989187064394	2.8462932672513817	0	0	16
325	0.1	62.5	[1]	{2}	4.0904694429173745	3.038695714976215	3.038695714976215	0.0	0	740.0221880525351	240.02218805253506	0.28492064734044614	88	4	46	33.827600615054365	0.0	0	0	4
263	0.1	62.5	[1]	{1}	11.48635556601229	8.089077926275314	8.089077926275312	0.0	0	359.2646829783916	140.7353170216084	0.9300982876880508	61	1	31	23.719735317021605	0.0	0	0	1
387	0.1	62.5	[1]	{1}	7.102300116597553	5.886835605913419	5.886835605913419	0.0	0	850.6194842047989	350.61948420479894	nan	0	0	0	0.0	0.0	0	0	0
15	0.1	62.5	[2]	{2}	4.688327888251837	3.739511006461697	3.83320961384569	0.0	0	280.84745281375945	219.15254718624055	0.2491364395612199	144	44	94	63.93862679133564	1.9165953769306348	0	0	44
450	0.1	62.5	[2]	{2}	3.797931710066834	3.4887205891173076	3.435780651038559	0.0	0	379.6612448059023	120.3387551940977	0.8065151621104885	151	27	89	59.9175608292781	1.9767390580881299	0	0	27
202	0.1	62.5	[1]	{2}	7.375210743472232	6.446066143510075	6.446066143510075	0.0	0	39.72437791526312	460.2756220847369	1.0	2	0	1	0.520724377915263	0.0	0	0	0
326	0.1	62.5	[3]	{0}	4.143266317976776	3.6468025186826987	3.653268617292058	0.0	0	535.5528437066822	35.55284370668221	8.337200593473042	156	114	135	101.37775615767947	4.548423925446054	0	0	114
264	0.1	62.5	[1]	{0}	2.8139814460431634	2.6687272816908685	2.6687272816908685	0.0	0	989.747610175982	489.747610175982	0.7968190728895957	111	51	81	40.26344357574547	0.0	0	0	51
78	0.1	62.5	[1]	{0}	5.972195248985179	4.427441480196544	4.427441480196544	0.0	0	77.36777421087027	422.63222578912973	1.044465935734187	10	2	6	3.322206645265222	0.0	0	0	2
388	0.1	62.5	[1]	{0}	5.2058143632879	4.896391071696312	4.896391071696312	0.0	0	640.0553530547767	140.05535305477667	0.11109664988343422	172	16	94	68.3806788167134	0.0	0	0	16
16	0.1	62.5	[3]	{0}	4.32188916323328	4.027319596423153	3.8891774819569	0.0	0	743.3806988410654	243.3806988410654	6.889060855901672	174	114	144	96.17435108112544	5.749681711682737	0	0	114
141	0.1	62.5	[1]	{0}	10.620397766745548	8.545389533967805	8.545389533967805	0.0	0	33.6141097359359	466.3858902640641	0.06419407387663693	47	3	25	11.939352743398398	0.0	0	0	3
451	0.1	62.5	[1]	{2}	2.3271381388630594	1.6034380273225501	1.6034380273225497	0.0	0	270.80041961744433	229.19958038255567	nan	0	0	0	0.0	0.0	0	0	0
327	0.1	62.5	[3]	{1}	1.3112230956674005	0.9672039325619999	1.0607754068278974	0.0	0	67.66906892880813	432.33093107119186	1.3337718577107003	37	19	28	14.228395792149009	0.8352995168541897	0	0	19
203	0.1	62.5	[2]	{0}	2.5461934458124187	1.970695076049135	1.9586899694927102	0.0	0	645.7768282853068	145.7768282853068	1.4112783844112458	78	2	40	29.422231717146936	0.7679458858751624	0	0	2
265	0.1	62.5	[1]	{1}	9.176302577449679	8.242879214211417	8.242879214211417	0.0	0	918.1512584909798	418.1512584909798	0.2740993155456771	45	5	25	14.717521054707463	0.0	0	0	5
79	0.1	62.5	[1]	{0}	7.545813147402132	6.035194404918157	6.035194404918157	0.0	0	831.041425000876	331.04142500087596	0.2584922421118907	115	9	62	40.33317729996146	0.0	0	0	9
389	0.1	62.5	[3]	{0}	5.073615519355486	4.292148597950619	4.348481217234146	0.0	0	370.0197010766715	129.98029892332852	6.087680362386731	174	96	134	95.39890624952693	4.779550141759431	0	0	94
17	0.1	62.5	[1]	{1}	10.132307925479083	7.2745969585407	7.274596958540702	0.0	0	44.82944542542097	455.170554574579	0.0	3	1	2	0.7976588908508421	0.0	0	0	1
452	0.1	62.5	[3]	{1}	5.401266305040064	4.741024019255718	4.6061152265627765	0.0	0	255.5667567066849	244.4332432933151	6.824891110367117	204	114	160	112.09833783533425	4.99324887952735	0	0	116
328	0.1	62.5	[1]	{2}	5.7871938261149936	5.022894543968222	5.022894543968222	0.0	0	125.86007779464128	374.13992220535874	0.3014756606502373	51	9	30	19.380201555892825	0.0	0	0	9
142	0.1	62.5	[2]	{2}	8.671788220605203	7.570032865674506	7.623077198160702	0.0	0	356.4369273371995	143.5630726628005	0.9795673154541615	287	83	185	124.021723737266	3.6566676043311217	0	0	83
204	0.1	62.5	[2]	{2}	2.5287464380251707	2.1115094728956083	2.116498079888908	0.0	0	485.2455337531865	14.754466246813479	1.9551142959204098	88	16	52	37.76587494508921	1.1902331265261756	0	0	16
266	0.1	62.5	[3]	{0}	5.317991037892933	4.306338311276639	4.34161365164465	0.0	0	615.6822405755521	115.6822405755521	3.98401639985547	171	79	125	91.2952057306469	3.1298960523835992	0	0	79
80	0.1	62.5	[3]	{0}	3.706219373134118	3.237352985819583	3.226661957836965	0.0	0	598.570021567866	98.57002156786598	7.2479127227411215	156	104	130	98.54045952550695	3.6844406762328994	0	0	104
390	0.1	62.5	[1]	{0}	9.42038525221774	7.438383105791404	7.438383105791404	0.0	0	18.423372413962912	481.5766275860371	0.45102322589317845	142	6	74	40.6276360689774	0.0	0	0	6
18	0.1	62.5	[2]	{1}	3.1447155453220494	2.72479714562883	2.799274155857622	0.0	0	189.94747707620277	310.05252292379726	0.9104607700724564	126	58	92	56.20627293685826	1.467124105186644	0	0	58
143	0.1	62.5	[3]	{1}	6.4624999145808335	6.027841860394922	5.7603007363905245	0.0	0	868.5112949460746	368.5112949460746	5.964017658711447	210	148	180	109.04464460647111	8.033411624302913	0	0	150
329	0.1	62.5	[3]	{0}	5.8543968666285435	5.089592928345201	5.108946242862491	0.0	0	445.43025898747146	54.56974101252854	8.567463415874558	249	173	211	157.5816406184862	6.0998415994221835	0	0	173
453	0.1	62.5	[2]	{2}	4.547583089464335	4.096962932670979	4.0946990947358	0.0	0	389.6301272325218	110.36987276747823	0.01198562586826863	178	30	104	73.3626704330668	1.8414189257841322	0	0	30
205	0.1	62.5	[2]	{1}	2.8618450810258436	2.319439856993885	2.4036981548429726	0.0	0	198.0870461557062	301.91295384429384	1.184723735447257	113	57	85	55.12135436936658	1.2518570408677876	0	0	57
267	0.1	62.5	[2]	{1}	1.9253823780416868	1.6363238769062403	1.6376683304081618	0.0	0	437.2394473757596	62.760552624240404	1.8415032689190032	77	27	52	37.87370452652128	0.6963990926880257	0	0	27
81	0.1	62.5	[1]	{2}	4.670996361279976	3.7875708414418803	3.7875708414418803	0.0	0	942.9678721353412	442.96787213534117	nan	4	4	4	2.7491285114586352	0.0	0	0	4
391	0.1	62.5	[1]	{0}	2.1302314748193916	1.8424218681279267	1.8424218681279267	0.0	0	585.4011429473757	85.40114294737566	1.6830861627068272	92	14	53	41.296830859579146	0.0	0	0	14
19	0.1	62.5	[2]	{0}	8.019253369606048	6.656696022675434	6.6504692488751	0.0	0	535.9297359827905	35.929735982790476	0.62148367590772	266	2	134	99.05719953727346	2.8141467543204053	0	0	2
144	0.1	62.5	[1]	{1}	2.0878184078393174	1.4817460037816494	1.4817460037816494	0.0	0	31.67305374518037	468.32694625481963	0.0	3	1	2	1.2373461074903607	0.0	0	0	1
454	0.1	62.5	[3]	{0}	2.301812357077815	1.8713554882193062	1.9227584920467626	0.0	0	47.53638757392764	452.46361242607236	0.13483997249264842	87	59	73	42.541010742601	1.6848007280689168	0	0	59
330	0.1	62.5	[1]	{1}	4.9764344114932735	4.427443444220124	4.427443444220124	0.0	0	48.05826046504091	451.9417395349591	0.8124865227702692	220	140	180	97.43113732091703	0.0	0	0	140
206	0.1	62.5	[3]	{0}	5.242013931444057	5.077640605372767	4.763022273787268	0.0	0	890.6299532391129	390.62995323911287	4.284568971109609	212	126	169	104.64925584511094	7.4575073176241515	0	0	126
268	0.1	62.5	[3]	{0}	2.441913300547212	2.046118220073484	2.021556430290482	0.0	0	323.9012754056603	176.09872459433973	3.6905077596266396	98	46	72	51.64763060973583	1.6604490250329174	0	0	46
82	0.1	62.5	[3]	{2}	1.0738644880744956	1.0350129156840673	1.015027943988235	0.0	0	837.2854955960065	337.2854955960065	3.302022666670121	60	54	57	34.76915269817971	1.736289013368284	0	0	54
392	0.1	62.5	[1]	{2}	4.86723205208193	4.041808855525618	4.041808855525618	0.0	0	318.618157878518	181.381842121482	1.0362739195616362	27	5	16	10.017945263028144	0.0	0	0	5
20	0.1	62.5	[3]	{0}	0.7393598952663794	0.624852644816799	0.6236156768976457	0.0	0	785.2922962047162	285.2922962047162	3.112169311924876	39	25	32	19.945907853133974	0.5571018351048087	0	0	25
145	0.1	62.5	[1]	{1}	6.676245512881177	4.847748605970952	4.847748605970953	0.0	0	607.708535157144	107.70853515714396	0.8314827937868806	47	1	24	16.769497578114272	0.0	0	0	1
455	0.1	62.5	[1]	{0}	4.650510580294248	3.799268162811206	3.799268162811206	0.0	0	734.2113214544951	234.21132145449508	0.7815064808341545	100	0	51	35.89971696363762	0.0	0	0	2
331	0.1	62.5	[1]	{0}	4.020140135879278	3.5811471016447043	3.5811471016447047	0.0	0	791.6778437793256	291.6778437793256	0.08885233166386386	18	2	10	5.7045772497653955	0.0	0	0	2
207	0.1	62.5	[1]	{1}	5.712255202391987	3.979345724797292	3.979345724797292	0.0	0	856.0565253719687	356.05652537196875	0.9816406616129363	34	6	20	13.448434746280311	0.0	0	0	6
269	0.1	62.5	[1]	{1}	4.0563941278669065	3.0733132892840365	3.0733132892840365	0.0	0	987.4980421736836	487.49804217368364	nan	2	2	2	1.5990039156526328	0.0	0	0	2
83	0.1	62.5	[2]	{2}	0.5775004192140395	0.4972577356042633	0.49258025586884197	0.0	0	883.0904394853861	383.0904394853861	0.1224744871391589	15	5	10	5.732095605146139	0.21603990391764036	0	0	5
393	0.1	62.5	[1]	{0}	5.300915807339084	4.465096689116365	4.465096689116366	0.0	0	689.8973456118254	189.89734561182536	0.019224055886410997	70	16	43	28.83097697725706	0.0	0	0	16
21	0.1	62.5	[3]	{2}	6.684861489152958	6.225875812908993	6.249375693672911	0.0	0	402.2939207497984	97.70607925020158	11.036727692919252	254	212	233	170.16916564123892	10.126352669804744	0	0	212
146	0.1	62.5	[2]	{2}	0.9814434226134547	0.7351929226046154	0.8155887487650377	0.0	0	129.07865946181124	370.92134053818876	1.697056274847714	35	23	29	15.166123805468901	0.5416133320871712	0	0	23
332	0.1	62.5	[1]	{2}	3.3268805833005226	2.3448987201544162	2.3448987201544167	0.0	0	188.2302006706596	311.7697993293404	1.184793080556535	36	10	23	15.16183421408385	0.0	0	0	10
456	0.1	62.5	[1]	{0}	2.500626361965514	2.0452462789275554	2.0452462789275554	0.0	0	897.9280798230318	397.9280798230318	1.9866366175456764	83	25	54	31.033876807078723	0.0	0	0	25
208	0.1	62.5	[1]	{1}	3.465425469358247	2.951954826627637	2.951954826627637	0.0	0	123.04709339514385	376.95290660485614	1.0381562432797355	90	16	54	32.89478954901547	0.0	0	0	18
84	0.1	62.5	[3]	{0}	2.429124080577281	1.9202999304328294	1.984033857918075	0.0	0	738.2564439903946	238.2564439903946	1.6859058110994438	97	29	63	41.657485796393814	1.5650277595616022	0	0	29
270	0.1	62.5	[1]	{0}	7.425120753810717	5.180395473790426	5.180395473790428	0.0	0	266.54493575915706	233.45506424084294	1.1090536506409416	40	6	23	15.617084164869041	0.0	0	0	6
394	0.1	62.5	[1]	{1}	8.614735917583365	6.244919476892072	6.244919476892072	0.0	0	60.76830066740507	439.2316993325949	1.289422977083597	81	5	43	22.074500327363612	0.0	0	0	5
22	0.1	62.5	[1]	{1}	7.123276467801824	6.129753685424356	6.129753685424356	0.0	0	272.68016571179027	227.31983428820973	0.7833494518006403	15	3	9	5.432121491406113	0.0	0	0	3
147	0.1	62.5	[1]	{2}	5.921448589248743	5.407559227573529	5.407559227573529	0.0	0	785.8908977359532	285.8908977359532	0.4472135954999579	4	2	3	1.5153273067921402	0.0	0	0	2
457	0.1	62.5	[1]	{2}	2.1868308344430254	2.0149142428419045	2.0149142428419045	0.0	0	19.044779241085	480.955220758915	0.10465553340041586	100	74	87	44.34289579397441	0.0	0	0	74
333	0.1	62.5	[1]	{0}	11.339437193445173	8.132813115817124	8.132813115817124	0.0	0	3.5251653753221035	496.4748346246779	0.9290616619307517	145	13	79	40.64248806465044	0.0	0	0	13
209	0.1	62.5	[1]	{2}	2.4769851748920484	1.8296209141266777	1.8296209141266782	0.0	0	925.0028883107008	425.00288831070077	0.3	35	7	21	12.821950898718088	0.0	0	0	7
85	0.1	62.5	[3]	{2}	5.653177174335325	5.498837532214042	5.48679568501143	0.0	0	405.9860876295716	94.01391237042839	12.883870172441567	259	243	251	188.82259654125752	10.103388234350899	0	0	243
271	0.1	62.5	[2]	{0}	6.736750033584994	5.213911474860104	5.164214216117769	0.0	0	788.1342992186549	288.13429921865486	0.767736857551556	171	11	90	60.78747924375533	1.9683186954390641	0	0	9
23	0.1	62.5	[3]	{2}	2.1983156710284226	1.93060551357873	1.8589156856293656	0.0	0	106.33590747602284	393.66409252397716	2.8338838888377245	92	54	73	42.74147491118124	1.8635405953358526	0	0	54
395	0.1	62.5	[1]	{1}	11.891403172830406	8.070679092934238	8.07067909293424	0.0	0	767.4835301004351	267.48353010043513	0.35575623676894264	31	1	16	10.33609881939739	0.0	0	0	1
148	0.1	62.5	[1]	{2}	2.4424130688533916	1.6477676452356242	1.6477676452356242	0.0	0	463.0334544926881	36.96654550731188	0.4629100498862757	6	0	3	2.414966545507312	0.0	0	0	0
458	0.1	62.5	[3]	{2}	2.121032516062022	1.6440280513212058	1.644945169044279	0.0	0	515.2997332625091	15.299733262509108	1.029126646650613	83	15	49	36.178901867162445	0.49330963586575594	0	0	15
334	0.1	62.5	[3]	{2}	6.721454882794903	6.2313488648218875	5.71808775865291	0.0	0	101.54357808642088	398.4564219135791	2.962897469902439	223	83	153	92.95798854290136	6.704096336140076	0	0	83
210	0.1	62.5	[1]	{0}	4.610148242300337	3.51251073570213	3.5125107357021297	0.0	0	143.24681274592882	356.7531872540712	0.22059618656870952	96	2	49	30.528119322583084	0.0	0	0	2
86	0.1	62.5	[1]	{2}	5.779657136943781	4.260446782243699	4.260446782243699	0.0	0	435.13286113739	64.86713886260998	nan	1	1	1	0.79286713886261	0.0	0	0	1
272	0.1	62.5	[1]	{2}	3.1763504311453503	2.637539270362167	2.637539270362167	0.0	0	273.51264213211834	226.48735786788166	1.449663555283306	118	16	68	44.658682675134415	0.0	0	0	18
396	0.1	62.5	[2]	{1}	1.6901901959853087	1.4756874686889954	1.4727931399667868	0.0	0	473.2543444260956	26.7456555739044	1.4181100480683593	60	8	34	24.748595577374104	0.7359148218623977	0	0	8
24	0.1	62.5	[2]	{2}	6.962789210265556	6.302585918590815	6.299685592750478	0.0	0	457.454493502155	42.545506497845	0.5175575933642742	277	31	154	113.47663023325427	2.886460956177919	0	0	31
459	0.1	62.5	[1]	{2}	5.141586057944336	4.100067070941999	4.100067070941999	0.0	0	623.0738230515273	123.07382305152726	0.8341403959394523	44	4	24	18.584557061690838	0.0	0	0	4
335	0.1	62.5	[3]	{2}	4.36856881959071	3.4293153180276423	3.5001227622173063	0.0	0	414.922699565068	85.077300434932	2.6498806788784175	134	46	90	66.35675338173287	2.6218410532752787	0	0	46
149	0.1	62.5	[2]	{1}	6.971632848520363	5.912128552980853	5.98722027057563	0.0	0	882.6096574775877	382.6096574775877	1.2170075860260714	232	138	186	110.33791959889975	2.6976657966536353	0	0	140
87	0.1	62.5	[2]	{0}	3.419891213798666	2.980175669764289	2.996203617393748	0.0	0	449.48054756969225	50.51945243030775	2.9938461473660203	146	46	95	70.61939121147248	1.603520903467576	0	0	44
211	0.1	62.5	[1]	{1}	9.1400144858489	8.863412895956007	8.863412895956007	0.0	0	334.85919679515087	165.14080320484913	0.658825589755048	364	68	216	144.84127614621076	0.0	0	0	68
273	0.1	62.5	[1]	{2}	3.933867549259796	3.6244160216093544	3.6244160216093544	0.0	0	861.7314328439535	361.7314328439535	0.1511014926879634	129	7	68	41.65935408917813	0.0	0	0	7
397	0.1	62.5	[2]	{1}	1.0095449265658532	0.8471520089464222	0.8674945977640577	0.0	0	643.4309559408576	143.43095594085764	0.8804087784801333	37	17	27	17.85622610147856	0.5045505751004875	0	0	17
25	0.1	62.5	[1]	{1}	3.0533002682565993	2.3293790252687856	2.3293790252687856	0.0	0	22.65654597431416	477.34345402568584	0.4064298401668852	46	2	24	14.465444011434911	0.0	0	0	2
460	0.1	62.5	[3]	{2}	3.3941366158179616	3.1060482307790958	2.974448344375536	0.0	0	782.9444110393525	282.94441103935253	4.985331999385917	144	84	114	74.45566887140274	3.895875686629014	0	0	84
336	0.1	62.5	[1]	{1}	12.758693559486378	8.758486829139262	8.758486829139262	0.0	0	186.53694586828348	313.4630541317165	1.3803965029999552	12	4	8	4.925221675209702	0.0	0	0	4
150	0.1	62.5	[2]	{0}	1.575362867645839	1.2432850190731117	1.24556078463485	0.0	0	577.7754459995773	77.7754459995773	1.7215908936952808	57	5	31	23.172164742009723	0.4871400709851154	0	0	5
212	0.1	62.5	[3]	{0}	5.756671851917803	5.356156754916798	5.487352306702082	0.0	0	837.6468347851187	337.6468347851187	9.549987168522435	250	232	241	155.63674060830664	9.747345854345795	0	0	232
88	0.1	62.5	[3]	{0}	10.494122631244755	9.455921407899217	9.538914318799318	0.0	0	81.74906508065766	418.25093491934234	4.643577345000965	344	276	310	182.6227531812937	13.545007275503298	0	0	276
274	0.1	62.5	[1]	{1}	6.994926691333247	6.143246547142105	6.143246547142105	0.0	0	679.071120452136	179.07112045213603	0.773815431857394	92	6	49	35.115506470505146	0.0	0	0	6
398	0.1	62.5	[1]	{2}	2.699608345324955	1.8897454762877812	1.8897454762877812	0.0	0	709.0830439701675	209.08304397016752	1.3892973255655283	31	1	16	10.36833564823866	0.0	0	0	1
26	0.1	62.5	[1]	{2}	3.143711131320221	2.801337730723648	2.801337730723648	0.0	0	320.00489928759646	179.99510071240354	0.3418817293789138	10	4	7	4.995024496437982	0.0	0	0	4
461	0.1	62.5	[1]	{2}	10.471438773772142	7.645524217766241	7.645524217766241	0.0	0	769.1672239452602	269.16722394526016	0.2809757434745082	18	6	12	7.793662208437919	0.0	0	0	6
151	0.1	62.5	[1]	{2}	3.673369521286641	2.5603022634581696	2.5603022634581696	0.0	0	557.5632117688656	57.563211768865585	1.0606601717798212	7	3	5	3.917563211768866	0.0	0	0	3
337	0.1	62.5	[2]	{0}	5.803709611097258	4.633357908325808	4.669316005315746	0.0	0	91.11927007324994	408.88072992675006	0.7107975240909454	177	41	109	61.344807737251735	1.8554039526485742	0	0	41
213	0.1	62.5	[3]	{2}	6.494606824544161	5.139903630648642	5.0224674812184995	0.0	0	49.48093928396707	450.5190607160329	0.49869823332030705	155	11	83	49.2881085677296	1.4727674505429031	0	0	11
89	0.1	62.5	[1]	{0}	6.374539123421194	4.9443786428455585	4.9443786428455585	0.0	0	584.0888293460011	84.08882934600115	0.4714045207910317	44	0	22	16.198644682616	0.0	0	0	0
275	0.1	62.5	[2]	{1}	1.1813251671522185	1.0364320445839525	1.0336567516226716	0.0	0	245.76372490264487	254.23627509735513	0.4029737895182065	60	26	43	30.63925782139786	0.4539103638577943	0	0	26
399	0.1	62.5	[1]	{1}	6.510959208787863	4.708803332449371	4.708803332449371	0.0	0	232.28778736665845	267.71221263334155	nan	6	0	3	1.6078633620999752	0.0	0	0	0
27	0.1	62.5	[2]	{1}	1.855055116603593	1.4583303688133509	1.454449529758805	0.0	0	579.0037142578514	79.00371425785136	0.24565184222025876	71	1	36	27.201992571484293	0.5760442069240621	0	0	1
152	0.1	62.5	[3]	{1}	7.4345112532400925	5.872005977468689	5.860035630468003	0.0	0	555.5355204269291	55.53552042692911	3.9437225015334123	193	67	130	98.71957375487688	2.488761502439687	0	0	67
462	0.1	62.5	[1]	{1}	5.013572893235164	4.593951002256522	4.593951002256522	0.0	0	761.9744914118204	261.9744914118204	0.0873680899607358	97	9	53	35.14689280058629	0.0	0	0	9
338	0.1	62.5	[1]	{0}	4.337144853276897	3.7500220187506104	3.7500220187506104	0.0	0	32.9169402830301	467.0830597169699	0.31814650419301416	92	10	51	26.873930073868472	0.0	0	0	10
214	0.1	62.5	[1]	{1}	4.494125755959216	3.7750148953060396	3.7750148953060396	0.0	0	81.42016222700471	418.5798377729953	0.10540925533894598	26	0	13	6.7724621089510615	0.0	0	0	0
90	0.1	62.5	[1]	{0}	9.50313012859388	6.925559112448838	6.925559112448838	0.0	0	340.7736192457378	159.2263807542622	0.4117637317478506	152	2	77	57.737793242651975	0.0	0	0	2
276	0.1	62.5	[2]	{2}	3.5917421149861664	2.802471445653631	2.803517865652423	0.0	0	554.3654153589159	54.365415358915925	0.8629732148164109	101	1	51	38.209903753923264	1.0268947066971053	0	0	1
400	0.1	62.5	[3]	{0}	5.57790987796324	4.9198408685396	4.71939380352447	0.0	0	705.8407459408047	205.8407459408047	4.0647487695943045	211	69	140	101.54132568672297	5.261487986205004	0	0	69
28	0.1	62.5	[1]	{0}	2.978692072801267	2.2513194434356203	2.2513194434356203	0.0	0	448.2099721208216	51.79002787917841	0.264197974633739	51	5	28	21.05967977696657	0.0	0	0	5
153	0.1	62.5	[3]	{0}	2.567484982066912	2.0584762861329646	2.1955661547365577	0.0	0	856.3742081169037	356.3742081169037	3.245972218241986	110	76	93	56.849682807466024	2.5442988915445066	0	0	76
463	0.1	62.5	[1]	{1}	7.8684927206487325	5.892855079577366	5.892855079577366	0.0	0	843.889474403113	343.889474403113	1.5563255195514265	56	2	29	17.316763139922177	0.0	0	0	2
339	0.1	62.5	[1]	{1}	2.835284867532542	2.308245503539395	2.308245503539395	0.0	0	260.4324994608759	239.56750053912413	0.10846522890932808	16	2	9	5.473892495147883	0.0	0	0	2
215	0.1	62.5	[3]	{0}	9.91433069668292	8.877162818510332	9.03045110314945	0.0	0	106.65178322233264	393.34821677766735	5.693660212666631	333	267	301	175.9043833230267	13.147325876985848	0	0	269
91	0.1	62.5	[2]	{1}	2.390842270122161	1.942422906391871	2.0075035574650766	0.0	0	870.6484972499312	370.6484972499312	0.8453179665442256	87	51	69	38.07614467325433	0.9876683253715748	0	0	51
277	0.1	62.5	[2]	{1}	7.392854430223493	6.786473306691208	6.557652268297113	0.0	0	814.0468169003728	314.04681690037285	0.17471809114076436	275	97	187	113.86571340863405	3.589845838622864	0	0	99
401	0.1	62.5	[2]	{1}	4.0616090589954705	3.2783763486795903	3.296370872533004	0.0	0	387.8500838764013	112.1499161235987	1.9945384424801675	124	8	66	48.99419932898878	1.4260169655179644	0	0	8
29	0.1	62.5	[1]	{2}	2.6838180202035065	2.1308400500919946	2.1308400500919946	0.0	0	762.1171302162111	262.1171302162111	0.2449489742783178	15	3	9	5.961180088486522	0.0	0	0	3
340	0.1	62.5	[3]	{1}	1.4676830800700902	1.1954317748450416	1.189733919984301	0.0	0	464.1975024715067	35.80249752849329	2.4544949489753396	54	16	35	24.94940749258548	0.870919733837587	0	0	16
154	0.1	62.5	[1]	{2}	4.750454511990085	4.54501490313748	4.54501490313748	0.0	0	881.0194318648429	381.0194318648429	0.26226016734674895	222	154	188	103.25134680940955	0.0	0	0	154
464	0.1	62.5	[2]	{0}	1.6225510141914092	1.3464354382604435	1.410330488044625	0.0	0	235.93231523409477	264.06768476590526	0.08391813582966891	70	34	52	35.92602187030017	0.8410196493665048	0	0	34
216	0.1	62.5	[3]	{2}	2.1283408848374297	1.6794372120697703	1.6722955221924387	0.0	0	727.3993080016226	227.39930800162256	0.23344976391192046	68	6	37	27.764204843988637	0.6397248122712803	0	0	6
92	0.1	62.5	[3]	{0}	4.089996792883536	3.670221449904557	3.701447985472436	0.0	0	597.0437140204012	97.04371402040124	8.785748387554728	189	155	171	126.30312029712277	5.393381161079409	0	0	153
278	0.1	62.5	[3]	{1}	9.675339079234384	8.932850625726427	8.964221983453022	0.0	0	252.4182777851821	247.5817222148179	12.140624325478738	339	279	309	214.9252847231476	13.78845251388694	0	0	279
30	0.1	62.5	[3]	{0}	3.966942258061314	3.6158757446357104	3.6071993005069887	0.0	0	400.42950981296593	99.57049018703407	9.519655872260682	185	159	172	129.61860333364086	5.143079566288161	0	0	159
402	0.1	62.5	[2]	{1}	6.310724008485218	5.7426718316069465	5.7538065207663305	0.0	0	182.14280903339403	317.85719096660597	0.23253036846625325	249	111	180	105.52799191761014	2.633474993970287	0	0	111
341	0.1	62.5	[1]	{0}	11.091733241791117	8.066442772056554	8.066442772056554	0.0	0	137.1435318142175	362.8564681857825	2.474827260007298	32	4	18	12.00314825451374	0.0	0	0	4
155	0.1	62.5	[1]	{2}	1.869624411552083	1.6537612352078601	1.6537612352078601	0.0	0	309.7570897080004	190.24291029199958	0.08119979429411502	12	4	8	5.660028358832002	0.0	0	0	4
465	0.1	62.5	[2]	{1}	2.728570882593287	2.309084260538485	2.2955729034326953	0.0	0	391.8410076294096	108.1589923705904	0.5362592325517962	116	8	62	43.60336836621166	1.056208717499594	0	0	8
217	0.1	62.5	[1]	{2}	7.496037346850672	5.403772143575642	5.403772143575642	0.0	0	712.8636362031101	212.8636362031101	1.0	2	0	1	0.5301363637968899	0.0	0	0	0
93	0.1	62.5	[1]	{1}	1.6548282555694307	1.4824905318518642	1.4824905318518642	0.0	0	11.427747551351896	488.5722524486481	1.9844176466266004	57	9	33	21.441115669194616	0.0	0	0	9
279	0.1	62.5	[2]	{0}	5.205462600116171	4.339192510767747	4.422993903750703	0.0	0	634.1276830062272	134.12768300622724	0.9810229431759453	188	58	123	84.14312548042082	2.445050798826537	0	0	58
31	0.1	62.5	[1]	{2}	9.887300526914938	6.677305615600025	6.677305615600025	0.0	0	658.8572151958944	158.85721519589436	0.11572751247156893	15	1	8	6.029285569608211	0.0	0	0	1
403	0.1	62.5	[1]	{2}	2.8660474314549824	2.5657136713619857	2.5657136713619857	0.0	0	868.8893783837557	368.8893783837557	0.30717284315948484	96	16	56	32.81853108081222	0.0	0	0	16
156	0.1	62.5	[1]	{2}	11.873708250823523	8.498650259774998	8.498650259774998	0.0	0	909.6007663756608	409.6007663756608	0.4169650183321045	42	4	22	13.637186205238104	0.0	0	0	2
466	0.1	62.5	[1]	{1}	4.14603520832061	3.7665085358322465	3.7665085358322465	0.0	0	135.5376117862761	364.4623882137239	1.8844459036110226	32	2	17	8.151988953221588	0.0	0	0	2
342	0.1	62.5	[2]	{1}	5.153676294191791	4.752375169662658	4.371154019740109	0.0	0	923.792944988236	423.79294498823594	0.4755660010721828	207	39	123	65.48605365642346	2.693861640054598	0	0	39
218	0.1	62.5	[2]	{2}	3.9920990250712003	3.3652136398128447	3.3546601485501473	0.0	0	554.3306940235199	54.33069402351987	1.4634758100104885	126	16	70	54.03393665656448	1.5528561072417095	0	0	14
94	0.1	62.5	[2]	{2}	3.1759021732701562	2.830533217514305	2.896236454122829	0.0	0	277.7878527995199	222.2121472004801	1.6814731597689925	143	67	105	69.53342172155344	1.6039633375550069	0	0	67
280	0.1	62.5	[3]	{0}	3.351371262134336	2.7088822321043105	2.6807218598305513	0.0	0	587.4657942913472	87.46579429134715	2.192384290071948	102	38	70	53.6020684114173	1.659505992681817	0	0	38
32	0.1	62.5	[1]	{2}	9.350089682820853	6.383141418545611	6.383141418545611	0.0	0	943.8767484389246	443.87674843892455	nan	3	3	3	1.1493697546832264	0.0	0	0	3
404	0.1	62.5	[3]	{2}	5.145904192444223	4.292996261435043	4.297452608404766	0.0	0	918.4818284120412	418.4818284120412	0.8951873618494193	166	80	123	68.57351704626346	3.514844554809587	0	0	80
467	0.1	62.5	[3]	{1}	1.650092887164465	1.1879626065429139	1.3772811991644855	0.0	0	867.1491364948453	367.14913649484527	2.8537813154848024	58	50	54	32.00713972123712	1.6333372053246857	0	0	50
343	0.1	62.5	[1]	{0}	3.202412383506062	2.859381414886836	2.859381414886836	0.0	0	309.184193611145	190.81580638885498	2.1213203435596424	7	5	6	4.390000000000001	0.0	0	0	5
157	0.1	62.5	[1]	{2}	5.229828121035102	4.8522011767293876	4.8522011767293876	0.0	0	827.6294621173294	327.62946211732935	0.608988918241959	226	88	157	95.91198691722188	0.0	0	0	88
219	0.1	62.5	[3]	{0}	2.0678172763185256	1.4510717794508257	1.6639214066008425	0.0	0	21.238852990791145	478.76114700920886	0.7736210185286443	82	52	67	36.993525444401406	1.3490517648510523	0	0	52
95	0.1	62.5	[2]	{0}	2.3994788693594282	2.219180032725383	2.2209200057782508	0.0	0	422.0896810293198	77.91031897068018	0.48460287108727457	129	17	73	53.725932456612604	1.0435135954765118	0	0	17
281	0.1	62.5	[1]	{2}	8.669233740169759	6.582683535734645	6.582683535734645	0.0	0	915.0182763114572	415.01827631145716	1.9867985355975657	18	2	10	6.1228903421312575	0.0	0	0	2
405	0.1	62.5	[3]	{0}	2.2710178596199877	1.798663585051358	1.8335296158320218	0.0	0	830.2568746730684	330.2568746730684	0.5814493842250792	88	32	60	37.81918376503885	1.147702229207301	0	0	32
33	0.1	62.5	[2]	{2}	9.918638632603491	8.46780493244233	8.918055525107034	0.0	0	34.53100123442715	465.46899876557285	1.0176209120781319	336	282	308	163.22248637773458	4.926041429687392	0	0	280
344	0.1	62.5	[3]	{1}	2.0857268444155492	1.560787901180976	1.7367713723704457	0.0	0	92.98471175134188	407.0152882486581	2.3342749254667834	84	70	77	45.74794511084261	1.812185492136349	0	0	70
468	0.1	62.5	[1]	{1}	3.420116025782847	2.6496315041350917	2.6496315041350917	0.0	0	772.2648268099877	272.26482680998765	0.8612783795403232	73	3	39	29.006908983370288	0.0	0	0	5
158	0.1	62.5	[1]	{0}	13.989206439643866	11.655074747572314	11.655074747572314	0.0	0	238.19305840879684	261.80694159120316	0.03952847075210474	31	5	18	13.346544467270375	0.0	0	0	5
220	0.1	62.5	[2]	{0}	2.4923486513054955	1.9894781031620532	2.038929306156799	0.0	0	976.6788044944404	476.67880449444044	0.941407476960221	90	44	67	34.16152009887249	0.8964961213487611	0	0	44
96	0.1	62.5	[2]	{2}	3.1364272981399246	2.509868678213663	2.644617759240015	0.0	0	806.5292355604471	306.5292355604471	1.174728563811454	108	48	78	46.10118739525229	1.5160002902211367	0	0	48
282	0.1	62.5	[3]	{1}	10.91896835525004	9.449093536236923	9.121743864604856	0.0	0	369.5447728969159	130.4552271030841	7.578240235301243	319	139	229	172.52182840654626	9.969428292640986	0	0	139
406	0.1	62.5	[1]	{0}	7.59966856101072	7.334980146810139	7.334980146810139	0.0	0	214.56356858834624	285.43643141165376	nan	1	1	1	0.2565635685883463	0.0	0	0	1
34	0.1	62.5	[2]	{0}	2.7263313339601787	2.2418192521522435	2.320895542781897	0.0	0	120.30851724557562	379.6914827544244	1.7278416863832993	102	54	78	42.596447310663734	1.165994464872925	0	0	54
345	0.1	62.5	[3]	{2}	3.5389067295930863	3.3220443606178716	3.3495272432645846	0.0	0	137.53776066005224	362.46223933994776	5.49516430439463	174	158	166	102.59313544976712	5.638600315492455	0	0	158
469	0.1	62.5	[2]	{0}	0.9503542724044606	0.7572046327573475	0.7306906053347785	0.0	0	990.9343919716777	490.93439197167766	0.833578395339317	31	3	17	8.211115336481479	0.30952074150164066	0	0	3
159	0.1	62.5	[3]	{1}	9.263264484903338	7.0421874877991675	7.158251390306142	0.0	0	132.57902651093917	367.4209734890608	1.4630540292205239	234	58	146	86.87232512829081	2.0023122838836924	0	0	58
221	0.1	62.5	[1]	{1}	6.916297892268635	5.014967715509701	5.014967715509701	0.0	0	80.45837376266712	419.5416262373329	0.9504937254095753	80	4	42	21.330584707930683	0.0	0	0	4
97	0.1	62.5	[1]	{0}	2.6058133073620517	1.7781679783381033	1.7781679783381033	0.0	0	130.88118750602007	369.11881249397993	0.5855400437691199	13	3	8	5.10328712503612	0.0	0	0	3
283	0.1	62.5	[3]	{1}	5.8221717961645485	5.362466013135388	5.3179198792832425	0.0	0	660.8842876739801	160.8842876739801	10.188149637582864	263	195	230	164.80033128747337	7.887211317123592	0	0	197
407	0.1	62.5	[3]	{1}	7.008002334741657	6.239193333491002	6.234523516804407	0.0	0	628.3364146947862	128.33641469478619	9.706814445792013	281	205	243	177.70178738605964	7.864561434277357	0	0	205
35	0.1	62.5	[1]	{1}	7.388354107818577	5.56678236733007	5.56678236733007	0.0	0	728.5849661566318	228.58496615663182	0.9258200997725514	6	4	5	3.2792451015301047	0.0	0	0	4
346	0.1	62.5	[2]	{0}	2.160637047370769	2.032116465801926	1.9870849662242063	0.0	0	92.05762483179558	407.9423751682044	1.6059312540145445	113	59	86	48.225955735534434	1.0171533557864396	0	0	59
160	0.1	62.5	[3]	{2}	2.4675732288816787	2.1841348732896337	2.219369602132847	0.0	0	168.13168558292097	331.86831441707903	5.728116754743288	115	95	105	69.21829619172405	3.0556882570517683	0	0	95
470	0.1	62.5	[1]	{1}	2.4508650531396974	2.4108084763261104	2.4108084763261104	0.0	0	714.6539129316809	214.6539129316809	1.019439199865806	137	43	90	61.23007131373881	0.0	0	0	43
222	0.1	62.5	[2]	{0}	6.532424016335231	5.724735081743168	5.689331591431044	0.0	0	999.2602739948776	499.2602739948776	1.027553954545168	234	152	193	97.63976711898863	2.4940314746279038	0	0	152
98	0.1	62.5	[3]	{0}	4.0650090676137705	3.489632174085944	3.4409352557187383	0.0	0	355.4020111914724	144.5979888085276	4.175062238961853	156	70	113	83.15346234693567	3.47420216071217	0	0	70
284	0.1	62.5	[1]	{1}	3.236944677739853	2.3134994658512307	2.3134994658512307	0.0	0	27.009529992938067	472.99047000706196	1.6649798961883133	46	6	26	13.70620965984464	0.0	0	0	6
408	0.1	62.5	[3]	{1}	3.880222400888488	3.084770552770928	3.0847038874941615	0.0	0	500.76712714508193	0.767127145081929	2.386647615377955	122	38	80	60.97573978003115	1.4831992077107292	0	0	38
36	0.1	62.5	[2]	{0}	3.2209414993078327	2.861788318838272	2.949846247652897	0.0	0	916.817710036412	416.817710036412	2.707767786209257	170	128	149	79.00733830493874	1.550637943654018	0	0	128
347	0.1	62.5	[1]	{2}	1.7463882677438043	1.3886654755860675	1.3886654755860675	0.0	0	298.4482396859676	201.55176031403238	0.8278327231656524	35	3	19	13.793241198429838	0.0	0	0	3
161	0.1	62.5	[3]	{1}	6.98869713322916	5.517490317959563	5.610708562699188	0.0	0	637.7581851556898	137.75818515568983	3.3219017448689945	209	67	138	96.66605800159273	3.6301659636075336	0	0	67
471	0.1	62.5	[1]	{0}	4.822401859189544	4.018318086946132	4.018318086946132	0.0	0	207.23742782138288	292.7625721786171	0.5380085348027476	149	17	83	51.57700824146159	0.0	0	0	17
223	0.1	62.5	[2]	{1}	4.970851411665004	4.10860141587313	4.054769295910957	0.0	0	446.753673721105	53.246326278895026	4.753292121552371	156	52	104	77.24143387302014	2.5803451694213955	0	0	52
99	0.1	62.5	[1]	{0}	6.149552310416799	5.390052833310912	5.390052833310912	0.0	0	37.29948448017245	462.70051551982755	1.6724496064086878	53	1	27	10.826487112004308	0.0	0	0	1
285	0.1	62.5	[1]	{0}	8.252917268420767	5.8833981330649605	5.8833981330649605	0.0	0	874.2860578931868	374.2860578931868	0.31065089404052304	75	7	41	23.446987973738462	0.0	0	0	7
409	0.1	62.5	[3]	{2}	11.029234622083413	9.411012623980104	9.67973824634794	0.0	0	851.6832820605488	351.6832820605488	6.069307349591396	334	218	277	169.8862937417085	12.026610825021155	0	0	220
37	0.1	62.5	[1]	{0}	7.888970375580282	6.14801609292482	6.14801609292482	0.0	0	863.9031858183444	363.90318581834435	0.16694514082354445	22	2	12	8.397968141816557	0.0	0	0	2
162	0.1	62.5	[1]	{1}	3.6786799564204955	3.038311978047795	3.038311978047795	0.0	0	580.8202968910339	80.82029689103388	0.8042966819613124	45	1	23	17.253257921762764	0.0	0	0	1
348	0.1	62.5	[1]	{0}	4.328047879124611	2.955215682615839	2.955215682615839	0.0	0	49.691637977957726	450.3083620220423	1.0	2	0	1	0.9806916379779578	0.0	0	0	0
472	0.1	62.5	[1]	{1}	7.434415777019424	6.085338609025614	6.085338609025614	0.0	0	473.4351825900376	26.564817409962416	0.8406494270997998	171	21	96	74.62987036518008	0.0	0	0	21
224	0.1	62.5	[2]	{1}	5.060349654531011	3.800683822224288	4.108225845449549	0.0	0	977.2980625275524	477.29806252755236	0.4169243330859343	162	82	122	60.0476363716386	2.2223905774034067	0	0	82
100	0.1	62.5	[1]	{2}	14.020509183315273	11.166671325820964	11.166671325820964	0.0	0	721.8544851057231	221.85448510572314	1.414213562373095	5	5	5	3.2524365446828307	0.0	0	0	5
286	0.1	62.5	[1]	{0}	4.484140108001162	3.156498562790811	3.156498562790811	0.0	0	428.0728246085347	71.92717539146531	nan	2	0	1	0.8199271753914653	0.0	0	0	0
410	0.1	62.5	[2]	{0}	2.3986549393624585	1.9521672096281324	1.9301191100943824	0.0	0	416.6676423046736	83.33235769532638	2.7214439197414717	77	17	48	36.86165886156262	0.9953719324332189	0	0	19
38	0.1	62.5	[1]	{2}	3.659291369941238	2.872440050290359	2.872440050290359	0.0	0	466.7764767073096	33.2235232926904	0.583115436899835	43	13	28	21.334000000000003	0.0	0	0	13
349	0.1	62.5	[1]	{0}	3.0759307044149606	2.608377442305393	2.608377442305393	0.0	0	201.18135120719663	298.8186487928034	1.8825008695375214	95	5	50	36.660538916900755	0.0	0	0	5
163	0.1	62.5	[2]	{1}	3.7085988364649314	3.550941911866339	3.5196352220061247	0.0	0	917.0009121298792	417.0009121298792	0.3382072896058751	181	139	161	84.77085314708944	1.740411634424273	0	0	141
473	0.1	62.5	[1]	{0}	3.250841216585024	2.395186771784802	2.395186771784802	0.0	0	384.3861958011985	115.61380419880152	nan	1	1	1	0.9233861958011985	0.0	0	0	1
101	0.1	62.5	[1]	{2}	12.560863828537418	9.680764570995589	9.680764570995589	0.0	0	798.9707244560124	298.97072445601236	0.35832490721471594	55	3	29	18.774556235335762	0.0	0	0	3
287	0.1	62.5	[1]	{1}	6.601553366979049	4.589096751883201	4.589096751883201	0.0	0	854.7984329052268	354.79843290522683	0.7071067811865475	5	1	3	1.0666047012843194	0.0	0	0	1
225	0.1	62.5	[1]	{0}	8.813084378684596	7.953124925441938	7.953124925441938	0.0	0	213.51223648525763	286.48776351474237	0.23432743487465696	284	84	183	118.7683232363034	0.0	0	0	82
411	0.1	62.5	[1]	{0}	4.9025677407603725	4.1982802875310155	4.1982802875310155	0.0	0	884.6793505363167	384.67935053631675	2.2045407685048604	9	3	6	2.797282597854733	0.0	0	0	3
350	0.1	62.5	[3]	{2}	7.948585209633478	6.401739723358984	6.464188137224767	0.0	0	419.6095140650869	80.3904859349131	6.385454602720584	223	115	169	123.83155202040825	4.798807329050475	0	0	115
39	0.1	62.5	[1]	{2}	3.8995422503032664	3.301568581861307	3.301568581861307	0.0	0	604.7502926085144	104.75029260851443	0.4813109511118895	69	15	42	31.997495903480797	0.0	0	0	15
474	0.1	62.5	[1]	{2}	8.030733706438967	6.1842326806435075	6.1842326806435075	0.0	0	175.919777713716	324.08022228628397	1.063948557020748	26	2	14	8.909518666282295	0.0	0	0	2
164	0.1	62.5	[2]	{2}	9.024993775444324	8.083109288910466	7.827052893248604	0.0	0	287.8970007877797	212.1029992122203	2.136966863794223	282	18	150	97.02440410398697	4.521782667162022	0	0	18
226	0.1	62.5	[3]	{0}	5.9336621875305084	5.2929969506157875	5.340795841378657	0.0	0	309.8887875676154	190.1112124323846	9.349801301168892	240	182	211	152.15665906757113	7.375819548331695	0	0	182
102	0.1	62.5	[2]	{0}	1.5291483914014132	1.31511999958574	1.333134481070632	0.0	0	687.2157379984858	187.2157379984858	0.8815618023495221	75	21	49	34.05358621805905	0.6647834003573928	0	0	23
288	0.1	62.5	[1]	{0}	15.077623225378508	11.13473042884051	11.13473042884051	0.0	0	133.94233910366898	366.057660896331	0.8856148855400954	29	7	18	12.080308069244028	0.0	0	0	7
412	0.1	62.5	[1]	{0}	2.5323631143216545	1.7901974605573319	1.7901974605573314	0.0	0	858.3893817849458	358.38938178494584	2.029994857352875	12	4	8	4.557442472860217	0.0	0	0	4
351	0.1	62.5	[3]	{0}	1.6965300780873718	1.5622487896298507	1.5474886329405293	0.0	0	585.9822819475082	85.98228194750823	6.0998282876110475	76	58	67	48.08384053752757	2.3723936910523786	0	0	58
40	0.1	62.5	[3]	{1}	3.9459973377652946	3.0108835721925136	3.0104355534634397	0.0	0	542.1478168573232	42.147816857323164	0.7964544071329567	105	5	55	41.07603471800125	0.4181301030191791	0	0	5
165	0.1	62.5	[2]	{0}	1.492842799841715	1.2529177528565802	1.2122792051460949	0.0	0	372.4397521000356	127.5602478999644	0.41239304942116123	41	1	21	13.965596281500536	0.784440971842749	0	0	1
475	0.1	62.5	[2]	{2}	3.019517284351225	2.43276728414206	2.4149005864927324	0.0	0	465.8486237749458	34.15137622505421	2.276135939468721	81	19	50	36.92781651470066	1.4283038084712194	0	0	19
227	0.1	62.5	[3]	{0}	1.9784282497370784	1.7709812172179251	1.7515725072407535	0.0	0	637.395697645843	137.39569764584303	6.5983706757972636	112	84	98	74.0094602329582	2.2832719695020023	0	0	84
103	0.1	62.5	[1]	{2}	6.14340580464309	5.216958063139079	5.216958063139079	0.0	0	619.177548447624	119.17754844762396	1.027795710696241	96	18	57	42.72404696707613	0.0	0	0	18
289	0.1	62.5	[2]	{1}	5.0447458362342665	4.617419702796315	4.547087852801498	0.0	0	253.3657017629595	246.6342982370405	1.7665350771115866	192	66	129	84.19298131684398	2.309881476797745	0	0	66
413	0.1	62.5	[2]	{0}	6.869716823219314	5.786452247061584	5.914721049262713	0.0	0	308.18143230862904	191.81856769137096	2.074759215510659	238	90	163	110.00131617396138	3.1485612091464494	0	0	88
352	0.1	62.5	[1]	{1}	3.220964902393688	3.043888781984605	3.043888781984605	0.0	0	423.8603659905496	76.13963400945039	1.1312254308152505	73	3	38	29.388765855848792	0.0	0	0	3
41	0.1	62.5	[1]	{1}	3.6399114335304983	2.9410391550559973	2.9410391550559973	0.0	0	954.2664135806264	454.26641358062636	1.257188917504287	34	4	19	11.100003796290604	0.0	0	0	4
476	0.1	62.5	[3]	{1}	4.565846625423025	4.433366323580142	4.3981752255247475	0.0	0	624.4660736992957	124.46607369929575	10.760551108531718	218	188	203	150.2166195679233	8.073058519594174	0	0	188
166	0.1	62.5	[1]	{2}	2.287272200967162	2.08081578967822	2.08081578967822	0.0	0	50.67366245202723	449.3263375479728	1.7933942611089584	67	7	37	20.859536211108782	0.0	0	0	7
228	0.1	62.5	[1]	{1}	2.2337574154159605	1.797923296312511	1.797923296312511	0.0	0	971.3045721873642	471.3045721873642	0.23094010767585033	74	20	47	24.50429425156861	0.0	0	0	20
104	0.1	62.5	[3]	{0}	1.7791820051377103	1.4083304255207723	1.374325939817966	0.0	0	187.51049158163363	312.48950841836637	0.9986375301538367	61	11	36	23.446230814795946	0.42833349532008	0	0	11
290	0.1	62.5	[1]	{0}	8.06986500985714	7.7469921268697615	7.7469921268697615	0.0	0	481.5467502921819	18.453249707818088	0.774136284850595	32	8	20	14.988906499415636	0.0	0	0	8
414	0.1	62.5	[3]	{2}	5.610676603300168	4.985147499679553	4.620700680808979	0.0	0	965.7264465931804	465.7264465931804	0.21176021980135334	166	54	110	61.553355340681975	4.0840799119402575	0	0	54
42	0.1	62.5	[2]	{0}	4.334580914089907	3.1861831936398546	3.435426686100055	0.0	0	126.13767129369069	373.8623287063093	2.2106242880631823	138	70	104	61.37956438867003	1.9348080847691236	0	0	70
353	0.1	62.5	[1]	{1}	15.235989849715018	11.35469155593978	11.354691555939784	0.0	0	719.4608859717846	219.4608859717846	0.29207975596454505	154	14	85	62.05841658738255	0.0	0	0	16
167	0.1	62.5	[3]	{0}	5.419625573330105	4.9241952635366095	4.739927658221114	0.0	0	80.19773475825775	419.80226524174225	3.0232923576855555	192	114	153	90.5152987228483	5.840606870601166	0	0	114
477	0.1	62.5	[2]	{2}	5.457770861768856	4.406297981060655	4.440875130823349	0.0	0	317.3433956690133	182.65660433098668	1.536886382312354	166	56	111	76.66944146651399	1.9012910936078726	0	0	56
229	0.1	62.5	[1]	{0}	7.60287193474084	5.467035015843972	5.467035015843972	0.0	0	252.4744546972216	247.5255453027784	0.9258200997725514	20	4	12	8.661846728183328	0.0	0	0	4
105	0.1	62.5	[2]	{2}	5.954203210371714	5.340290762971332	5.342161505749413	0.0	0	436.6219430230559	63.378056976944094	0.670159264581569	225	27	126	90.31895041625944	2.3945771004796237	0	0	27
291	0.1	62.5	[3]	{1}	6.721255077085587	5.442817731473639	5.562234027925552	0.0	0	334.64965340681385	165.35034659318615	3.609351553977331	206	94	149	112.28992816462929	4.892543430934655	0	0	92
415	0.1	62.5	[1]	{1}	3.2951629040349344	2.717610368235966	2.717610368235966	0.0	0	490.6677112448962	9.332288755103775	0.07597371763975863	32	0	16	12.20900626746938	0.0	0	0	0
43	0.1	62.5	[3]	{1}	3.221524120578922	2.836539037754078	2.8563544401875736	0.0	0	621.4362280443311	121.43622804433107	5.754159208808267	141	91	117	84.68075236973912	3.6848661761873767	0	0	93
354	0.1	62.5	[3]	{1}	5.491317550016135	4.795717675810089	4.8353034279428915	0.0	0	961.9894097559156	461.98940975591563	0.04590188606293697	203	143	174	93.73173680002982	5.820207533754136	0	0	145
168	0.1	62.5	[2]	{1}	2.393610433405378	1.8655431957434505	1.8752420938450056	0.0	0	739.9121767375622	239.91217673756216	0.5506423495196752	77	25	51	35.054249460710196	0.7188637459800947	0	0	25
478	0.1	62.5	[1]	{2}	6.84894399735321	5.439699603870942	5.439699603870941	0.0	0	192.1571642160416	307.84283578395844	0.6546536707079772	6	2	4	2.991314328432083	0.0	0	0	2
106	0.1	62.5	[3]	{0}	0.7708668730832704	0.6491495400393223	0.6503790307360917	0.0	0	515.6663195230068	15.666319523006791	3.0066889715147744	23	15	19	15.090668402384967	0.6563108759353672	0	0	15
230	0.1	62.5	[2]	{0}	2.0073864165360957	1.8028651459225409	1.7470643808461124	0.0	0	817.6998044364155	317.69980443641555	1.966839461790786	89	15	52	28.932009778179225	0.919011082635348	0	0	15
292	0.1	62.5	[1]	{1}	3.6714184588701126	3.2364706039954587	3.2364706039954587	0.0	0	683.3018441684546	183.30184416845464	0.11658776310613535	153	49	101	67.34394693401828	0.0	0	0	49
416	0.1	62.5	[1]	{0}	6.868002649253257	4.911135355827093	4.911135355827094	0.0	0	850.5017771385611	350.5017771385611	1.0660035817780522	10	2	6	3.0229893371686334	0.0	0	0	2
44	0.1	62.5	[3]	{0}	2.9315502375134908	2.5398978790874915	2.537347105639537	0.0	0	538.2040704134852	38.20407041348517	6.27	124	80	102	75.50659185917307	2.7762424796797034	0	0	80
355	0.1	62.5	[1]	{2}	7.91900988314223	6.689135951798445	6.689135951798445	0.0	0	917.8505963645874	417.85059636458743	2.1693045781865616	16	8	11	4.943344632718713	0.0	0	0	6
169	0.1	62.5	[3]	{2}	6.1284751135848	4.848211009438415	5.076736039187091	0.0	0	834.9405205808581	334.9405205808581	5.127577886046938	212	132	172	111.18166169494393	4.525323040013113	0	0	132
479	0.1	62.5	[2]	{2}	5.384238055089675	4.566399734283166	4.63245338741078	0.0	0	745.2591892797501	245.2591892797501	2.997850186800255	182	94	139	94.18430350418573	2.2096561876090424	0	0	96
107	0.1	62.5	[1]	{0}	3.2482577318490238	2.9228850288536536	2.9228850288536536	0.0	0	320.6720035523175	179.3279964476825	2.2909489747632845	22	10	16	11.445376028418538	0.0	0	0	10
231	0.1	62.5	[1]	{0}	6.283661083923405	4.925241779141603	4.925241779141603	0.0	0	321.0126808844508	178.9873191155492	0.5097204113491358	86	4	45	31.629215575035673	0.0	0	0	4
293	0.1	62.5	[1]	{2}	4.011220282279858	3.6832655570501363	3.6832655570501363	0.0	0	867.6114385016263	367.61143850162625	1.0969048766704734	181	101	142	80.62806724078207	0.0	0	0	103
417	0.1	62.5	[1]	{0}	10.868384139096104	7.547129831373612	7.54712983137361	0.0	0	130.86861325427884	369.13138674572116	0.42008402520840293	16	2	9	6.419343066271394	0.0	0	0	2
45	0.1	62.5	[1]	{2}	3.9326291857001	2.7643566742870664	2.7643566742870664	0.0	0	450.8364498615264	49.163550138473624	1.414213562373095	7	3	5	3.8511635501384736	0.0	0	0	3
356	0.1	62.5	[3]	{0}	6.434593180639071	5.751737024273918	5.7006732426393985	0.0	0	587.5200321897863	87.52003218978632	7.391404470096867	231	133	183	137.67707932401444	7.5812793578898665	0	0	135
170	0.1	62.5	[3]	{1}	7.040034899793953	5.439843606295073	5.815396044417874	0.0	0	949.854474514723	449.85447451472305	0.7980356596636551	211	111	161	92.79897434827681	5.117789906138956	0	0	111
108	0.1	62.5	[3]	{2}	2.1949664681049335	1.9595244150649143	1.932180114223506	0.0	0	697.0535956788809	197.05359567888092	3.9105368038046766	88	40	64	47.15735685185345	2.42640791020353	0	0	40
480	0.1	62.5	[1]	{2}	5.896586207589634	4.749022871120541	4.74902287112054	0.0	0	839.490497717634	339.49049771763396	1.3354786651155481	128	10	69	46.17896561183592	0.0	0	0	10
232	0.1	62.5	[3]	{0}	2.6191472341580155	2.325501242234248	2.3592398959370833	0.0	0	663.3148402906954	163.31484029069543	6.279514182851097	117	85	101	70.29161027040706	3.365622338776318	0	0	85
294	0.1	62.5	[3]	{2}	1.8575014122859697	1.5389160627134029	1.5443547234696418	0.0	0	843.5120342765003	343.51203427650034	2.8260088919553303	82	42	62	37.329470491833995	1.2256618328865256	0	0	42
418	0.1	62.5	[1]	{1}	3.8643481998931892	3.7611822971736144	3.7611822971736144	0.0	0	292.6865590270611	207.3134409729389	0.2156860903104221	178	86	132	84.08187955546386	0.0	0	0	86
46	0.1	62.5	[1]	{0}	5.105853460064357	3.7627682524897113	3.7627682524897113	0.0	0	343.88643875718105	156.11356124281895	nan	1	1	1	0.809886438757181	0.0	0	0	1
357	0.1	62.5	[3]	{2}	3.1492566920667495	2.533991183251649	2.630597841911638	0.0	0	344.4331528153272	155.56684718467278	5.242654009227753	136	80	107	76.59062557105905	2.770240310932362	0	0	78
171	0.1	62.5	[1]	{2}	3.007309265266545	2.736871599995658	2.736871599995658	0.0	0	313.5593589395286	186.44064106047142	0.0	62	6	34	25.504593589395288	0.0	0	0	6
481	0.1	62.5	[1]	{0}	6.902630126106162	4.787170776379197	4.787170776379197	0.0	0	116.81987438350916	383.18012561649084	1.5275252316519468	6	2	4	2.4476397487670183	0.0	0	0	2
109	0.1	62.5	[2]	{0}	4.7597144077118685	3.9728959976912304	4.095350152657781	0.0	0	130.4221712052822	369.5778287947178	0.20975941395071457	185	77	131	74.62823837342857	2.0468281789640645	0	0	77
233	0.1	62.5	[1]	{1}	3.2730550603252597	2.814500020597401	2.814500020597401	0.0	0	72.539697866887	427.46030213311303	2.5807078347314545	132	52	92	48.242017037883414	0.0	0	0	52
295	0.1	62.5	[3]	{1}	3.9087008205021236	3.5935438062582907	3.34338882072045	0.0	0	747.6331549696627	247.63315496966266	4.401270406916897	155	43	99	71.00117112575845	4.305089378319252	0	0	43
419	0.1	62.5	[1]	{0}	3.543074352732377	2.9480431941660945	2.9480431941660945	0.0	0	515.4630898032339	15.463089803233856	1.5908359314101197	106	18	62	46.98795966511593	0.0	0	0	18
358	0.1	62.5	[1]	{1}	4.612751983848256	3.7317965783280087	3.7317965783280087	0.0	0	21.186183206736985	478.813816793263	0.3969420930187224	31	1	16	8.048978931307792	0.0	0	0	1
47	0.1	62.5	[2]	{2}	4.581378778019563	3.7811127609046906	3.656319244191346	0.0	0	818.1811119429768	318.1811119429768	2.1779875201720897	147	5	76	51.29956664171068	1.7578389211166594	0	0	5
172	0.1	62.5	[1]	{2}	1.3234953874405213	1.3213329945970225	1.3213329945970225	0.0	0	569.1292004194112	69.12920041941118	0.6090999179339136	59	1	30	22.94429200419411	0.0	0	0	1
482	0.1	62.5	[1]	{0}	2.7425193283958853	2.3183066072139518	2.3183066072139518	0.0	0	149.74420936778185	350.2557906322181	1.360672102833218	20	2	11	6.2512094655744725	0.0	0	0	2
110	0.1	62.5	[2]	{1}	5.085499569318614	3.9258440861774124	4.150273365841513	0.0	0	818.207593634725	318.20759363472496	0.7691682377228178	150	54	103	68.03360010285674	2.312815611144651	0	0	56
296	0.1	62.5	[2]	{2}	3.586483951297289	3.0619004251749127	2.9953628117719187	0.0	0	642.8364717867225	142.83647178672254	0.47658689622644335	126	4	65	49.58985530250707	1.6679515344784182	0	0	4
234	0.1	62.5	[1]	{2}	10.240282424179814	9.703533391854918	9.703533391854918	0.0	0	162.0251631829887	337.9748368170113	0.1472507254308545	376	182	279	155.1668192225899	0.0	0	0	182
420	0.1	62.5	[1]	{1}	1.6991999592107632	1.3387865386811768	1.3387865386811768	0.0	0	217.6112527959048	282.38874720409524	1.3578057164544433	10	2	6	3.89022250559181	0.0	0	0	2
359	0.1	62.5	[1]	{0}	3.716648647750295	3.2036222149829516	3.2036222149829516	0.0	0	777.1410623099653	277.14106230996526	1.1936753551247852	21	1	11	8.078858937690036	0.0	0	0	1
48	0.1	62.5	[1]	{2}	2.4178706834703236	1.823067781046964	1.8230677810469635	0.0	0	166.83776210993526	333.1622378900647	0.7071067811865475	7	1	4	2.8579999999999997	0.0	0	0	1
173	0.1	62.5	[2]	{2}	3.4818793070209852	2.981840931955548	2.9945049389032303	0.0	0	518.4993033763021	18.499303376302123	1.5545996414998537	139	5	72	55.947022291958326	1.938131979071854	0	0	5
483	0.1	62.5	[1]	{2}	6.444840447021462	4.880854807359184	4.880854807359184	0.0	0	59.40275965258479	440.5972403474152	0.644674728931334	96	4	50	26.74033246332407	0.0	0	0	4
111	0.1	62.5	[3]	{2}	4.709712092541511	3.701678015101249	3.6815192686614173	0.0	0	536.4472211804241	36.447221180424094	1.5293170059260615	148	26	87	65.59860276006721	1.7469757885225525	0	0	26
235	0.1	62.5	[1]	{2}	5.170516901184606	4.520350710298461	4.520350710298461	0.0	0	945.4559544101356	445.45595441013563	0.4898979485566356	15	1	8	4.700352364718915	0.0	0	0	1
297	0.1	62.5	[2]	{0}	10.58653893289791	9.748336119501474	9.729595058798228	0.0	0	471.3729799259453	28.627020074054712	1.6496358722934539	346	6	177	135.59113962970116	5.090988936796763	0	0	8
421	0.1	62.5	[1]	{2}	6.286149807537866	5.091744972567513	5.091744972567513	0.0	0	540.7879524864256	40.78795248642564	1.4640793949479893	107	17	62	46.60272771491856	0.0	0	0	17
360	0.1	62.5	[1]	{2}	8.47518815745782	5.8715939073788235	5.871593907378825	0.0	0	222.1994523424656	277.80054765753437	1.1338934190276817	11	1	6	4.533196714054794	0.0	0	0	1
49	0.1	62.5	[1]	{2}	5.016552261943062	4.228325835812275	4.228325835812276	0.0	0	534.7098775673659	34.70987756736588	0.4146442144313646	44	2	23	17.296290122432634	0.0	0	0	2
174	0.1	62.5	[1]	{0}	3.3237993287988927	3.0627485190722292	3.0627485190722292	0.0	0	916.9207613449544	416.92076134495437	0.6136964857512032	62	0	31	18.20682248906605	0.0	0	0	0
484	0.1	62.5	[1]	{1}	5.297424649068152	4.910515086718657	4.910515086718657	0.0	0	213.91335199587053	286.0866480041295	0.2438087866714494	37	7	22	14.157786927942187	0.0	0	0	7
112	0.1	62.5	[3]	{1}	3.2092416997932407	2.7482804447241183	2.7523399900453818	0.0	0	386.2889662850649	113.71103371493513	5.214492753623189	114	64	89	66.72564622455653	2.798970261723923	0	0	64
236	0.1	62.5	[3]	{0}	4.93155116354158	4.683250087945206	4.641415660866475	0.0	0	286.1457196995615	213.85428030043852	10.661393254281965	209	181	195	135.9247632198707	7.737639487638367	0	0	181
298	0.1	62.5	[1]	{1}	5.0044430948377165	3.954810580670386	3.954810580670386	0.0	0	973.112394101918	473.11239410191797	0.6415029025857747	27	3	15	7.39131408847123	0.0	0	0	3
422	0.1	62.5	[3]	{2}	7.194949084738816	6.813957840145431	6.829711907446412	0.0	0	749.0249911788851	249.0249911788851	9.954235321967316	298	270	284	194.12375149958962	11.531263748263308	0	0	270
361	0.1	62.5	[2]	{0}	1.6742650983435552	1.330200485287903	1.3355508806643577	0.0	0	688.218935858458	188.21893585845805	0.4490132550669373	47	9	28	19.42862128283084	0.5268447772805757	0	0	9
50	0.1	62.5	[1]	{2}	4.113112149186218	3.576840075454984	3.576840075454984	0.0	0	205.7767566293478	294.2232433706522	0.1966989481173608	167	49	108	68.84280107012391	0.0	0	0	49
485	0.1	62.5	[3]	{1}	1.9670958260267664	1.6119282357613696	1.6190336860141474	0.0	0	678.2413539476695	178.2413539476695	1.1812187479856693	57	5	31	20.534345106575635	1.189558739081885	0	0	5
175	0.1	62.5	[1]	{1}	7.1908172999719975	5.725964539521059	5.725964539521059	0.0	0	234.9420133978128	265.0579866021872	1.2717742006384691	65	3	34	24.6425361071825	0.0	0	0	3
113	0.1	62.5	[1]	{1}	12.661835990855234	11.46934010017486	11.46934010017486	0.0	0	261.6939595900475	238.30604040995252	0.6864812119708626	82	2	42	29.117267110981047	0.0	0	0	2
237	0.1	62.5	[1]	{1}	12.57616344401201	10.919821593276204	10.919821593276204	0.0	0	365.7953990623356	134.2046009376644	0.7006490497453707	26	4	15	11.04715859156102	0.0	0	0	4
299	0.1	62.5	[1]	{0}	3.568385445561294	2.829355782660052	2.829355782660052	0.0	0	809.5878327731045	309.58783277310454	0.7154191744410605	107	15	61	36.894196194117875	0.0	0	0	15
423	0.1	62.5	[1]	{1}	5.482509317686761	4.924994840492183	4.924994840492183	0.0	0	705.3727454040201	205.37274540402007	0.6564821739313356	210	84	147	98.34291584288141	0.0	0	0	84
362	0.1	62.5	[1]	{0}	3.5151411411210574	2.6250149141852903	2.6250149141852903	0.0	0	55.01795280724767	444.98204719275236	1.507556722888818	17	7	12	5.201179528072478	0.0	0	0	7
51	0.1	62.5	[1]	{0}	7.860114629371621	7.081316645732508	7.081316645732508	0.0	0	82.06669334322208	417.9333066567779	0.23372319715296225	22	0	11	4.833733626775443	0.0	0	0	0
486	0.1	62.5	[1]	{0}	5.090666173092947	3.9407073949109828	3.9407073949109828	0.0	0	723.1668732129037	223.16687321290374	nan	1	1	1	0.7198331267870963	0.0	0	0	1
176	0.1	62.5	[2]	{0}	6.770172055355995	6.236737679637182	6.3403653709551175	0.0	0	812.7965677995232	312.79656779952325	0.22010725787430113	298	174	236	144.5963825417087	3.2865735516725048	0	0	174
114	0.1	62.5	[1]	{1}	14.35872863366026	12.312002454709155	12.312002454709155	0.0	0	500.2593277022244	0.25932770222442514	0.18111179353257548	136	16	76	58.64288806757329	0.0	0	0	16
238	0.1	62.5	[1]	{0}	3.093570449210177	2.3591862778316965	2.3591862778316965	0.0	0	245.71352545171985	254.28647454828015	1.3174650984805198	13	1	7	4.047994678162039	0.0	0	0	1
300	0.1	62.5	[1]	{0}	5.439537635445415	4.34075082667324	4.34075082667324	0.0	0	846.7168631032109	346.7168631032109	1.6881943016134133	18	4	11	7.163415684483944	0.0	0	0	4
424	0.1	62.5	[1]	{0}	3.315427152663191	2.5773851318370786	2.5773851318370786	0.0	0	837.1025561355056	337.10255613550555	1.414213562373095	5	3	4	2.674589775457978	0.0	0	0	3
363	0.1	62.5	[1]	{2}	6.833423447596772	4.660710005086328	4.6607100050863295	0.0	0	982.1186549961566	482.1186549961566	0.7071067811865475	5	3	4	2.7855253800153736	0.0	0	0	3
52	0.1	62.5	[1]	{2}	12.01017793303713	8.924102416777137	8.924102416777139	0.0	0	741.9268763624132	241.92687636241317	0.7115124735378853	31	1	16	10.866584989100692	0.0	0	0	1
487	0.1	62.5	[2]	{0}	1.1820667584390345	1.0331984696697734	1.0188388404519468	0.0	0	397.66739262267953	102.33260737732047	0.6227523687795276	47	1	24	18.702656503282487	0.5681285663095803	0	0	1
115	0.1	62.5	[2]	{0}	3.889066292109953	3.6141681738465987	3.5785481822859797	0.0	0	296.80980555713165	203.19019444286835	2.0596719127087013	163	41	102	65.43974133348463	1.8093187296906517	0	0	41
177	0.1	62.5	[1]	{2}	7.691185455558613	5.825042607195075	5.825042607195075	0.0	0	234.5381397753954	265.4618602246046	1.0872473417336013	87	5	46	30.585915354609487	0.0	0	0	5
239	0.1	62.5	[2]	{2}	5.1531649381490965	4.041612772603861	4.097718931826585	0.0	0	412.74619242176414	87.25380757823586	1.3765199163381072	152	22	87	62.691609119605275	2.1641589368419716	0	0	22
301	0.1	62.5	[2]	{2}	3.2837713024818633	2.990314484881691	2.97044811520598	0.0	0	152.5952280499042	347.4047719500958	0.19503360227851124	154	74	114	65.68128462938968	1.3857475439632145	0	0	74
364	0.1	62.5	[3]	{0}	3.5303648963554926	3.1024832985065727	3.1786705281667693	0.0	0	677.4427064228802	177.44270642288018	7.912264582128814	143	115	129	90.2438490366619	4.676537266181821	0	0	115
53	0.1	62.5	[3]	{0}	4.9959228459380824	3.9771608870138273	4.012717704566069	0.0	0	60.02485752105713	439.97514247894287	1.6360213191837756	154	60	107	54.636411179542534	2.2070200755036913	0	0	60
425	0.1	62.5	[2]	{0}	2.055102017874372	1.6877796530916738	1.6969635772183327	0.0	0	297.8228563442825	202.1771436557175	1.002321180815193	72	18	45	30.630508546672747	0.7148377036876392	0	0	18
488	0.1	62.5	[2]	{1}	2.8465549663643204	2.494903484115433	2.5404955169823085	0.0	0	291.857273085043	208.142726914957	1.84893443063291	112	40	76	49.00200729276242	1.336260195602434	0	0	40
178	0.1	62.5	[1]	{2}	11.216033139185864	10.044595936232948	10.044595936232948	0.0	0	733.9514652267098	233.95146522670984	0.4666666666666667	14	2	8	5.548194139093161	0.0	0	0	2
116	0.1	62.5	[2]	{2}	8.623634407612165	7.7436301896391155	7.901454919794189	0.0	0	248.1752007734031	251.8247992265969	2.3544739137057955	293	147	220	140.24133935158704	4.216362052271839	0	0	147
240	0.1	62.5	[2]	{0}	1.2943504996379327	1.0701282474189986	1.1168444537515845	0.0	0	808.3663408178834	308.3663408178834	0.2553227609292516	65	29	47	31.91444538973831	0.6211650066479211	0	0	29
302	0.1	62.5	[1]	{1}	4.469141986409092	3.0474732896104055	3.0474732896104055	0.0	0	556.2646817415953	56.26468174159527	1.7566201313073597	13	3	8	5.719941273033619	0.0	0	0	3
365	0.1	62.5	[1]	{0}	4.6998700205699215	3.607371533673696	3.607371533673696	0.0	0	760.8595946803689	260.8595946803689	0.554700196225229	71	11	41	29.995106079794457	0.0	0	0	11
426	0.1	62.5	[1]	{1}	3.5468863215327606	2.7017414997609253	2.7017414997609257	0.0	0	573.0143191758543	73.01431917585433	1.5895394526247881	96	12	54	39.08179953153805	0.0	0	0	12
54	0.1	62.5	[2]	{2}	4.839772731216426	4.560282012572884	4.586564674460783	0.0	0	310.5767131783069	189.42328682169313	1.3055812510993705	217	95	155	101.74046998449782	2.305429263547169	0	0	93
489	0.1	62.5	[1]	{0}	2.53341521530701	2.0872872172535075	2.0872872172535075	0.0	0	669.0211107488722	169.02111074887216	0.26877473636211713	89	3	46	30.465493342027063	0.0	0	0	3
179	0.1	62.5	[1]	{1}	2.5785644470792324	2.302010935133547	2.302010935133547	0.0	0	255.4027724545449	244.5972275454551	0.06881023532039754	63	3	33	22.48904158681818	0.0	0	0	3
117	0.1	62.5	[3]	{0}	1.8766591061419076	1.4330157833357335	1.4848196577833073	0.0	0	188.74046183191248	311.2595381680875	0.13637513753485941	51	17	34	24.97532831297443	0.7850356759569013	0	0	17
241	0.1	62.5	[2]	{0}	2.8663587810510753	2.4877966648192418	2.4859940895090364	0.0	0	562.2602386865763	62.26023868657626	1.5377663713881071	112	2	57	42.274026444537576	1.0817669700995687	0	0	2
303	0.1	62.5	[2]	{1}	3.1969218419871446	2.527245661623933	2.603948814511445	0.0	0	602.9436842072757	102.94368420727574	3.2498205078639857	95	47	72	53.59825263170897	1.7505860846130248	0	0	49
366	0.1	62.5	[1]	{2}	5.240063334567088	4.115345533421415	4.115345533421415	0.0	0	20.17577411606908	479.8242258839309	0.9557896392964647	18	10	14	6.773460837624967	0.0	0	0	10
55	0.1	62.5	[3]	{2}	4.279691698896329	4.059082239304679	3.9451111121065217	0.0	0	842.7225833293052	342.72258332930517	7.253318234719926	187	149	168	111.40174166706952	6.21528500401562	0	0	149
427	0.1	62.5	[1]	{2}	5.03788511824202	4.438016994815689	4.438016994815689	0.0	0	788.3181141223758	288.31811412237585	1.3230407022565294	183	99	141	86.9465081911925	0.0	0	0	99
490	0.1	62.5	[3]	{2}	2.7064464084022704	2.1691417399051423	2.2478663380883845	0.0	0	140.41894627735016	359.5810537226498	2.838309705463268	104	50	77	44.55404204525425	1.9631864761280748	0	0	50
180	0.1	62.5	[1]	{1}	3.755705096607679	2.7850971705519414	2.785097170551942	0.0	0	77.56799366325146	422.43200633674854	1.403511276919578	86	2	44	21.47844777187705	0.0	0	0	2
118	0.1	62.5	[1]	{2}	4.448102703969299	3.7148801050413858	3.7148801050413858	0.0	0	871.5525954030454	371.5525954030454	1.0479161904684884	39	1	20	9.82094809193909	0.0	0	0	1
304	0.1	62.5	[3]	{1}	3.9189891721862153	3.220287114928414	3.1423695327905286	0.0	0	395.40909719653433	104.59090280346567	1.9149587250148559	108	22	65	48.63259090280347	2.3699959836967968	0	0	22
242	0.1	62.5	[2]	{2}	2.637211326491676	2.000605454076251	2.0570456105045034	0.0	0	807.670968119055	307.67096811905503	0.42749098003548086	89	9	49	28.785832243356854	0.9218831781013382	0	0	9
367	0.1	62.5	[1]	{0}	3.229452655154269	2.7411935179782647	2.7411935179782647	0.0	0	535.9779060818256	35.97790608182561	1.3416407864998738	4	0	2	1.7680441878363489	0.0	0	0	0
428	0.1	62.5	[3]	{2}	2.3284593307318775	1.8337432548328794	1.9183442175935723	0.0	0	800.2426670864224	300.24266708642244	2.304266844150105	81	37	58	38.900263984888795	1.6577730402690487	0	0	35
56	0.1	62.5	[1]	{1}	1.1334317303233443	0.8805554112773624	0.8805554112773624	0.0	0	274.6913973242046	225.30860267579538	0.0	10	0	5	2.988074191972614	0.0	0	0	0
491	0.1	62.5	[1]	{0}	6.2890354637951695	5.007484716403658	5.007484716403658	0.0	0	17.169731669127717	482.8302683308723	1.1885480848780452	87	3	44	20.717128730103365	0.0	0	0	1
181	0.1	62.5	[1]	{1}	4.846870786183341	3.653417244855407	3.653417244855407	0.0	0	727.6448633056137	227.64486330561374	0.8310135034372274	82	4	42	29.947392460498957	0.0	0	0	2
119	0.1	62.5	[1]	{0}	2.815445628287737	2.107682247064967	2.107682247064967	0.0	0	877.9530674219133	377.95306742191326	0.0	13	3	8	5.10228159546852	0.0	0	0	3
243	0.1	62.5	[3]	{2}	2.492409121584678	2.217160993455614	2.0444873370111587	0.0	0	974.100859835744	474.100859835744	0.9656738329048238	67	1	34	15.475570765584704	1.7656568821711027	0	0	1
305	0.1	62.5	[1]	{1}	1.884281227799515	1.7700081944041046	1.7700081944041046	0.0	0	145.78406116925194	354.2159388307481	0.768273325346536	40	8	24	14.116113101046533	0.0	0	0	8
368	0.1	62.5	[3]	{0}	4.727506047876423	4.493175293597254	4.452282977715538	0.0	0	394.1748666111381	105.8251333888619	10.809683418663088	219	185	202	151.57360106711096	7.639641560814818	0	0	185
429	0.1	62.5	[1]	{1}	7.956064277063632	6.515700104100572	6.515700104100572	0.0	0	589.9326270446181	89.93262704461813	0.7082840546673816	108	10	59	42.927414832063015	0.0	0	0	10
57	0.1	62.5	[2]	{2}	1.1876029242443356	1.0039611471377523	1.0019851914298297	0.0	0	408.0945386085659	91.90546139143407	0.09968666405323517	37	5	21	15.387850847477095	0.42968360187243626	0	0	5
492	0.1	62.5	[2]	{2}	5.318264391044313	4.096706101682917	4.0887810406381195	0.0	0	474.8376638162881	25.162336183711886	1.391026370313004	149	17	83	62.077461025653406	1.74460612837207	0	0	17
120	0.1	62.5	[1]	{0}	14.648291885742168	11.887013714044992	11.887013714044992	0.0	0	180.2040073089302	319.79599269106984	0.9814954576223637	24	6	15	10.836204007308929	0.0	0	0	6
182	0.1	62.5	[3]	{2}	15.609159070843097	13.596671397447302	13.925481006265125	0.0	0	244.91468514315787	255.08531485684213	10.363463478326485	418	326	373	247.758657305779	19.03791180708657	0	0	328
244	0.1	62.5	[1]	{1}	4.844440334336733	4.263780654217413	4.263780654217413	0.0	0	402.4192183278502	97.58078167214978	0.28867513459481287	17	1	9	6.96841921832785	0.0	0	0	1
369	0.1	62.5	[3]	{2}	1.6357447173584563	1.2641205599980794	1.269067060367787	0.0	0	74.90331586450336	425.0966841354966	0.5193268074761537	52	6	29	15.249389528341595	0.34970435605266037	0	0	6
306	0.1	62.5	[1]	{2}	1.3690979904646807	1.300663482049162	1.300663482049162	0.0	0	614.7554435301572	114.75544353015721	0.3726354020448713	74	8	41	27.35855947644449	0.0	0	0	8
430	0.1	62.5	[1]	{2}	8.986315189197162	6.753147764804388	6.753147764804387	0.0	0	972.560507711023	472.560507711023	0.10684129575633322	89	3	46	23.73745867613703	0.0	0	0	3
58	0.1	62.5	[2]	{0}	6.431599340035251	4.985920508174733	5.041437251890166	0.0	0	327.0705617032946	172.92943829670543	1.6632088482807637	192	38	115	79.61288089368124	2.146674556619316	0	0	38
493	0.1	62.5	[1]	{1}	13.100915847535932	9.390958526450502	9.390958526450502	0.0	0	734.3384101986885	234.3384101986885	1.7677669529663689	15	3	9	5.196631128609181	0.0	0	0	3
121	0.1	62.5	[1]	{0}	1.824125611779655	1.454655198924983	1.454655198924983	0.0	0	125.1965053379536	374.80349466204643	0.05270462766947299	26	2	14	8.36975107473135	0.0	0	0	2
183	0.1	62.5	[1]	{2}	5.998549878159133	4.964932506706067	4.964932506706067	0.0	0	874.583726748824	374.583726748824	1.2318357661793675	61	17	39	21.759904470786456	0.0	0	0	17
245	0.1	62.5	[1]	{2}	2.521967774723785	2.0961516091432393	2.0961516091432393	0.0	0	89.16649315506217	410.8335068449378	0.3013446329213101	97	37	67	35.70648906876891	0.0	0	0	37
307	0.1	62.5	[1]	{2}	11.31728612736006	10.186263983814227	10.186263983814227	0.0	0	693.177906330675	193.177906330675	nan	3	1	3	2.484466281007975	0.0	0	0	3
370	0.1	62.5	[1]	{2}	3.7577281207524464	3.1035697981067836	3.1035697981067836	0.0	0	895.7017126958818	395.70171269588184	0.7016464154456235	29	1	15	10.224877734953536	0.0	0	0	1
431	0.1	62.5	[1]	{0}	7.243149938497445	5.743579133963609	5.743579133963609	0.0	0	985.9155518934132	485.9155518934132	1.1016189057765002	32	4	18	9.621520065918562	0.0	0	0	4
59	0.1	62.5	[1]	{0}	8.973165134534291	8.051307200303919	8.051307200303917	0.0	0	956.0863431543112	456.0863431543112	nan	2	2	2	1.2168273136913776	0.0	0	0	2
494	0.1	62.5	[2]	{2}	2.995193435637714	2.332080151349573	2.4457196618131984	0.0	0	836.0887938179076	336.0887938179076	2.490587218179284	99	45	72	42.13884995856135	1.2862464177725104	0	0	45
122	0.1	62.5	[1]	{1}	6.680048727999128	4.902808357951719	4.902808357951719	0.0	0	625.9682029485703	125.96820294857025	0.4008918628686366	23	3	13	9.781222579360008	0.0	0	0	3
184	0.1	62.5	[1]	{1}	6.3061861128258325	4.326635779865698	4.326635779865698	0.0	0	985.9404088929296	485.94040889292955	0.13231403100624078	41	7	24	12.731430186569689	0.0	0	0	7
246	0.1	62.5	[1]	{1}	13.693360474627221	10.21244631497344	10.21244631497344	0.0	0	330.0458355806768	169.9541644193232	1.2535663410560174	10	0	5	2.9422291779033842	0.0	0	0	0
308	0.1	62.5	[1]	{0}	13.25608447285137	10.575138763676545	10.575138763676545	0.0	0	951.5341352671386	451.5341352671386	0.6311937230776101	38	2	20	11.56445383572578	0.0	0	0	2
371	0.1	62.5	[2]	{0}	2.1265145319289056	2.0013110103970417	1.9914743687988246	0.0	0	422.85586451180274	77.14413548819726	2.0294945549449297	100	10	54	38.98879322559014	1.055727010567045	0	0	8
432	0.1	62.5	[1]	{1}	5.4472757475862235	4.612322796800044	4.612322796800044	0.0	0	379.9292165786028	120.07078342139721	0.0	5	3	4	2.3278584331572056	0.0	0	0	3
60	0.1	62.5	[1]	{1}	8.447556347501797	5.913262401384891	5.913262401384891	0.0	0	360.03331653773785	139.96668346226215	1.8965862684529302	63	13	38	28.483333165377378	0.0	0	0	13
495	0.1	62.5	[1]	{0}	6.993605543305948	5.642889102829087	5.642889102829087	0.0	0	504.35465900227433	4.354659002274332	0.5669467095138409	11	5	8	6.247581363990903	0.0	0	0	5
123	0.1	62.5	[1]	{0}	3.361817834291129	2.6887436099616577	2.6887436099616577	0.0	0	992.779223714024	492.77922371402406	0.018553546269482774	82	4	43	20.98661027515306	0.0	0	0	4
185	0.1	62.5	[2]	{2}	6.803939399045622	6.526061630333601	6.5178243087698435	0.0	0	541.177581762895	41.17758176289499	0.7730226551522245	301	7	154	120.30379595622787	3.315898448906898	0	0	7
309	0.1	62.5	[3]	{2}	3.1108061859343215	2.6711129594677527	2.567833551280469	0.0	0	667.2857422381641	167.28574223816406	4.150101407230027	116	52	83	62.94599980433286	2.4952145025877597	0	0	50
247	0.1	62.5	[1]	{2}	7.005694696958384	6.730114292010962	6.730114292010962	0.0	0	560.9194468706846	60.919446870684624	0.5811144912835733	287	37	163	117.74832462878527	0.0	0	0	39
433	0.1	62.5	[1]	{1}	6.786167786719062	5.9114419442441415	5.9114419442441415	0.0	0	855.298396665603	355.29839666560304	1.5491933384829668	4	0	2	0.31840320666879396	0.0	0	0	0
61	0.1	62.5	[1]	{1}	5.211935582892262	4.617344821289069	4.617344821289069	0.0	0	879.7430151607844	379.74301516078435	1.4739520973352422	173	49	111	66.01698340811765	0.0	0	0	49
