iter	recomb_rate	mut_rate	recomb_type	recomb_node	ARG_length_1	ARG_length_2	ARG_length_3	ARG_length_4	root_height_change	bp	bp_pos_deviation	rank_stat	info_sites_global	confounding_info_sites	consistent_info_sites	weighted_consistent_info_sites	rf_dist	no_neu_recurr_mut	no_adv_recurr_mut	info_sites_imbalance
248	0.1	75.0	[1]	{1}	4.064395885425953	2.892972429709663	2.892972429709662	0.0	0	104.5708274468779	395.4291725531221	0.48038446141526137	12	2	7	4.089854137234389	0.0	0	0	2
310	0.1	75.0	[3]	{2}	7.137428837965223	6.482411657443576	6.500461056381189	0.0	0	246.66663142852485	253.33336857147515	10.546369624994476	324	260	293	197.9666607114207	9.2503630407331	0	0	262
186	0.1	75.0	[2]	{0}	1.2084300583287129	0.9723185293129698	0.9932189429976023	0.0	0	315.28186122886825	184.71813877113175	2.164543713431251	54	20	37	26.07035536334849	0.5021515117014145	0	0	20
124	0.1	75.0	[1]	{0}	5.760456366997844	4.385496159278991	4.385496159278991	0.0	0	588.5242694057524	88.52426940575242	0.0	37	1	19	15.189621347028762	0.0	0	0	1
372	0.1	75.0	[1]	{2}	14.23796346074316	10.002911452862051	10.002911452862051	0.0	0	644.4271518848838	144.42715188488376	0.6546536707079772	6	0	3	2.066718544345349	0.0	0	0	0
434	0.1	75.0	[3]	{0}	4.762177978479146	3.52709394529598	3.7408500546137065	0.0	0	35.63131834380312	464.3686816561969	1.2123383932236014	187	81	134	73.82928347463158	1.8140480820496716	0	0	81
62	0.1	75.0	[2]	{0}	4.457140719591763	3.994521170476948	4.030264370051784	0.0	0	709.3135472387077	209.31354723870766	1.3408972137447175	225	71	149	99.08506078411638	1.972457919455119	0	0	73
496	0.1	75.0	[1]	{2}	1.438167493924902	1.2197314988508463	1.2197314988508463	0.0	0	498.5947224777192	1.4052775222808123	0.7662983918625434	71	3	37	27.28892083716579	0.0	0	0	3
0	0.1	75.0	[1]	{1}	1.8361175050577438	1.6661942459403802	1.6661942459403802	0.0	0	173.95178554579616	326.04821445420384	0.2449489742783178	9	1	5	3.0577589277289805	0.0	0	0	1
125	0.1	75.0	[3]	{1}	7.064046889203074	5.734060182442563	5.623618516005743	0.0	0	715.1177444029602	215.11774440296017	3.6566631922875894	221	73	147	104.17211112500166	3.1180677990687067	0	0	73
249	0.1	75.0	[2]	{0}	1.487586415555775	1.2341014743294976	1.274996493489069	0.0	0	155.94643331132835	344.05356668867165	0.7786122309834378	73	37	55	31.94026809887774	0.6500656464568166	0	0	37
311	0.1	75.0	[1]	{0}	2.400338448485011	2.0472732549210693	2.0472732549210693	0.0	0	317.2153707128017	182.7846292871983	0.1276306889434551	101	7	54	37.352322604235255	0.0	0	0	7
373	0.1	75.0	[1]	{1}	3.3004902188520093	2.8587715147680823	2.8587715147680823	0.0	0	802.3855339270086	302.3855339270086	0.13942740046346702	149	53	101	60.03268748049621	0.0	0	0	53
187	0.1	75.0	[2]	{2}	5.507508805391359	5.01969569496468	5.087235578897694	0.0	0	269.71150701865565	230.28849298134435	2.4950957113296584	275	125	199	133.2015137282647	2.626764974530942	0	0	123
497	0.1	75.0	[1]	{2}	13.879122655492864	10.529859044060645	10.529859044060645	0.0	0	168.4289937838912	331.5710062161088	2.116713535289126	74	18	46	29.098585788652294	0.0	0	0	18
435	0.1	75.0	[1]	{0}	4.766353520171733	3.5957258116399275	3.5957258116399275	0.0	0	65.73671987280247	434.2632801271975	nan	0	0	0	0.0	0.0	0	0	0
63	0.1	75.0	[1]	{0}	4.64716616394427	4.267251942417197	4.267251942417197	0.0	0	408.1128742545842	91.8871257454158	1.284900794663633	243	33	138	98.00377065905927	0.0	0	0	33
1	0.1	75.0	[1]	{1}	4.830754728520182	3.952885908984622	3.952885908984622	0.0	0	201.46672171540564	298.53327828459436	0.6399567796460555	73	5	39	24.754534929746765	0.0	0	0	5
126	0.1	75.0	[1]	{1}	2.1439754940325173	1.829164290969067	1.829164290969067	0.0	0	358.7938058190049	141.2061941809951	0.8565108955788107	82	4	43	28.344845145475126	0.0	0	0	4
312	0.1	75.0	[2]	{2}	3.2026632816485425	2.774916733394425	2.8050247353414783	0.0	0	296.0196516942233	203.98034830577672	0.8562060264273332	156	46	100	66.79845422537254	1.3512955581717954	0	0	44
250	0.1	75.0	[1]	{1}	2.4880327040952963	1.9694297662022944	1.9694297662022944	0.0	0	956.274225143716	456.27422514371597	0.6502562861445764	115	27	71	39.66962691537103	0.0	0	0	27
374	0.1	75.0	[1]	{0}	3.2051197441539756	2.5902503376046564	2.5902503376046564	0.0	0	69.88123175688088	430.1187682431191	0.5246600900114461	90	4	47	26.515605575004592	0.0	0	0	4
188	0.1	75.0	[1]	{0}	7.222360099269744	5.843439888922874	5.843439888922874	0.0	0	650.7054371759297	150.70543717592966	nan	0	0	0	0.0	0.0	0	0	0
436	0.1	75.0	[3]	{1}	9.958912799828969	9.151308212952014	9.240584918929777	0.0	0	595.6262659747155	95.62626597471547	14.342231542632755	399	343	371	276.9050097963009	15.104802804108363	0	0	343
498	0.1	75.0	[2]	{1}	3.6825255921522775	3.293571275842349	3.2245158153405553	0.0	0	584.041385445744	84.04138544574403	4.41775463006956	168	38	103	78.22794511594999	2.204937004309798	0	0	38
64	0.1	75.0	[1]	{1}	6.194691332104311	5.361730491434425	5.361730491434425	0.0	0	119.69653936102996	380.30346063897	0.09851244717623515	244	118	181	103.63710823073617	0.0	0	0	118
2	0.1	75.0	[1]	{1}	4.244010968882344	2.9891619353487275	2.9891619353487267	0.0	0	561.7050919681787	61.70509196817875	0.16012815380508713	31	5	18	14.179	0.0	0	0	5
127	0.1	75.0	[3]	{1}	3.2150068590306953	2.8680780509099293	2.8322521590149865	0.0	0	596.9303846359255	96.93038463592552	6.946012434742341	152	100	127	91.96318346118927	3.737580468826371	0	0	102
251	0.1	75.0	[3]	{1}	4.568003503243416	3.7491667520262095	3.7029984630652613	0.0	0	107.9987238626928	392.0012761373072	1.2192924557252733	171	51	111	68.04388897605429	2.333742548997246	0	0	51
189	0.1	75.0	[3]	{1}	5.210569282832463	4.097134250088741	4.071449239463418	0.0	0	784.4072568695995	284.40725686959945	1.4278482998350797	180	42	111	78.3361573309544	1.3984888911898852	0	0	42
375	0.1	75.0	[1]	{1}	3.1887112741612804	2.4613232409989045	2.461323240998904	0.0	0	75.16322890296578	424.8367710970342	1.30066495428618	34	2	18	9.13995874683559	0.0	0	0	2
313	0.1	75.0	[1]	{1}	7.466710208953412	7.129654839426708	7.129654839426708	0.0	0	917.9417751729492	417.9417751729492	0.3198701749162417	72	26	49	29.388387217909088	0.0	0	0	26
437	0.1	75.0	[3]	{0}	4.5595131742812915	3.9218695782230144	3.9213084688455426	0.0	0	499.2487563285977	0.7512436714022783	7.6718760189569215	202	124	163	121.05279601584186	4.760295998717119	0	0	124
499	0.1	75.0	[1]	{0}	5.172465294713174	4.0132436949430055	4.0132436949430055	0.0	0	847.3572947550564	347.3572947550564	0.6615253509031624	156	22	89	56.38920501994155	0.0	0	0	22
65	0.1	75.0	[1]	{2}	1.5390983771456734	1.3550686751611503	1.3550686751611503	0.0	0	319.1071639303118	180.8928360696882	0.2580501148055394	59	1	30	20.38507163930312	0.0	0	0	1
3	0.1	75.0	[2]	{2}	1.277473942779292	1.0383129232495374	1.0402140625558396	0.0	0	163.9650107827037	336.0349892172963	1.7068771258507442	52	18	35	22.325055291133	0.4071346547155442	0	0	18
128	0.1	75.0	[3]	{1}	6.891648058052156	6.311562267343775	5.630385415407892	0.0	0	1.159127568826218	498.8408724311738	1.4357039742368007	247	3	125	66.40089094610333	5.058714301015171	0	0	3
252	0.1	75.0	[2]	{2}	3.683243521477322	2.991649388397698	3.0529644379169367	0.0	0	781.4977504312993	281.4977504312993	0.7074411897089948	150	40	95	59.90965971937775	1.4291598690574108	0	0	40
438	0.1	75.0	[3]	{1}	4.449007954408669	4.162462515358619	4.197053611545883	0.0	0	282.7581074088814	217.24189259111859	10.746537672660873	232	204	219	153.43243912975495	7.041609645167761	0	0	206
376	0.1	75.0	[2]	{0}	3.548215268255199	2.7248316833983846	2.7150605146615803	0.0	0	23.346363101154346	476.65363689884566	0.7691511642801521	124	24	74	38.10693814328313	0.9614523962837744	0	0	24
190	0.1	75.0	[1]	{2}	4.307826635973942	3.383448735451645	3.383448735451645	0.0	0	266.3832635153085	233.6167364846915	2.372474679821688	119	31	75	53.01534811491332	0.0	0	0	31
314	0.1	75.0	[2]	{0}	4.394710375427829	4.311657708980006	4.270906151603981	0.0	0	971.251289593056	471.25128959305596	1.225701291548443	228	196	212	105.28572660627215	2.160026180565261	0	0	196
66	0.1	75.0	[1]	{1}	9.871174054104245	6.7549095960204015	6.7549095960204015	0.0	0	114.27624477073545	385.72375522926455	0.9718590614997251	43	1	22	15.240419916331767	0.0	0	0	1
4	0.1	75.0	[1]	{1}	9.690937002238238	7.103242833805119	7.10324283380512	0.0	0	234.7174431197345	265.2825568802655	2.346637724979865	153	33	93	63.51028494038805	0.0	0	0	33
129	0.1	75.0	[1]	{1}	4.33963120356669	3.65270479836113	3.65270479836113	0.0	0	894.0654168836776	394.0654168836776	1.003100782635635	91	9	49	27.22544874153657	0.0	0	0	7
253	0.1	75.0	[3]	{2}	4.95671567120226	3.843215001169746	4.048044699960839	0.0	0	953.420848818496	453.420848818496	1.0863633160457173	214	100	156	83.43323946777356	3.0958065819197347	0	0	98
191	0.1	75.0	[1]	{2}	3.6762834395168436	3.135697859620158	3.135697859620158	0.0	0	22.117263637483063	477.88273636251694	0.7348469228349533	9	1	5	2.1975863181874153	0.0	0	0	1
377	0.1	75.0	[1]	{2}	4.935531259087113	3.6277217321939466	3.6277217321939466	0.0	0	25.56799724698064	474.43200275301933	0.5337877446681665	27	1	14	8.04481596696377	0.0	0	0	1
439	0.1	75.0	[2]	{2}	5.761271916945189	4.6788512209826045	4.7758716803211865	0.0	0	190.1296069845557	309.8703930154443	2.2463486834351163	213	77	145	86.89464558925482	2.2083358486288485	0	0	77
315	0.1	75.0	[1]	{0}	15.285665757158075	10.973373532670527	10.973373532670527	0.0	0	449.7779700905086	50.222029909491425	nan	6	6	6	4.130667820543052	0.0	0	0	6
67	0.1	75.0	[3]	{0}	4.805146698453933	3.822970998041864	3.808746839493131	0.0	0	419.8111577425151	80.18884225748491	1.6319758967452318	188	30	109	77.61452357453295	1.81647778888124	0	0	30
5	0.1	75.0	[2]	{0}	2.364187162460661	1.8866971159368224	1.8767872236125058	0.0	0	417.88485599681735	82.11514400318265	1.97115307483829	79	15	47	36.23372716004774	0.8153765254802371	0	0	15
130	0.1	75.0	[1]	{1}	7.136231708786017	5.435261151421035	5.435261151421035	0.0	0	205.74081316590303	294.25918683409697	1.5498260496951668	29	7	18	11.587926505327227	0.0	0	0	7
192	0.1	75.0	[3]	{0}	2.590919169851784	2.015303668067432	2.2014164093392248	0.0	0	111.21044680476172	388.7895531952383	2.9596710137534727	110	80	95	55.854467084795196	2.5445141520415118	0	0	80
254	0.1	75.0	[2]	{2}	4.791305373049896	4.384330336032763	4.325828754962513	0.0	0	296.2274684105069	203.7725315894931	2.163132981483721	218	46	131	86.65206874085031	2.2172686447230787	0	0	44
378	0.1	75.0	[3]	{1}	6.318160641830843	4.929211650162424	4.928511355675546	0.0	0	475.7581229787322	24.241877021267783	1.928803026806042	213	37	126	94.43061372170226	1.5480147940836257	0	0	39
440	0.1	75.0	[3]	{1}	3.9877725745866983	3.2736964522261838	3.5739451406118268	0.0	0	996.828289469704	496.82828946970403	0.14597397625324984	197	173	185	94.29642302704417	5.269256579517937	0	0	173
316	0.1	75.0	[1]	{2}	5.0588812868356685	4.175771321729449	4.1757713217294485	0.0	0	367.0705929398538	132.92940706014622	1.703514245409684	71	15	43	32.808352964699274	0.0	0	0	15
6	0.1	75.0	[1]	{1}	4.07605191772949	3.180547656397263	3.180547656397263	0.0	0	817.5193448550999	317.5193448550999	0.9400193421607683	10	4	7	4.0894419654347	0.0	0	0	4
68	0.1	75.0	[1]	{0}	3.9768000240322214	3.0006472609577033	3.0006472609577033	0.0	0	109.23017188906675	390.76982811093325	nan	0	0	0	0.0	0.0	0	0	0
131	0.1	75.0	[1]	{0}	7.720356536808811	5.452426691814525	5.452426691814525	0.0	0	154.4300382956862	345.5699617043138	0.5846940480547546	97	13	55	36.58733118716628	0.0	0	0	13
193	0.1	75.0	[3]	{2}	8.32363216932788	6.749612191310667	6.961840250227134	0.0	0	207.22756348550325	292.77243651449675	5.153119746534612	292	168	230	151.07340376099933	6.477819830913891	0	0	168
255	0.1	75.0	[3]	{0}	4.592364493221963	3.95714851956469	3.9445143680280585	0.0	0	395.9795860573648	104.02041394263517	7.16585259028713	192	116	154	112.19834675383565	4.123386370393822	0	0	116
379	0.1	75.0	[1]	{2}	2.1062209620955934	1.8288698407656219	1.8288698407656219	0.0	0	683.0424875952303	183.04248759523034	1.6666666666666667	8	4	6	4.270084975190461	0.0	0	0	4
317	0.1	75.0	[1]	{0}	6.890491371292146	5.461366469075095	5.461366469075095	0.0	0	248.2789319474249	251.7210680525751	1.331171603225981	98	2	50	33.32469436673819	0.0	0	0	2
441	0.1	75.0	[2]	{2}	6.216898307705733	6.051870337966992	6.037404779357267	0.0	0	363.4845230262727	136.5154769737273	1.0279609079045884	318	94	206	141.50996651314938	3.034918399326075	0	0	94
69	0.1	75.0	[1]	{2}	6.932877173841913	5.637387293757149	5.637387293757149	0.0	0	539.3329863436521	39.332986343652124	1.0214916161923304	40	0	20	14.653	0.0	0	0	0
7	0.1	75.0	[1]	{2}	2.397288059150444	2.1110903060519752	2.1110903060519752	0.0	0	436.3643846008927	63.63561539910728	1.8617556087028075	70	14	42	30.58964384600893	0.0	0	0	14
194	0.1	75.0	[3]	{0}	3.8336014274577535	3.3556876958159156	3.297848444924721	0.0	0	82.74422190152092	417.2557780984791	2.5590295754340158	185	107	146	84.4012835157886	3.519797209010745	0	0	107
132	0.1	75.0	[1]	{1}	11.255545029877128	9.499739845483603	9.499739845483603	0.0	0	858.8615087792278	358.86150877922785	1.8291049832164568	361	143	252	155.16463712124522	0.0	0	0	143
256	0.1	75.0	[2]	{0}	3.1738298290793994	2.31593817820726	2.482364781102304	0.0	0	943.7861719634384	443.7861719634384	1.2128790839548615	122	64	93	54.7064583513271	1.2704651631382609	0	0	64
380	0.1	75.0	[1]	{1}	5.7245027523624445	5.463493172567988	5.463493172567988	0.0	0	79.54006781801594	420.4599321819841	1.0139619025170346	288	172	230	123.44089505559954	0.0	0	0	172
442	0.1	75.0	[1]	{1}	3.2677784397226546	2.4257666880311133	2.4257666880311133	0.0	0	54.6957757323982	445.3042242676018	0.5881176352917641	69	3	36	23.76069861757755	0.0	0	0	3
318	0.1	75.0	[1]	{0}	2.047115161599499	1.7100155337060166	1.7100155337060166	0.0	0	256.4093326218425	243.5906673781575	nan	0	0	0	0.0	0.0	0	0	0
8	0.1	75.0	[1]	{1}	2.9439209789884524	2.630717191838881	2.630717191838881	0.0	0	376.2356298975647	123.7643701024353	0.8492077756084468	12	2	7	4.752764370102436	0.0	0	0	2
70	0.1	75.0	[2]	{0}	6.280526503091668	5.451253634199296	5.421898029001875	0.0	0	45.04548083059473	454.9545191694053	3.422073310259414	244	114	180	97.44709558784587	2.346159040784636	0	0	116
133	0.1	75.0	[3]	{0}	2.7432333091561123	2.223858254473213	2.2146679459581335	0.0	0	454.3231173884124	45.67688261158759	4.4939578726342875	126	48	87	62.87596935216526	1.4591463340462536	0	0	48
195	0.1	75.0	[1]	{1}	3.1500445533441948	2.7969678657292394	2.7969678657292394	0.0	0	591.1443289369347	91.1443289369347	0.7051271524166892	49	13	31	23.419123723819855	0.0	0	0	13
257	0.1	75.0	[1]	{0}	3.7052198183516336	3.2467992760305675	3.246799276030568	0.0	0	702.7368363924327	202.73683639243268	0.26772768567506033	164	34	99	65.89078992499783	0.0	0	0	34
381	0.1	75.0	[3]	{0}	3.9015063546096935	3.6068402665660195	3.5862369754921035	0.0	0	683.2813166547566	183.28131665475655	8.024922126037765	198	150	174	122.13261993423853	5.393271158732673	0	0	150
443	0.1	75.0	[3]	{1}	3.621694428967936	2.764569313857717	2.776875830415228	0.0	0	105.4377157706768	394.5622842293232	1.5456757551805305	118	42	80	46.257889240864685	0.516030370892232	0	0	42
319	0.1	75.0	[2]	{0}	4.622303036175202	4.140360824023551	4.283426104343016	0.0	0	873.3141776174305	373.31417761743046	1.2491542037130592	259	167	213	120.69822194366158	2.355504822065203	0	0	167
71	0.1	75.0	[3]	{0}	5.411600879820906	4.690810239540529	4.685480067062281	0.0	0	777.5089628994466	277.5089628994466	4.6713146440658715	241	161	201	134.64937963756918	5.03344246595469	0	0	161
9	0.1	75.0	[2]	{1}	3.771256094097713	3.1183320240419965	3.1105565759070988	0.0	0	427.1834134124222	72.81658658757777	1.84640465739908	158	6	83	62.55694735739006	1.3317098063017565	0	0	8
196	0.1	75.0	[3]	{2}	5.440426695744096	4.1014124996952726	4.122076878511244	0.0	0	899.1068336181344	399.1068336181344	0.3971333581348658	146	12	79	43.795414813112465	0.38583141337164273	0	0	12
134	0.1	75.0	[1]	{0}	2.035998079582274	1.4953879144837066	1.4953879144837061	0.0	0	380.7846363633871	119.21536363661289	nan	1	1	1	0.42978463636338715	0.0	0	0	1
382	0.1	75.0	[1]	{2}	4.634766500794021	3.9257122749033977	3.9257122749033977	0.0	0	657.4522226583214	157.45222265832138	0.3520521581691599	181	11	96	67.91129331240059	0.0	0	0	11
258	0.1	75.0	[2]	{2}	5.248603307338303	4.130388412498276	4.18548568217102	0.0	0	781.4533039927483	281.45330399274826	0.6682903711540107	191	37	114	75.15801585662362	1.7569439250499808	0	0	37
444	0.1	75.0	[2]	{2}	5.125336915137294	4.30009943732104	4.239660473120422	0.0	0	730.5560053791851	230.55600537918508	0.1573240410142865	200	44	123	82.61229149973578	1.9391364090635266	0	0	46
10	0.1	75.0	[1]	{1}	7.010477037020613	5.096712129743496	5.096712129743496	0.0	0	851.4896971173586	351.48969711735856	1.2528228994519952	22	4	13	6.389592725943773	0.0	0	0	4
72	0.1	75.0	[3]	{0}	4.467667003071963	3.6667535327103584	3.799071693401214	0.0	0	723.1846484355627	223.18464843556274	6.366951172020307	199	127	162	112.30659742202607	4.179435606205995	0	0	125
320	0.1	75.0	[2]	{1}	4.169186561046892	3.6370806994117224	3.624297806953719	0.0	0	517.5183711107823	17.518371110782255	4.656079466129319	190	66	128	97.02202878220375	2.2693895169563465	0	0	66
197	0.1	75.0	[1]	{2}	7.685451262805462	5.971935670237003	5.971935670237001	0.0	0	603.201684076339	103.201684076339	0.9231861823449954	23	3	13	8.937394947770983	0.0	0	0	3
135	0.1	75.0	[2]	{1}	2.8638621775943154	2.425494280918553	2.4315241531611456	0.0	0	848.8637737464161	348.8637737464161	0.7317842780512391	133	71	102	59.4418052678369	1.016877381900998	0	0	71
259	0.1	75.0	[3]	{0}	2.4215448679280978	2.018853815334414	2.0789698871027134	0.0	0	140.21222991868837	359.78777008131163	4.648087600165878	127	71	99	58.48749278406424	2.2695774802368627	0	0	71
383	0.1	75.0	[1]	{0}	8.443616456746703	6.289350046396327	6.289350046396327	0.0	0	930.4539649747312	430.4539649747312	0.3103271570523763	153	9	81	45.554860556844616	0.0	0	0	9
445	0.1	75.0	[2]	{2}	3.124573898926664	2.641216270822527	2.638108493125655	0.0	0	558.7793199811131	58.779319981113076	0.3720761457668436	154	20	87	66.1021374010388	1.128693500974364	0	0	20
73	0.1	75.0	[2]	{2}	6.8100903516874896	5.4426699875207545	5.437083690908504	0.0	0	406.0725518502296	93.92744814977038	0.8532557785470595	225	23	124	88.06706290361291	2.091513106595686	0	0	23
11	0.1	75.0	[1]	{2}	4.578120888565093	3.559926992213163	3.559926992213163	0.0	0	114.69854461029176	385.3014553897082	0.35750615503453076	39	11	25	13.770669436816128	0.0	0	0	11
321	0.1	75.0	[1]	{0}	4.645899167427607	3.2679559741685544	3.2679559741685544	0.0	0	11.309963185340138	488.69003681465983	2.0512481682183283	29	1	15	5.265649447780104	0.0	0	0	1
198	0.1	75.0	[1]	{2}	5.004572153709558	4.462437549185674	4.462437549185674	0.0	0	484.1538383625448	15.846161637455225	0.6133517252924494	225	13	119	90.57415444608407	0.0	0	0	13
136	0.1	75.0	[1]	{2}	4.6595825237909985	3.5862041488648257	3.5862041488648257	0.0	0	917.94860502705	417.94860502705	1.1547005383792517	5	1	3	1.54105139497295	0.0	0	0	1
260	0.1	75.0	[3]	{1}	3.3359141099868586	2.5394084428778894	2.5707720269011336	0.0	0	663.2894475478681	163.28944754786812	1.726300716233245	137	11	74	51.65947436375542	0.7427651062382938	0	0	11
446	0.1	75.0	[1]	{1}	3.5072608651532993	3.1381388284698177	3.1381388284698177	0.0	0	554.9345472827555	54.93454728275549	0.30151134457776363	17	3	10	7.366261810868978	0.0	0	0	3
384	0.1	75.0	[2]	{1}	4.668947101940294	4.28588650052495	4.255785902517671	0.0	0	812.8691127058121	312.8691127058121	1.584014869748815	240	100	170	103.26098906542357	2.017520627739948	0	0	100
12	0.1	75.0	[1]	{2}	5.3861685126273295	4.1147741343954385	4.1147741343954385	0.0	0	288.0042321048676	211.99576789513242	nan	1	1	1	0.7240042321048676	0.0	0	0	1
322	0.1	75.0	[1]	{1}	3.8738147988625466	2.744683922707778	2.7446839227077775	0.0	0	798.307497985661	298.30749798566103	1.6000026933827793	38	0	19	14.099387530215084	0.0	0	0	0
74	0.1	75.0	[1]	{1}	3.5281706528763674	2.873835450905344	2.873835450905344	0.0	0	796.9953108113261	296.99531081132614	1.5366228811637583	87	1	44	24.884140675660213	0.0	0	0	1
199	0.1	75.0	[3]	{1}	5.853830544440114	4.770782935080951	4.649273542211777	0.0	0	291.4320591371508	208.56794086284918	2.6665128149564445	198	34	116	85.19901060203462	2.6537940939229507	0	0	34
261	0.1	75.0	[1]	{0}	7.678997557988557	6.193760574017206	6.193760574017205	0.0	0	763.144759926945	263.14475992694497	1.6119719184568322	152	2	77	52.22035436284915	0.0	0	0	2
137	0.1	75.0	[2]	{0}	4.084250005048883	3.8541717232443107	3.8265913905722915	0.0	0	729.93705724366	229.93705724365998	0.9263433497771536	201	83	142	91.34143432934957	1.904413703207202	0	0	83
447	0.1	75.0	[1]	{1}	3.6358806712455705	2.928135941069254	2.9281359410692533	0.0	0	962.6785465516148	462.6785465516148	1.3333333333333333	8	4	6	4.031928720690312	0.0	0	0	4
323	0.1	75.0	[1]	{2}	7.442042332266816	5.032960654820222	5.032960654820222	0.0	0	981.8509630858898	481.8509630858898	0.0	3	1	2	0.9182980738282204	0.0	0	0	1
385	0.1	75.0	[1]	{2}	6.998576546202694	4.809311705441479	4.809311705441479	0.0	0	475.15715239569545	24.842847604304552	1.003802295085565	29	3	16	12.30731430479139	0.0	0	0	3
13	0.1	75.0	[1]	{0}	13.848694732578188	9.950853442621277	9.950853442621277	0.0	0	139.4248525612056	360.5751474387944	nan	4	4	4	2.606699410244823	0.0	0	0	4
75	0.1	75.0	[2]	{1}	1.4594826353951467	1.2468151938580587	1.232452693056063	0.0	0	343.6646522022785	156.3353477977215	0.9393038202129632	79	15	47	33.45760421827063	0.5945811988137633	0	0	15
200	0.1	75.0	[3]	{1}	5.868606224755901	4.52355364271461	4.512176472333664	0.0	0	139.25125612877315	360.74874387122685	1.137400199687335	172	14	93	53.03683416062779	0.9173120877813215	0	0	14
262	0.1	75.0	[1]	{1}	2.3628690625269506	2.0093264038936134	2.0093264038936134	0.0	0	258.7509718723596	241.24902812764037	1.1756580828347853	91	33	62	40.83154859361798	0.0	0	0	33
138	0.1	75.0	[3]	{0}	5.377809864809141	4.765979472315564	4.972848452342621	0.0	0	989.9828266352414	489.9828266352414	2.7926526882695475	271	241	257	127.35124182109534	7.938124818783353	0	0	243
448	0.1	75.0	[1]	{2}	11.92293028482768	10.055884024453437	10.055884024453437	0.0	0	310.33703638240706	189.66296361759294	0.5513730262290535	123	1	62	45.27443701870739	0.0	0	0	1
324	0.1	75.0	[1]	{1}	5.154147872602602	3.8644692193910437	3.8644692193910433	0.0	0	996.8685917556288	496.8685917556288	0.45684790183147284	150	2	76	38.80298702657221	0.0	0	0	2
14	0.1	75.0	[2]	{1}	2.843857382051894	2.3402459786002336	2.2335552604646196	0.0	0	222.2073317971082	277.79266820289183	1.0522409313943	105	15	60	39.60304928110168	1.1956925666653901	0	0	15
386	0.1	75.0	[1]	{2}	8.408993887157848	7.854183678355161	7.854183678355161	0.0	0	445.4371961764992	54.562803823500815	1.191172098475591	350	34	192	140.15146354117994	0.0	0	0	34
76	0.1	75.0	[1]	{0}	5.938795341451026	4.4614143901725205	4.46141439017252	0.0	0	93.50494202226405	406.49505797773594	0.9140769600544394	96	4	50	27.87318779684603	0.0	0	0	4
201	0.1	75.0	[3]	{2}	6.877805627524052	6.275103704154512	6.073802495518042	0.0	0	846.0073554888368	346.00735548883677	4.940706312210398	268	138	203	127.58208056389543	7.905369231768433	0	0	138
263	0.1	75.0	[3]	{2}	3.49186794515099	3.0544018565020292	3.0551218688601933	0.0	0	476.2061233632267	23.79387663677329	7.1359321110557135	144	102	123	91.50391634390131	3.520027685589876	0	0	102
139	0.1	75.0	[3]	{1}	3.9133568106439007	2.951689820751775	3.0484248077714273	0.0	0	911.592869088054	411.59286908805404	1.8295213468832858	132	46	89	48.79990629474817	1.1422835044515955	0	0	46
449	0.1	75.0	[3]	{2}	2.9079163430674435	2.2253562924429686	2.219106492574177	0.0	0	409.08361296169466	90.91638703830534	0.778850214016728	107	9	58	44.08550167777016	0.37409616366720755	0	0	9
387	0.1	75.0	[3]	{1}	3.0339602741249214	2.2860113635280994	2.335891209812953	0.0	0	130.5227458942683	369.47725410573173	1.5968843181933061	109	43	76	46.772228278290505	0.6183691623230991	0	0	43
15	0.1	75.0	[3]	{2}	7.583952533044786	7.000366153840798	6.739818648728037	0.0	0	1.500653335824581	498.4993466641754	0.37901650084764626	271	159	215	110.78164046720237	8.937497675783604	0	0	159
202	0.1	75.0	[3]	{1}	8.510912928813822	6.7697280274161855	6.763713325395157	0.0	0	508.8186184875668	8.818618487566823	4.601525577369793	272	80	176	131.72118618487562	3.7262748665403698	0	0	80
264	0.1	75.0	[3]	{0}	4.798281246759531	3.850595482117183	4.0943051813851925	0.0	0	934.8298702389004	434.8298702389004	2.1736061701293488	218	140	179	100.04437011297043	4.525225354732873	0	0	140
203	0.1	75.0	[2]	{0}	4.390509048040597	4.044474428397825	4.051023513184502	0.0	0	929.7701972536744	429.7701972536744	0.8780805782495578	193	125	159	87.16315982018783	1.8710075627752343	0	0	125
204	0.1	75.0	[3]	{2}	1.247400629166286	0.8852198257887768	1.0208541180295763	0.0	0	8.624630514532383	491.3753694854676	1.3498731178900971	55	41	48	27.686982264697548	0.9584590654520981	0	0	41
325	0.1	75.0	[2]	{1}	2.626280249186167	2.3076353802737186	2.252884088598929	0.0	0	348.66491984576004	151.33508015423996	2.7617075734216003	130	0	65	48.97434556107967	1.3015324641935582	0	0	0
77	0.1	75.0	[1]	{1}	3.010117934560588	2.6175221058631104	2.6175221058631104	0.0	0	138.93429236486566	361.06570763513434	0.4393747751637468	149	59	104	59.78956065175683	0.0	0	0	59
140	0.1	75.0	[1]	{0}	4.321175912330153	3.310070034370024	3.3100700343700233	0.0	0	95.61747498810294	404.3825250118971	0.9759000729485332	27	7	17	9.73979222486913	0.0	0	0	7
450	0.1	75.0	[1]	{0}	0.7964096343423162	0.6390134362025841	0.6390134362025841	0.0	0	933.3264864981174	433.32648649811745	1.8516401995451028	6	0	3	1.1666735135018826	0.0	0	0	0
388	0.1	75.0	[2]	{2}	6.477146568522859	5.409350352252449	5.2298488156692375	0.0	0	243.25317819602787	256.7468218039721	1.604884507938769	212	18	115	85.3063294549007	2.690413831628957	0	0	18
16	0.1	75.0	[2]	{1}	4.674248153596341	4.021121037822834	3.883534659436702	0.0	0	60.14745566062643	439.8525443393736	0.0997887336765309	187	59	123	65.65725231229332	1.8592117251049831	0	0	59
326	0.1	75.0	[1]	{0}	1.8926587564640005	1.6088503338402724	1.6088503338402724	0.0	0	362.2592070605604	137.7407929394396	1.1966422450849266	25	1	13	8.66077762118168	0.0	0	0	1
78	0.1	75.0	[2]	{0}	4.104093026599631	3.4851778140148904	3.4041588297899263	0.0	0	241.84619076550007	258.15380923449993	1.2621608794172352	146	32	88	58.24823335358501	1.6659522883472322	0	0	30
265	0.1	75.0	[2]	{1}	1.153294882779933	0.9565794381968943	0.9579625173035221	0.0	0	459.4200809951873	40.57991900481272	1.2634656762057948	55	1	28	22.032561457913374	0.4153979213343107	0	0	1
141	0.1	75.0	[1]	{1}	8.869577487243703	7.726593113853857	7.726593113853857	0.0	0	876.407403498888	376.407403498888	0.4690415759823429	47	3	25	14.92888894751668	0.0	0	0	3
451	0.1	75.0	[1]	{0}	1.183231077325685	1.158006063955981	1.158006063955981	0.0	0	27.176461881026626	472.8235381189734	1.9081154643322664	60	16	38	22.595352627716963	0.0	0	0	16
389	0.1	75.0	[1]	{2}	5.8558393544923595	5.018005317565616	5.018005317565616	0.0	0	634.8761571571232	134.8761571571232	0.6605782590758164	19	3	11	7.724619214214385	0.0	0	0	3
327	0.1	75.0	[3]	{1}	1.8477604288438565	1.5900517751029324	1.6301228994166288	0.0	0	834.4643842428925	334.4643842428925	3.7934232878712413	103	75	89	54.84102871875464	2.074227472270983	0	0	75
17	0.1	75.0	[1]	{2}	11.850573933838428	8.461322604779198	8.461322604779198	0.0	0	294.99686695635324	205.00313304364676	0.5303144222973238	71	1	36	24.87395613738894	0.0	0	0	1
79	0.1	75.0	[1]	{1}	8.706257484530754	6.958848188124787	6.958848188124787	0.0	0	399.1040969267487	100.8959030732513	0.7977240352174656	32	8	20	16.37241638770699	0.0	0	0	8
266	0.1	75.0	[1]	{0}	8.148846471365387	6.590862382161368	6.590862382161367	0.0	0	121.49909511208534	378.50090488791466	0.385467126562535	52	0	26	16.566985521793363	0.0	0	0	0
142	0.1	75.0	[1]	{0}	0.5499068394069044	0.5299834491718916	0.5299834491718916	0.0	0	800.6619461812078	300.6619461812078	1.3416407864998738	31	19	26	15.814789399288596	0.0	0	0	21
452	0.1	75.0	[2]	{0}	2.1490628216829575	1.703257793526645	1.7018946266285875	0.0	0	243.294311221689	256.705688778311	0.8981931417311221	75	1	38	25.35324071420729	0.6326734483127112	0	0	1
328	0.1	75.0	[3]	{1}	5.392641627326542	4.222851565529028	4.22521122331816	0.0	0	486.887664999813	13.112335000186988	2.48398653357841	185	43	114	86.34597796999662	1.6257971232166653	0	0	43
18	0.1	75.0	[3]	{1}	1.0123704496153614	0.7859467664181309	0.7877084066305221	0.0	0	320.59594825841504	179.40405174158496	0.6030226891555273	49	13	31	23.561747327359395	0.23726395572390502	0	0	13
390	0.1	75.0	[1]	{1}	3.6235814656498695	2.9458397862250907	2.9458397862250907	0.0	0	898.5668104141953	398.5668104141953	1.0276911853413175	80	10	45	29.175028014674776	0.0	0	0	10
80	0.1	75.0	[1]	{2}	10.77622405912238	10.601474696401098	10.601474696401098	0.0	0	132.73944938555354	367.26055061444646	2.1213203435596424	7	1	4	2.057478898771107	0.0	0	0	1
205	0.1	75.0	[1]	{1}	6.826761638752079	4.861493394471084	4.861493394471084	0.0	0	593.6834807507693	93.68348075076926	0.7071067811865475	14	2	8	6.097899115495385	0.0	0	0	2
267	0.1	75.0	[2]	{2}	3.8892699928807613	3.250916727901195	3.1798615111807904	0.0	0	193.4425535146148	306.5574464853852	1.034471363190891	187	39	112	66.41425535146148	1.4670108590290165	0	0	37
143	0.1	75.0	[1]	{2}	2.2065107268208424	1.6111862781686943	1.6111862781686943	0.0	0	806.6682373173536	306.6682373173536	1.8523964340873709	16	8	12	8.638990576095878	0.0	0	0	8
453	0.1	75.0	[3]	{1}	5.988235665789399	4.876715513519391	4.9613376496777395	0.0	0	254.05599409714347	245.94400590285653	4.47000636644958	224	114	169	119.7117594982571	4.105357942883893	0	0	114
329	0.1	75.0	[1]	{2}	11.90006354175189	8.755421787762343	8.75542178776234	0.0	0	167.49747470021254	332.50252529978746	nan	4	4	4	1.9739898988008502	0.0	0	0	4
19	0.1	75.0	[3]	{0}	4.248440617809031	3.5504452538430518	3.5485760826248764	0.0	0	495.7229890860618	4.277010913938227	4.914305553647392	160	82	121	91.44326320736481	3.33499241462751	0	0	82
391	0.1	75.0	[1]	{0}	16.151717168995454	10.992724605580305	10.992724605580303	0.0	0	476.199788507074	23.800211492925996	1.0	2	2	2	1.855	0.0	0	0	2
81	0.1	75.0	[2]	{1}	2.5879971000751896	1.9362935793292537	1.9615293399784595	0.0	0	46.6378910932691	453.3621089067309	0.8618128166583653	87	23	55	31.501153534824038	0.7231943757444079	0	0	23
206	0.1	75.0	[3]	{0}	3.406575564943595	2.5743895243871324	2.709556274918582	0.0	0	218.63508527167147	281.36491472832853	2.48965537054667	128	56	92	60.73810511630026	1.7173934172810348	0	0	56
268	0.1	75.0	[1]	{2}	2.778528829743444	2.2101078212695415	2.2101078212695415	0.0	0	731.4069264102727	231.40692641027272	0.6231320528308176	66	6	36	22.731047618974	0.0	0	0	6
144	0.1	75.0	[1]	{1}	1.869479781961862	1.6506223260423205	1.6506223260423205	0.0	0	725.9361662436278	225.93616624362778	0.4586110060171363	82	16	49	32.82036184898577	0.0	0	0	16
454	0.1	75.0	[2]	{2}	3.188058276030067	2.508186113806043	2.533295073760703	0.0	0	313.10978718101984	186.89021281898016	1.3739597295661774	116	28	72	52.096513189792624	1.0736173262006647	0	0	28
20	0.1	75.0	[1]	{2}	4.133879794345443	3.0389484719285784	3.0389484719285784	0.0	0	274.94229655712854	225.05770344287146	0.15947323018612514	34	4	19	13.927480669014159	0.0	0	0	4
330	0.1	75.0	[1]	{0}	3.6817061377740012	3.6059842009493206	3.6059842009493206	0.0	0	95.95323726534848	404.0467627346515	0.6696620080077292	22	6	13	7.319392084449531	0.0	0	0	4
392	0.1	75.0	[1]	{2}	3.04027835489384	2.1228570588826625	2.1228570588826625	0.0	0	569.6601322852076	69.66013228520762	0.3849001794597505	17	1	9	7.027339867714793	0.0	0	0	1
82	0.1	75.0	[1]	{2}	3.2675740534613267	2.704982662298484	2.704982662298484	0.0	0	851.5126523561776	351.51265235617757	0.09493688888231744	97	7	51	30.55895594868437	0.0	0	0	5
207	0.1	75.0	[1]	{1}	0.7916712992648677	0.5630798834805055	0.5630798834805055	0.0	0	995.0768887065352	495.0768887065352	1.6431676725154982	14	10	12	4.9170773355215776	0.0	0	0	10
269	0.1	75.0	[3]	{0}	2.8969995894885154	2.5918693346398465	2.616208620902997	0.0	0	626.4519921969621	126.45199219696212	8.460817104307507	144	118	131	95.07818027310638	3.7401499024804923	0	0	118
145	0.1	75.0	[1]	{2}	2.9577654757633023	2.0538595565507825	2.053859556550783	0.0	0	943.4651033952832	443.4651033952832	1.4605934866804429	11	1	6	4.0192093796283	0.0	0	0	1
455	0.1	75.0	[1]	{0}	2.095781931237096	1.6065232715871374	1.6065232715871376	0.0	0	550.9350453503431	50.9350453503431	nan	0	0	0	0.0	0.0	0	0	0
21	0.1	75.0	[1]	{1}	2.25486340790753	1.8804219925981345	1.8804219925981345	0.0	0	275.352865923196	224.64713407680398	0.05292561240249631	16	4	10	7.703117195539177	0.0	0	0	4
393	0.1	75.0	[1]	{0}	3.0551087725220363	2.424041199948279	2.424041199948279	0.0	0	271.25931158661825	228.74068841338175	1.4012980994907414	32	0	16	11.802630362212655	0.0	0	0	0
331	0.1	75.0	[1]	{0}	2.328112405351477	1.7102979156961484	1.7102979156961482	0.0	0	177.16802936047313	322.83197063952684	0.41130179815941625	36	4	20	13.475352411046623	0.0	0	0	4
83	0.1	75.0	[1]	{2}	4.512797481257698	4.2141828462331645	4.2141828462331645	0.0	0	621.6361746191978	121.63617461919785	0.21125363706585912	21	3	12	9.597	0.0	0	0	3
208	0.1	75.0	[1]	{0}	4.399164631574887	3.8900194830434716	3.8900194830434716	0.0	0	678.4384695347397	178.43846953473974	0.2453582460328592	181	11	96	67.23332264512408	0.0	0	0	11
270	0.1	75.0	[1]	{2}	2.591056762086458	1.943932610349649	1.9439326103496488	0.0	0	463.21196202188736	36.78803797811264	2.9575509189220277	21	13	17	12.427211962021884	0.0	0	0	13
146	0.1	75.0	[3]	{1}	4.660240611520475	3.979379299193425	3.810697553309741	0.0	0	260.4600300546736	239.5399699453264	5.0609771166057955	190	50	119	82.1085806912575	3.228327151643701	0	0	48
456	0.1	75.0	[1]	{0}	3.599725425227796	2.61265321634961	2.6126532163496106	0.0	0	760.1323272101581	260.1323272101581	1.18	49	9	29	19.270015091847625	0.0	0	0	9
22	0.1	75.0	[1]	{0}	10.925893023981837	7.995508316850946	7.995508316850946	0.0	0	357.4412134476007	142.55878655239928	0.7933342992363481	49	9	29	22.309676359657196	0.0	0	0	9
394	0.1	75.0	[3]	{0}	4.66081886896768	4.096384642578936	4.137747664591032	0.0	0	383.1042347010225	116.8957652989775	8.791935011316273	210	152	181	132.586690561546	5.490913444593066	0	0	152
332	0.1	75.0	[1]	{2}	4.293732186666266	3.636181287665633	3.636181287665633	0.0	0	495.78182213008415	4.2181778699158485	1.1547005383792517	5	3	4	2.641	0.0	0	0	3
84	0.1	75.0	[1]	{0}	7.43443588621776	6.521429871227565	6.521429871227565	0.0	0	47.02506493777014	452.97493506222986	0.4959249993718886	233	65	148	76.16350909128779	0.0	0	0	63
209	0.1	75.0	[1]	{2}	5.034584040484912	4.803829621728772	4.803829621728772	0.0	0	566.2389651406558	66.23896514065575	0.9106051513441882	103	9	56	39.9186986274682	0.0	0	0	9
271	0.1	75.0	[1]	{2}	2.0259934617469195	1.7413932844986926	1.7413932844986926	0.0	0	274.9440586194396	225.0559413805604	1.4362649974350634	20	4	12	7.786664351716637	0.0	0	0	4
147	0.1	75.0	[1]	{1}	3.567262168978857	2.9701089105099903	2.9701089105099903	0.0	0	465.7960927579554	34.20390724204458	0.27566747329212693	92	2	47	34.841349205853426	0.0	0	0	2
395	0.1	75.0	[3]	{2}	4.968406351264205	4.642873687681219	4.635980604706427	0.0	0	385.2807024959475	114.71929750405252	10.192704189253288	252	194	223	162.19363161231763	7.337493246674681	0	0	194
23	0.1	75.0	[1]	{1}	8.317066259673583	7.629878723041889	7.629878723041889	0.0	0	559.7184980288147	59.71849802881468	0.08247860988423225	20	0	10	6.97712600788474	0.0	0	0	0
457	0.1	75.0	[1]	{0}	3.3823939635558053	2.548832329354886	2.548832329354886	0.0	0	867.1842983458191	367.1842983458191	0.9503261906509313	86	4	45	25.16218096120469	0.0	0	0	4
333	0.1	75.0	[2]	{0}	2.137092464040613	2.004898563130997	2.004229768819564	0.0	0	644.7819417808206	144.7819417808206	1.0549828750675045	123	37	80	55.94426407534255	0.9403028581262591	0	0	37
85	0.1	75.0	[3]	{0}	4.460734130643861	4.372353012066315	4.222725798596418	0.0	0	931.3393083866686	431.33930838666856	2.8723100097579812	215	177	196	106.34028172394635	7.3642914212561195	0	0	177
210	0.1	75.0	[1]	{2}	6.906356314393492	5.702551253489946	5.702551253489946	0.0	0	349.9894994311034	150.0105005688966	0.15635262099882086	50	0	25	18.822926496017725	0.0	0	0	0
272	0.1	75.0	[2]	{0}	3.4399903926132724	2.626900895617835	2.751740412929509	0.0	0	845.8855862263589	345.8855862263589	2.2064380331942797	140	68	104	63.66383958453313	1.392672419961074	0	0	68
148	0.1	75.0	[1]	{2}	3.0296280787648797	2.7439626771223633	2.7439626771223633	0.0	0	282.89539064280694	217.10460935719306	0.21929216539434218	109	5	57	42.82105851578527	0.0	0	0	5
24	0.1	75.0	[3]	{2}	3.200954622852984	2.9568259148393703	2.8392186750128836	0.0	0	775.957290781662	275.957290781662	5.004483259816361	170	98	134	93.66807506372032	3.934200799232511	0	0	98
458	0.1	75.0	[1]	{2}	5.748638798491345	4.721804777218669	4.721804777218669	0.0	0	326.7352553084493	173.26474469155067	0.03952847075210474	31	1	16	11.660470510616898	0.0	0	0	1
396	0.1	75.0	[2]	{2}	1.2797263844732605	1.248293114718908	1.2468261388550048	0.0	0	884.3342866748573	384.33428667485725	1.60966468811466	99	77	88	50.37758277261254	0.610779873483253	0	0	77
334	0.1	75.0	[1]	{1}	4.393648887395365	3.3531843861918755	3.3531843861918764	0.0	0	357.8874091617762	142.1125908382238	1.2150259487789095	60	2	31	24.093211864132428	0.0	0	0	2
86	0.1	75.0	[1]	{0}	6.0626522343725	4.899271659446074	4.899271659446074	0.0	0	743.4163047000766	243.41630470007658	0.3746343246326776	18	4	11	8.429085867099463	0.0	0	0	4
211	0.1	75.0	[1]	{0}	4.571603603152283	3.8688151817383485	3.8688151817383485	0.0	0	606.6988087259231	106.69880872592307	0.6608480480431909	32	6	19	13.802301191274076	0.0	0	0	6
273	0.1	75.0	[1]	{2}	4.664746947709433	3.7138772285372204	3.7138772285372204	0.0	0	418.7715756706895	81.22842432931049	0.13201967239688991	35	1	18	13.489629454024135	0.0	0	0	1
25	0.1	75.0	[3]	{2}	1.3016045339137843	0.9863389255149604	0.9869682576212966	0.0	0	904.321943409741	404.32194340974104	0.9185586535436918	48	14	31	15.06766364111751	0.08767536985756008	0	0	14
149	0.1	75.0	[1]	{0}	7.934467639564093	6.738472463698896	6.738472463698896	0.0	0	487.3001417145134	12.699858285486584	0.2926600489591285	270	16	144	111.20659036341304	0.0	0	0	18
459	0.1	75.0	[3]	{1}	1.875792813225269	1.4158021874916442	1.4769894828595582	0.0	0	6.129588466137759	493.87041153386224	0.3522819383711917	77	23	50	25.37147942330689	0.6850524056431733	0	0	23
397	0.1	75.0	[3]	{1}	3.2422506358051484	2.660373237736966	2.6328672917778864	0.0	0	37.13345550932001	462.86654449068	0.28582319148752383	121	55	87	45.44980989625494	1.6688597387917716	0	0	53
335	0.1	75.0	[2]	{2}	2.1807800451709825	1.977276244614705	1.969277426493285	0.0	0	474.2078371345997	25.792162865400314	3.254162703182713	123	25	74	55.77468651461602	1.1890133194102153	0	0	25
87	0.1	75.0	[1]	{2}	6.904301323114138	6.620591842707766	6.620591842707766	0.0	0	48.258788650855365	451.74121134914463	0.6606958729393098	107	5	56	32.40045700984448	0.0	0	0	5
212	0.1	75.0	[2]	{0}	6.799929945368636	5.80575517263386	5.415483114706666	0.0	0	160.65862262621522	339.3413773737848	2.5578097185515514	214	20	117	77.55522424444183	3.1656049983543646	0	0	20
274	0.1	75.0	[3]	{0}	3.179284825583561	2.966468573076447	2.81593021972275	0.0	0	992.6453549414872	492.6453549414872	0.8001332610944623	156	80	118	59.09713882678747	3.757304250035108	0	0	80
26	0.1	75.0	[1]	{1}	1.637542836842825	1.2327859448843068	1.2327859448843068	0.0	0	385.1230680011214	114.8769319988786	2.258212020847573	37	11	24	16.394230680011212	0.0	0	0	11
150	0.1	75.0	[1]	{0}	5.278851561425949	4.059870296355189	4.059870296355189	0.0	0	790.6203377060591	290.6203377060591	0.11090638359678376	36	4	20	14.057555947527291	0.0	0	0	4
398	0.1	75.0	[2]	{0}	3.6704822751338924	2.927117359947964	2.9358264073774683	0.0	0	947.008661692962	447.00866169296205	0.1583891032045364	124	34	79	45.872333049641924	1.1200682198646006	0	0	34
460	0.1	75.0	[2]	{2}	6.442661513390094	5.58614098825142	5.888485372945642	0.0	0	992.5960397813468	492.5960397813468	1.4011874393497519	308	272	290	139.91914846340947	3.2809321545930166	0	0	272
88	0.1	75.0	[1]	{2}	3.2014479451453663	2.486082115409517	2.486082115409517	0.0	0	870.8574008196592	370.85740081965923	1.0241831129983783	35	7	21	11.693424186065792	0.0	0	0	7
336	0.1	75.0	[1]	{0}	7.70851765190398	7.266423651628873	7.266423651628873	0.0	0	586.7591551505027	86.75915515050269	1.6193678659883812	324	56	190	133.5176450377256	0.0	0	0	56
213	0.1	75.0	[2]	{2}	7.825115472566104	6.715856541910284	6.797394768268452	0.0	0	784.7302544396371	284.73025443963706	1.0321472729567682	297	139	217	142.15844241978783	3.171207114148391	0	0	137
275	0.1	75.0	[3]	{2}	1.634451622306296	1.3311575820199781	1.3683210540545825	0.0	0	671.486099716276	171.48609971627604	3.8244569864746327	78	48	63	44.18801431049779	1.3565728934875152	0	0	48
27	0.1	75.0	[2]	{2}	1.5844497896302667	1.355301204904094	1.3399131627022556	0.0	0	666.7321643326432	166.73216433264315	0.4725177727861535	70	16	43	30.30976723435335	0.6399802516410065	0	0	16
461	0.1	75.0	[3]	{0}	2.304112575815945	1.8428441126786155	1.835872261577403	0.0	0	818.6281728558245	318.62817285582446	1.6549010900369845	107	47	76	48.82459135720878	0.8841834746838404	0	0	45
151	0.1	75.0	[2]	{1}	2.8704752762488654	2.4780003030132836	2.552624674662457	0.0	0	968.6052403412762	468.60524034127616	1.2567197241464585	146	118	132	66.02910827495155	1.2766348750701446	0	0	118
399	0.1	75.0	[2]	{1}	4.849563639277216	4.121854282669051	4.202741824955917	0.0	0	376.4614523388446	123.5385476611554	3.1937299961853447	194	60	127	88.21522344880175	2.432715495148117	0	0	60
337	0.1	75.0	[1]	{2}	2.914542154146657	2.405329778031527	2.4053297780315273	0.0	0	841.8241753242911	341.8241753242911	0.2785430072655778	28	0	14	9.34175824675709	0.0	0	0	0
89	0.1	75.0	[1]	{0}	2.31862945050898	1.663091745460768	1.663091745460768	0.0	0	71.25905528664586	428.7409447133541	0.29061198247389103	42	0	21	11.62892205044627	0.0	0	0	0
214	0.1	75.0	[3]	{2}	1.4976780895447335	1.210377440714634	1.2008614931343526	0.0	0	647.9517691768706	147.95176917687058	0.8505771357858508	60	8	34	25.84957876987755	0.6851413110881668	0	0	8
276	0.1	75.0	[3]	{2}	6.479332191243442	4.912277234104254	5.003166865690243	0.0	0	106.01066658273344	393.98933341726655	2.7022092836748204	215	57	137	81.61709865802156	1.3800323675695543	0	0	59
28	0.1	75.0	[3]	{0}	5.670554479829961	4.972330936092552	5.145315251175774	0.0	0	301.31239071488375	198.68760928511625	10.752228090235674	270	242	256	178.0134851372242	8.009829769927208	0	0	242
152	0.1	75.0	[1]	{0}	7.966653696972185	6.113298595272273	6.113298595272273	0.0	0	218.21311488747597	281.78688511252403	0.6714647604670964	32	2	17	9.091344263762235	0.0	0	0	2
462	0.1	75.0	[2]	{0}	3.371442983150809	3.0435981147252225	2.7616339823671536	0.0	0	6.001588888466247	493.99841111153376	0.3297653029637286	128	32	80	37.256127111077284	1.6466919224980732	0	0	32
400	0.1	75.0	[1]	{1}	3.1988736552377874	2.2345251931845285	2.2345251931845285	0.0	0	835.4728082194925	335.47280821949255	1.2963624321753373	15	3	9	4.860744726024567	0.0	0	0	3
338	0.1	75.0	[1]	{1}	8.061162820946032	6.47501366531531	6.47501366531531	0.0	0	35.189821384847136	464.81017861515284	nan	0	0	0	0.0	0.0	0	0	0
90	0.1	75.0	[3]	{0}	6.919036209329677	6.598883282898597	6.605349637192347	0.0	0	567.5690302159638	67.56903021596383	13.681345061394245	333	295	314	231.95641042876986	11.424279813472157	0	0	295
215	0.1	75.0	[2]	{0}	1.933047320704914	1.44966072102525	1.5534196764247872	0.0	0	769.5693420246243	269.56934202462435	3.174902805555807	70	40	55	32.83079566103965	0.9718023804988145	0	0	40
277	0.1	75.0	[1]	{1}	2.717673127686724	2.3879646600383118	2.3879646600383118	0.0	0	37.316689500585255	462.68331049941474	2.1306957813744942	100	46	72	38.687168265040945	0.0	0	0	44
29	0.1	75.0	[1]	{0}	5.42766862388102	4.722207255020905	4.722207255020905	0.0	0	792.5049713812767	292.50497138127673	0.9682818167765579	22	4	13	9.08645525756851	0.0	0	0	4
153	0.1	75.0	[1]	{1}	1.7540886088027388	1.5038046907464677	1.5038046907464677	0.0	0	105.62754701823008	394.3724529817699	0.3312945782245396	40	12	26	15.68980603440106	0.0	0	0	12
463	0.1	75.0	[1]	{2}	3.67847150742929	2.6735193165357916	2.6735193165357916	0.0	0	226.37059725821013	273.6294027417899	0.0	11	3	7	5.78911179177463	0.0	0	0	3
401	0.1	75.0	[1]	{2}	15.266552815544962	10.790686787334849	10.790686787334849	0.0	0	163.63200033083558	336.3679996691644	nan	3	3	3	1.7518960009925069	0.0	0	0	3
339	0.1	75.0	[1]	{2}	10.212300001365076	6.985328625861399	6.985328625861397	0.0	0	418.11498021706944	81.88501978293056	nan	0	0	0	0.0	0.0	0	0	0
91	0.1	75.0	[1]	{2}	7.005429199394892	4.9342344769725175	4.934234476972517	0.0	0	958.6898148991168	458.68981489911675	0.9375575099731441	70	6	38	21.4161666636318	0.0	0	0	6
216	0.1	75.0	[3]	{1}	1.704356722546894	1.3775671044653461	1.3976878239319919	0.0	0	275.4345103167	224.56548968329997	2.270296894860924	66	26	46	31.983821185700602	1.044960704694071	0	0	26
278	0.1	75.0	[1]	{0}	7.100111962645151	6.0558922698749065	6.0558922698749065	0.0	0	274.2487641517072	225.75123584829282	0.23765653627882233	36	0	18	13.419487641517069	0.0	0	0	0
30	0.1	75.0	[2]	{0}	2.006713428930123	1.6874103706081636	1.676494795780711	0.0	0	444.7131585329772	55.28684146702278	0.7412370012640322	88	0	44	32.5335421218574	0.870573393911019	0	0	0
464	0.1	75.0	[2]	{1}	8.186387327388738	7.2117811257194795	6.6051444140667	0.0	0	17.127738567069283	482.8722614329307	1.5222171104325926	249	15	132	62.43860601371905	3.7682596339113763	0	0	15
154	0.1	75.0	[2]	{2}	11.146652394915247	10.039073295131352	10.093969939953304	0.0	0	610.8079561963679	110.80795619636785	3.3639245286768986	397	115	256	184.37533605986826	5.016065251079997	0	0	115
92	0.1	75.0	[1]	{2}	1.5667579036350658	1.1063744393913728	1.1063744393913728	0.0	0	651.3110212981701	151.3110212981701	0.16984155512168936	12	0	6	4.46562204259634	0.0	0	0	0
402	0.1	75.0	[2]	{0}	2.89210196711898	2.2139541336601476	2.452710133346227	0.0	0	123.16589336842291	376.8341066315771	1.636005306746046	151	117	134	79.40057077768448	1.6402429880976013	0	0	117
340	0.1	75.0	[2]	{2}	8.244317532441242	6.345800745984559	6.530250114501218	0.0	0	826.3305583968759	326.33055839687586	2.8673144369576953	231	101	166	104.4359941091686	2.9733138313443375	0	0	101
217	0.1	75.0	[1]	{0}	4.657900300865418	4.123141278994145	4.123141278994145	0.0	0	535.515959141776	35.515959141775966	1.1139982905729888	185	3	94	70.22747877425327	0.0	0	0	3
279	0.1	75.0	[1]	{2}	6.6351441258225705	5.44089329232164	5.44089329232164	0.0	0	402.5426509324462	97.45734906755382	0.07178439754486277	216	18	116	85.00855905594679	0.0	0	0	16
31	0.1	75.0	[1]	{2}	3.5654645905618176	2.592203759787055	2.592203759787055	0.0	0	652.6305861771106	152.63058617711056	0.11694106924093722	38	2	20	14.885477655291558	0.0	0	0	2
465	0.1	75.0	[1]	{2}	6.128786491773937	4.564258027747691	4.564258027747691	0.0	0	431.5938604995609	68.40613950043911	2.1381083416417863	54	14	34	26.154126325994735	0.0	0	0	14
155	0.1	75.0	[1]	{2}	5.812818821246523	4.4738705690655705	4.47387056906557	0.0	0	192.46721407398584	307.5327859260142	0.9258200997725514	13	3	8	5.467868856295944	0.0	0	0	3
93	0.1	75.0	[1]	{1}	6.871653340541049	4.900014350497865	4.900014350497865	0.0	0	248.6043116077781	251.3956883922219	1.2829197750089267	64	10	37	26.247438804470004	0.0	0	0	10
403	0.1	75.0	[2]	{0}	3.04459584031163	2.365742356475481	2.3833316471038324	0.0	0	594.2817260511221	94.28172605112206	0.2251687799201732	126	2	64	45.878984766364105	1.047594700797959	0	0	2
341	0.1	75.0	[2]	{1}	7.2635761264210785	6.3556642339636955	6.409593311975223	0.0	0	736.591590801254	236.59159080125403	0.39453668075479015	290	112	201	130.83210524657554	3.005746900574404	0	0	112
218	0.1	75.0	[3]	{1}	3.792442315923302	3.012940051814983	2.971229994798832	0.0	0	928.6873680539431	428.68736805394315	0.3092379551321279	138	32	85	50.875571604277916	1.1124832078670237	0	0	32
280	0.1	75.0	[1]	{1}	6.474357330770227	4.671938553395451	4.671938553395452	0.0	0	120.20833836868402	379.79166163131595	0.514031683292549	124	10	66	37.3906669486463	0.0	0	0	8
32	0.1	75.0	[3]	{1}	2.4810411525581824	2.1741566378346535	2.1713087894358942	0.0	0	871.6176317539067	371.6176317539067	2.415153128138885	115	73	94	54.76200104073433	2.4918867835607434	0	0	73
466	0.1	75.0	[1]	{0}	1.9834428101389234	1.4215185150686651	1.4215185150686651	0.0	0	301.6657060943545	198.3342939056455	0.1370345696413428	48	2	25	18.46799711828307	0.0	0	0	2
156	0.1	75.0	[1]	{2}	4.898187248789148	4.072838817998853	4.0728388179988535	0.0	0	426.6415766905994	73.35842330940062	0.9698928287335074	77	1	39	28.3027741902154	0.0	0	0	1
94	0.1	75.0	[1]	{1}	3.617052272350523	3.1000005517360854	3.1000005517360854	0.0	0	409.3887482304129	90.61125176958711	0.5686190939669271	56	6	31	23.57172123761289	0.0	0	0	6
342	0.1	75.0	[3]	{2}	1.7076209115660563	1.4969491280216631	1.5137744242493787	0.0	0	766.543506179005	266.543506179005	5.489725454592938	91	79	86	57.92365066633372	1.9275939393942951	0	0	81
404	0.1	75.0	[2]	{1}	4.58254339738933	3.7813058190069215	3.769575020232301	0.0	0	18.39303714223209	481.60696285776794	1.425179288804663	190	82	136	64.9506669770591	1.502660940258537	0	0	82
219	0.1	75.0	[2]	{2}	3.355901229826701	2.739219739947684	2.610999311456303	0.0	0	879.6281211543829	379.62812115438294	1.3273083754331725	126	10	68	39.705593942280856	1.2708014112298556	0	0	10
33	0.1	75.0	[1]	{2}	2.2788384318243162	1.9972294385051914	1.9972294385051914	0.0	0	60.54449547082188	439.45550452917814	0.4063748007296394	123	59	91	55.727104133136564	0.0	0	0	59
281	0.1	75.0	[2]	{2}	9.344509315107628	8.648470472374816	8.662111430974289	0.0	0	524.2283740080894	24.228374008089418	2.9087529577117683	374	54	215	161.19442902081076	4.552872623964851	0	0	56
467	0.1	75.0	[2]	{2}	1.3343670574502802	1.2134085637998577	1.1492982356040298	0.0	0	998.3268992509694	498.3268992509694	0.5190257749881414	76	36	56	28.460693641945717	0.6107658559382554	0	0	36
157	0.1	75.0	[1]	{0}	4.475126246706552	3.3387450598051385	3.3387450598051385	0.0	0	762.4943563714622	262.49435637146223	0.06277762743601738	30	6	18	12.360045149028302	0.0	0	0	6
95	0.1	75.0	[3]	{2}	2.2841078888284487	2.1011967365121804	2.0428174898268487	0.0	0	916.9086527545006	416.9086527545006	3.275046722488514	115	85	100	58.01030777963996	2.777921453597836	0	0	85
343	0.1	75.0	[1]	{1}	3.111945553913423	2.0874766360729184	2.0874766360729184	0.0	0	539.9161018431187	39.91610184311867	nan	3	1	2	1.5521677963137626	0.0	0	0	1
405	0.1	75.0	[1]	{2}	4.446929122027126	3.174645208458699	3.174645208458699	0.0	0	721.6283837333323	221.62838373333227	0.5773502691896258	5	1	3	2.0151148488000032	0.0	0	0	1
220	0.1	75.0	[1]	{0}	4.835675639347924	4.594237179407021	4.594237179407021	0.0	0	66.56299484893685	433.43700515106315	0.8360171835451683	216	136	176	95.35396110371501	0.0	0	0	136
34	0.1	75.0	[1]	{2}	14.153646998835967	11.245696237646444	11.245696237646444	0.0	0	161.705574952066	338.294425047934	0.9292881629643097	128	2	64	40.1710452978909	0.0	0	0	0
282	0.1	75.0	[2]	{0}	3.823112382158806	3.5987754870717508	3.6209069229501605	0.0	0	787.8769077360628	287.8769077360628	1.0109996909104015	197	95	146	89.14447910147908	1.7862288533305768	0	0	95
96	0.1	75.0	[1]	{2}	4.847788874949173	3.5650685029573754	3.5650685029573754	0.0	0	74.95314115658402	425.046858843416	1.8516401995451028	6	2	4	2.7418125646263363	0.0	0	0	2
158	0.1	75.0	[1]	{1}	1.6002280294054492	1.4468806313734368	1.4468806313734368	0.0	0	148.01455126144003	351.98544873855997	0.3961892783411053	37	3	21	14.049130961352958	0.0	0	0	5
468	0.1	75.0	[1]	{1}	4.658284882500817	4.227170898946099	4.227170898946099	0.0	0	725.2278199885043	225.22781998850428	0.03463334614385743	206	60	133	87.67480070132198	0.0	0	0	60
344	0.1	75.0	[1]	{0}	5.486183485600309	4.927470117426372	4.927470117426372	0.0	0	817.3382328823211	317.3382328823211	1.2917004406943695	77	17	47	28.56880891758948	0.0	0	0	17
406	0.1	75.0	[1]	{2}	7.472474366207665	7.113909179518295	7.113909179518295	0.0	0	364.9931747931988	135.00682520680118	0.293198987688336	326	48	187	131.41590114170498	0.0	0	0	48
221	0.1	75.0	[1]	{2}	2.8181765540590127	2.1776600506066135	2.1776600506066135	0.0	0	380.1370498258621	119.8629501741379	1.0668289104952595	82	10	46	33.02946689686552	0.0	0	0	10
35	0.1	75.0	[2]	{0}	3.923723115304474	3.38857256290241	3.4786629896038828	0.0	0	725.2349813934413	225.23498139344133	2.0786747210627716	198	106	151	92.6513375863117	1.9167856002372232	0	0	104
283	0.1	75.0	[1]	{0}	5.566893957489626	3.8020574188727645	3.8020574188727645	0.0	0	636.0945561900735	136.0945561900735	1.4194453757806869	24	6	15	10.344527219049633	0.0	0	0	6
159	0.1	75.0	[1]	{2}	4.153755126271186	3.6311269183095103	3.6311269183095103	0.0	0	117.63942008838056	382.3605799116194	1.2866897913033928	193	89	141	81.86932171193142	0.0	0	0	89
97	0.1	75.0	[1]	{1}	5.0835094879367695	4.858284201525435	4.858284201525435	0.0	0	613.2206197362394	113.22061973623943	0.2519346902972158	66	2	34	25.39655876052752	0.0	0	0	2
345	0.1	75.0	[3]	{0}	2.5476485610192396	2.0952987555041815	2.0988371849842027	0.0	0	513.9056637417524	13.905663741752392	3.464101615137755	116	46	81	59.51803769884071	1.759265702723814	0	0	46
469	0.1	75.0	[2]	{2}	4.363116009293044	3.950801098023594	3.874250843110017	0.0	0	815.5217471066863	315.52174710668635	1.1528680038499335	218	82	150	92.65808588770402	1.935307668076787	0	0	82
407	0.1	75.0	[1]	{1}	2.1257659770445927	1.6207138897074234	1.6207138897074234	0.0	0	768.0741238873453	268.0741238873453	1.5924488561403694	73	3	38	23.8183692744784	0.0	0	0	3
222	0.1	75.0	[3]	{0}	4.070018055099476	3.6057389048515645	3.561852329645093	0.0	0	351.84334288351243	148.15665711648757	6.705224504117956	175	91	133	95.82945694362184	4.3709276758041105	0	0	91
36	0.1	75.0	[1]	{0}	2.888945672187386	2.469917756979327	2.469917756979327	0.0	0	273.1734057888388	226.8265942111612	0.8844332774281066	49	3	25	17.26356065209955	0.0	0	0	1
284	0.1	75.0	[1]	{2}	11.518899856476128	7.862266666261421	7.862266666261423	0.0	0	913.1612731143832	413.1612731143832	0.08731282501307987	50	4	27	16.27861326459795	0.0	0	0	4
346	0.1	75.0	[3]	{2}	2.46816173009803	2.174993800731067	2.1781172087093292	0.0	0	865.2218389324845	365.2218389324845	2.9583875098154997	117	71	93	55.676805757928626	2.624519373450827	0	0	69
98	0.1	75.0	[1]	{1}	6.423699040150789	4.668064239501828	4.668064239501828	0.0	0	916.9188304804264	416.91883048042644	0.3333333333333333	14	6	10	5.724649356156588	0.0	0	0	6
160	0.1	75.0	[1]	{1}	3.7563371703455197	2.735765148537587	2.735765148537587	0.0	0	892.4595839343965	392.4595839343965	0.9797958971132712	9	1	5	2.9347020803280177	0.0	0	0	1
470	0.1	75.0	[3]	{2}	4.192923836262773	3.1962855731782343	3.2790816445282385	0.0	0	918.1405347771944	418.1405347771944	0.5013351158613587	140	16	78	41.20131935693323	1.2731202918484101	0	0	16
408	0.1	75.0	[1]	{1}	4.970626502230168	4.743122806091899	4.743122806091899	0.0	0	890.0157904718072	390.01579047180724	1.3370139410692294	277	197	237	134.19735240101255	0.0	0	0	197
223	0.1	75.0	[3]	{1}	6.534298152690754	5.496483855274121	5.517913543487858	0.0	0	478.7650357466192	21.23496425338078	6.999549129447044	257	139	198	151.17972171583773	5.946689400590598	0	0	139
37	0.1	75.0	[3]	{0}	6.865412670578976	6.381601781495236	6.289760723134094	0.0	0	744.0996796358376	244.09967963583756	9.325502325176823	286	236	260	181.0724403658845	9.501853837372188	0	0	234
285	0.1	75.0	[3]	{1}	8.689616841681392	8.204077002688924	8.235870259499546	0.0	0	671.7177312821151	171.7177312821151	13.372661735187409	388	340	365	260.56049350152887	13.93440938870805	0	0	342
347	0.1	75.0	[1]	{2}	0.5652044186652494	0.5500855202281829	0.5500855202281829	0.0	0	786.3976852968336	286.39768529683363	0.42918850218717064	38	14	26	17.445250923469658	0.0	0	0	14
99	0.1	75.0	[1]	{2}	3.8235908653105115	3.7265005642220057	3.726500564222005	0.0	0	681.6881359554828	181.68813595548284	0.079154103925727	205	51	128	87.55830504489691	0.0	0	0	51
161	0.1	75.0	[1]	{2}	3.7118801813820115	2.8999392045063024	2.8999392045063024	0.0	0	39.78582564741373	460.21417435258627	0.6396021490668313	10	2	6	3.2037149538844822	0.0	0	0	2
471	0.1	75.0	[1]	{0}	4.231891546892371	3.03047523783116	3.03047523783116	0.0	0	197.9198157787324	302.0801842212676	0.724602291557813	67	3	35	23.344476499795917	0.0	0	0	3
409	0.1	75.0	[1]	{0}	1.549000705975745	1.218094032720261	1.2180940327202607	0.0	0	217.015789821744	282.98421017825603	1.504457662130396	15	9	12	8.97203157964349	0.0	0	0	9
224	0.1	75.0	[3]	{0}	2.6925493618564738	2.582491570110393	2.327312113606408	0.0	0	7.686922792345118	492.3130772076549	1.082343864118228	133	47	90	46.45082305131104	2.9815283392283796	0	0	47
38	0.1	75.0	[1]	{2}	8.439888450822504	6.733328026486129	6.733328026486129	0.0	0	936.6814149543642	436.6814149543642	0.7909649964604158	36	2	19	8.73741594577581	0.0	0	0	2
286	0.1	75.0	[2]	{2}	5.593319754887668	4.544583423751563	4.596576869229814	0.0	0	580.3835273254663	80.38352732546628	0.8894746269337411	198	56	127	95.6634683959391	2.4467341595339582	0	0	56
162	0.1	75.0	[1]	{1}	4.200536400308603	3.1756033746066032	3.1756033746066032	0.0	0	967.947461642325	467.94746164232504	1.9595917942265424	9	1	5	1.8562626917883749	0.0	0	0	1
472	0.1	75.0	[1]	{1}	5.3722491786277	4.2436273490658	4.2436273490658	0.0	0	162.84783976152545	337.15216023847455	0.0936585811581694	18	2	10	5.265478397615254	0.0	0	0	2
100	0.1	75.0	[1]	{2}	4.045326530308454	2.962486631245719	2.962486631245719	0.0	0	33.03150087594992	466.9684991240501	0.20475708983698054	55	7	31	15.377913525402544	0.0	0	0	7
348	0.1	75.0	[2]	{2}	5.946304757251006	5.236468967327545	5.207817848807692	0.0	0	376.8405485898256	123.15945141017443	0.2297856333999327	255	47	151	107.88606857372822	2.4672998168912543	0	0	47
410	0.1	75.0	[1]	{1}	1.7629879756434126	1.610875549838227	1.610875549838227	0.0	0	333.5064002312721	166.4935997687279	2.5023427936662825	64	16	40	28.00810240370036	0.0	0	0	16
225	0.1	75.0	[3]	{0}	9.177288645363362	7.32993735569066	7.46556461262214	0.0	0	113.94769628532224	386.05230371467775	1.1400684297077772	288	94	191	118.19241596137167	5.012103375110246	0	0	94
39	0.1	75.0	[1]	{1}	2.1590115216756827	1.8170716051671794	1.8170716051671794	0.0	0	500.4936615005137	0.49366150051372415	0.80483234405733	34	6	20	14.675961969003083	0.0	0	0	6
163	0.1	75.0	[1]	{0}	6.993093637735763	5.380843441715353	5.380843441715353	0.0	0	120.43441087007528	379.5655891299247	1.903065107854623	51	3	27	14.17412262827158	0.0	0	0	3
287	0.1	75.0	[1]	{2}	3.9291147037610648	3.0917942388267576	3.0917942388267576	0.0	0	719.7053271811457	219.70532718114566	0.3204013183975963	152	22	87	62.88384962248616	0.0	0	0	22
473	0.1	75.0	[1]	{2}	8.210927884886004	6.528015114645207	6.528015114645207	0.0	0	534.0086328797041	34.00863287970412	0.3602440110651468	128	2	65	48.379974101360894	0.0	0	0	2
101	0.1	75.0	[1]	{2}	5.0318390453770485	4.182562637328054	4.182562637328054	0.0	0	671.5037911199034	171.50379111990344	0.19808152231207143	195	25	110	76.3627422038466	0.0	0	0	25
349	0.1	75.0	[1]	{0}	9.302041469370637	8.273967566261566	8.273967566261566	0.0	0	737.732336856425	237.73233685642504	1.342450288762493	331	69	200	129.8074320818335	0.0	0	0	69
411	0.1	75.0	[1]	{2}	5.343419727945877	4.126313842517948	4.126313842517948	0.0	0	238.9421295374632	261.0578704625368	0.4178554470186725	32	0	16	10.235768518149852	0.0	0	0	0
226	0.1	75.0	[3]	{1}	6.5571140750450585	6.071455502322285	5.92186596494828	0.0	0	963.229461340234	463.229461340234	0.8055016908364112	286	188	237	132.40320688916927	8.355170781182698	0	0	188
40	0.1	75.0	[1]	{2}	1.8064764501998662	1.5267733437998299	1.5267733437998299	0.0	0	36.34109138511116	463.65890861488884	1.9204738479476167	84	44	64	34.42682984864712	0.0	0	0	44
164	0.1	75.0	[1]	{0}	5.822150613665414	4.2936990537968	4.2936990537968	0.0	0	436.6274871863424	63.37251281365758	0.6308205731624144	82	4	43	31.862882461559032	0.0	0	0	4
288	0.1	75.0	[1]	{2}	11.281837399758157	7.754309455246628	7.754309455246628	0.0	0	540.1210859417915	40.121085941791534	0.6201736729460423	23	3	13	9.353363257825375	0.0	0	0	3
350	0.1	75.0	[1]	{1}	7.30934081721668	5.64892459410362	5.64892459410362	0.0	0	996.145036071539	496.14503607153904	0.4656223803150602	92	6	49	22.087893232494594	0.0	0	0	6
474	0.1	75.0	[2]	{1}	4.4663193987212235	3.6245065106242866	3.6230745863342526	0.0	0	508.38763080537336	8.387630805373362	0.4876247973961346	169	9	89	66.2517587066442	1.5606334514002862	0	0	9
102	0.1	75.0	[2]	{2}	10.418279166334939	8.99393986216821	8.764642552984705	0.0	0	217.77236717753112	282.2276328224689	0.25609339530230474	301	81	191	123.09926164687242	4.367958174470214	0	0	81
412	0.1	75.0	[3]	{1}	3.1182533504600736	2.990455615183957	2.891053647781816	0.0	0	112.27188026532538	387.72811973467464	3.2171332724255817	150	112	130	76.18290682918577	4.6752793615106745	0	0	110
227	0.1	75.0	[2]	{2}	7.360503274824116	6.526492599892275	6.547748827534975	0.0	0	675.3613748587669	175.3613748587669	1.8168800953146145	275	17	145	100.0342736420892	2.9887110415757814	0	0	15
41	0.1	75.0	[1]	{1}	11.625170022547225	7.7604271223472825	7.7604271223472825	0.0	0	853.6224639974535	353.62246399745345	nan	0	0	0	0.0	0.0	0	0	0
165	0.1	75.0	[3]	{1}	5.158099721228008	4.728275016074241	4.766700772782199	0.0	0	824.7957534622402	324.7957534622402	7.909982734319882	254	204	230	147.64818602221078	7.303315302872935	0	0	206
289	0.1	75.0	[2]	{2}	6.981386415394546	6.529347296578777	6.371259494656931	0.0	0	230.46101024374377	269.5389897562562	0.8739237861093619	330	98	214	135.3242020487488	3.467078101316482	0	0	98
475	0.1	75.0	[2]	{2}	2.6655631653230625	2.181422217370484	2.185021479903778	0.0	0	985.4827544186264	485.4827544186264	0.6446361446727098	126	34	80	38.47134515534714	0.8596536776505825	0	0	34
103	0.1	75.0	[3]	{0}	4.371492740273805	3.511126496185807	3.671509808856214	0.0	0	936.9178323540835	436.91783235408354	0.6630700210121538	166	112	139	77.44810662044776	3.5102009186316394	0	0	112
351	0.1	75.0	[1]	{0}	5.039172816734344	4.331374992950192	4.331374992950192	0.0	0	423.246373422444	76.75362657755602	1.217508540725468	46	10	28	22.155985493689776	0.0	0	0	10
413	0.1	75.0	[1]	{1}	9.238499671971674	8.617451169132565	8.617451169132565	0.0	0	328.2439529430123	171.7560470569877	0.35694975474585694	36	6	21	15.561683482373137	0.0	0	0	6
228	0.1	75.0	[1]	{1}	11.07554154983144	8.242417052661299	8.2424170526613	0.0	0	41.900910437107086	458.0990895628929	1.9674996037855874	52	12	32	17.460225492238997	0.0	0	0	12
42	0.1	75.0	[2]	{2}	2.089922474505588	1.7153434790854074	1.6618945115988233	0.0	0	938.3135782554748	438.3135782554748	0.016589086726447985	89	9	49	27.443261821992678	0.738875578071402	0	0	9
166	0.1	75.0	[3]	{2}	9.169481061052641	8.27844039003476	8.20328501970226	0.0	0	113.90377837233248	386.09622162766755	6.302140088650021	359	221	291	175.37954257703004	10.804048300003897	0	0	223
290	0.1	75.0	[2]	{2}	3.710267043458679	3.147489085516464	3.1517173116519674	0.0	0	751.3355088885874	251.33550888858736	0.8962214298964416	165	69	117	73.21678462002986	1.313406825211995	0	0	69
352	0.1	75.0	[2]	{1}	6.403021962442203	4.84009874243956	4.907516992018264	0.0	0	719.5096109062434	219.50961090624344	0.630380558030059	185	25	105	75.20899062196911	2.013137207925019	0	0	25
104	0.1	75.0	[1]	{2}	6.278655289471858	5.240698686309382	5.240698686309382	0.0	0	334.0618573129178	165.93814268708218	1.3698023104710313	173	17	95	69.17254643282295	0.0	0	0	17
476	0.1	75.0	[3]	{2}	6.7923108095236895	5.938298336400328	6.1464220040900255	0.0	0	666.8868076521903	166.88680765219033	11.589945947801793	330	266	298	215.78694138991088	9.664605961664746	0	0	266
414	0.1	75.0	[1]	{2}	4.226908520247774	3.9442108227832153	3.9442108227832153	0.0	0	682.2212473489344	182.2212473489344	0.2840344223402953	88	2	45	32.476796300370246	0.0	0	0	2
229	0.1	75.0	[2]	{1}	3.211596285459274	2.4856421221075964	2.5205044598284863	0.0	0	667.1272199600936	167.1272199600936	1.3276934074449047	138	26	82	55.994147881835694	1.1233039215418283	0	0	26
43	0.1	75.0	[2]	{2}	6.916174444091211	5.887615732559735	5.832778224940767	0.0	0	820.5576280597598	320.55762805975985	1.4104168219811224	232	86	160	97.63281681551412	2.5457601112825774	0	0	88
167	0.1	75.0	[2]	{1}	3.047757962993738	2.3958467375053645	2.637324047828853	0.0	0	991.1201840732248	491.1201840732248	0.15646004302380206	148	130	139	69.29029441382173	1.6051318634836251	0	0	130
291	0.1	75.0	[3]	{1}	3.0165998314116083	2.7967155094614307	2.848563543934584	0.0	0	876.6852193512026	376.6852193512026	6.290043710273394	164	158	161	100.27123626499247	4.826552232463001	0	0	158
105	0.1	75.0	[3]	{0}	1.6055847019676688	1.3811057470888732	1.3807238664440304	0.0	0	503.6811088211832	3.6811088211832157	5.243836733604244	117	59	88	65.41472443528474	1.5160233759977113	0	0	59
477	0.1	75.0	[1]	{1}	5.3164932182509395	4.096055181714936	4.096055181714936	0.0	0	709.6281412523242	209.6281412523242	0.5097970656333186	16	4	10	6.149974869981406	0.0	0	0	4
415	0.1	75.0	[2]	{1}	2.9405771883595526	2.573635748827992	2.5574340921499474	0.0	0	545.4904919024558	45.4904919024558	2.4401184187604756	127	19	73	55.91612918419576	1.44330028989428	0	0	19
353	0.1	75.0	[1]	{0}	7.45840013628861	6.753690744850088	6.753690744850088	0.0	0	77.72623561322689	422.2737643867731	0.3133397807202561	10	0	5	2.836178706839681	0.0	0	0	0
230	0.1	75.0	[1]	{0}	5.643084359591243	3.907401685991352	3.907401685991352	0.0	0	291.5324824862181	208.4675175137819	0.148969892882781	47	1	24	18.29125985988975	0.0	0	0	1
44	0.1	75.0	[3]	{2}	3.3739799092572715	2.9837503917283	3.0010318702746135	0.0	0	146.4554644189775	353.5445355810225	5.067450003618241	159	121	140	88.63645737073571	3.8132561335816835	0	0	121
168	0.1	75.0	[3]	{1}	2.4288064173694006	1.8703676684131159	1.9550232184414118	0.0	0	328.1356007792058	171.8643992207942	2.7537871974425463	87	37	61	40.649288430389035	1.5599190057747785	0	0	35
106	0.1	75.0	[3]	{0}	1.6059092701594342	1.2399757293774405	1.3620015151472664	0.0	0	44.0196113195268	455.9803886804732	1.5652010569670445	88	74	81	44.442549294242625	1.5281684168720375	0	0	74
292	0.1	75.0	[2]	{1}	4.069991114705121	3.5160503718823595	3.544529849574902	0.0	0	398.1745063792916	101.82549362070841	1.3078750995928257	195	41	118	85.02186643379184	1.7892233630028436	0	0	41
478	0.1	75.0	[2]	{2}	1.7249270724499384	1.4254265939390662	1.4252995492590232	0.0	0	515.0195932947099	15.01959329470992	1.0883933558738774	78	10	43	32.403333086010065	0.5712946095852403	0	0	8
416	0.1	75.0	[1]	{2}	1.7726906533050064	1.288770720693597	1.2887707206935972	0.0	0	729.8744525760411	229.8744525760411	0.7505683356701914	18	0	9	7.090627737119794	0.0	0	0	0
354	0.1	75.0	[3]	{0}	4.185167465530709	3.5948055856313843	3.6508178322928675	0.0	0	330.752515932545	169.247484067455	9.06731080713964	213	153	182	131.79160566916676	4.4264866350627585	0	0	151
231	0.1	75.0	[2]	{1}	2.789017625181314	2.3198047583866286	2.4162062110270064	0.0	0	200.2624978777022	299.73750212229777	1.9936111655920672	140	80	110	70.27409981323781	1.3433169887705765	0	0	80
45	0.1	75.0	[1]	{2}	8.108671502219027	5.495223476108979	5.495223476108979	0.0	0	883.9510339312257	383.95103393122565	0.0	27	1	14	9.241489660687744	0.0	0	0	1
169	0.1	75.0	[1]	{0}	8.255931571121511	6.382613951923382	6.382613951923382	0.0	0	728.2576633151618	228.25766331516184	0.0847184155447923	148	0	75	48.961859170926736	0.0	0	0	2
107	0.1	75.0	[2]	{0}	4.76199371936861	4.315918952697877	4.314121391208768	0.0	0	487.7344402484596	12.265559751540422	1.339881753915773	238	18	129	99.20504145937788	2.0796780949591094	0	0	20
293	0.1	75.0	[1]	{2}	11.141376899704547	9.124310051538172	9.12431005153817	0.0	0	654.5938160270454	154.59381602704536	1.594467949608283	26	4	15	10.040218551918864	0.0	0	0	4
479	0.1	75.0	[1]	{2}	5.1470514218267684	5.071754439432025	5.071754439432025	0.0	0	287.36268798820686	212.63731201179314	1.6139444897595776	279	133	206	138.1300868456886	0.0	0	0	133
417	0.1	75.0	[1]	{2}	7.304683169527135	6.080438091431	6.080438091431	0.0	0	282.9108471050859	217.0891528949141	0.3718678720805473	55	3	29	21.6653759297356	0.0	0	0	3
355	0.1	75.0	[1]	{0}	5.210435343859233	4.236138022208834	4.236138022208834	0.0	0	46.01559368893504	453.98440631106496	0.6804290561004256	46	10	28	15.289405435912311	0.0	0	0	10
232	0.1	75.0	[1]	{0}	2.871516388042057	2.255952731837925	2.255952731837925	0.0	0	330.7008582632989	169.29914173670107	0.025645768270427343	105	3	54	37.569820598319176	0.0	0	0	3
170	0.1	75.0	[3]	{1}	1.4645698535364178	1.1870599533298252	1.1869815777453587	0.0	0	503.5739953164012	3.573995316401181	1.9131338305769607	46	16	31	22.646165957847607	0.7303629039830538	0	0	16
46	0.1	75.0	[1]	{2}	6.98728609755928	5.1370443897129014	5.1370443897129014	0.0	0	28.30256335437292	471.6974366456271	1.2623322977196054	175	5	90	46.894415321767326	0.0	0	0	5
108	0.1	75.0	[1]	{1}	4.420173897738547	3.6450538004310933	3.6450538004310933	0.0	0	708.2765768282118	208.27657682821177	1.9412754931256138	134	18	76	50.56249008052794	0.0	0	0	18
294	0.1	75.0	[3]	{2}	4.686965513785665	3.4766206351521927	3.7791033327730883	0.0	0	137.6107377000153	362.3892622999847	0.6018199012680067	181	77	129	76.2105704093016	2.9457235912583695	0	0	77
418	0.1	75.0	[3]	{0}	1.7851900367925053	1.4663630905733562	1.4884909337146675	0.0	0	625.7332356180997	125.73323561809968	3.1939004367700634	79	41	60	45.251868816401796	1.3727776546218116	0	0	41
480	0.1	75.0	[1]	{1}	7.259672026922062	5.434966987109701	5.434966987109701	0.0	0	711.651812773198	211.651812773198	0.37238748458083104	69	3	36	25.638874621175223	0.0	0	0	3
356	0.1	75.0	[2]	{2}	5.111851402226941	4.315217934294978	4.3876366205131125	0.0	0	809.9753013812007	309.97530138120067	0.08538283907224815	218	106	162	101.43060599834475	2.0653381983971872	0	0	106
233	0.1	75.0	[1]	{0}	11.181819419016263	8.281180821408343	8.281180821408343	0.0	0	764.495264273137	264.49526427313697	0.4898979485566356	9	3	6	4.132009471453726	0.0	0	0	3
171	0.1	75.0	[1]	{1}	1.2498695983935793	1.0171621367908563	1.0171621367908563	0.0	0	938.1448570638896	438.1448570638896	0.29277002188455997	9	5	7	3.839986000552773	0.0	0	0	5
47	0.1	75.0	[2]	{2}	1.8073727895186111	1.4242954906640926	1.4299904511281263	0.0	0	642.4493899103254	142.4493899103254	0.27334360401933383	72	6	39	27.827461591703813	0.5662828900276999	0	0	6
109	0.1	75.0	[1]	{0}	2.428585213877926	1.949453887627281	1.949453887627281	0.0	0	639.6868873853236	139.68688738532364	0.0	15	1	8	6.059626225229352	0.0	0	0	1
295	0.1	75.0	[2]	{0}	2.4003058640797343	2.123450820311257	2.1724576045184207	0.0	0	273.5303281806409	226.46967181935912	0.4566466574863059	102	44	73	46.03865330082548	1.188699140724408	0	0	44
481	0.1	75.0	[1]	{1}	10.538462473471501	9.12215220158058	9.12215220158058	0.0	0	908.1754577346146	408.1754577346146	1.4427864197660112	62	10	36	23.831736267961563	0.0	0	0	10
419	0.1	75.0	[2]	{0}	3.3257726019116185	2.745910851066409	2.7291449888382338	0.0	0	758.3363323938099	258.3363323938099	0.019113629903539223	124	32	79	51.392156388765244	1.1311580462994868	0	0	34
357	0.1	75.0	[1]	{2}	11.059442444253618	8.97516690103296	8.97516690103296	0.0	0	591.3759749382735	91.37597493827354	1.1430952132988164	19	7	13	9.28987207518518	0.0	0	0	7
234	0.1	75.0	[3]	{1}	5.555461836326016	4.657725244306846	4.6388358234832126	0.0	0	469.1875693388284	30.812430661171618	5.04306054164574	230	86	158	118.89974916793412	4.390961033000457	0	0	86
172	0.1	75.0	[1]	{0}	6.867152454070775	6.065484579938261	6.065484579938261	0.0	0	52.00757831335056	447.99242168664944	1.0929181332940492	59	5	32	17.39819703614711	0.0	0	0	5
48	0.1	75.0	[2]	{1}	5.490454062206866	4.377005275973694	4.823265916420436	0.0	0	929.090962279588	429.090962279588	2.3041733089214675	246	214	230	119.83262444937235	3.11805296083129	0	0	214
110	0.1	75.0	[1]	{2}	16.32004883762849	11.397459536121822	11.397459536121822	0.0	0	898.5523045994343	398.55230459943425	0.3328201177351375	25	5	15	9.528924649406225	0.0	0	0	5
420	0.1	75.0	[3]	{2}	5.961849291164128	5.081968126583724	5.1653603865355056	0.0	0	773.3974938746543	273.3974938746543	7.250639423377719	260	148	204	134.4386606370359	5.856809380322079	0	0	148
482	0.1	75.0	[1]	{1}	1.8692770797531655	1.7981582253360704	1.7981582253360704	0.0	0	751.9070133566858	251.90701335668575	1.6498116800442826	96	20	58	38.00002127873896	0.0	0	0	20
296	0.1	75.0	[1]	{0}	6.9547926934521875	6.765381382816728	6.765381382816728	0.0	0	186.76063744351268	313.2393625564873	1.1262218413547886	353	185	270	154.9743295599743	0.0	0	0	187
358	0.1	75.0	[3]	{0}	3.0069623904193383	2.3870040105159154	2.5022879058140477	0.0	0	77.2266259882598	422.7733740117402	1.8682358017373626	134	80	107	61.97607621690815	2.249213756886192	0	0	80
235	0.1	75.0	[2]	{0}	1.3554244688705652	1.1935661218879972	1.1318075425823255	0.0	0	971.4550690259784	471.45506902597845	1.2259757070866244	65	21	44	23.02797696285695	0.5850909922814069	0	0	23
173	0.1	75.0	[1]	{0}	4.192517460631427	3.9019118785195	3.9019118785195	0.0	0	305.0490836612879	194.9509163387121	0.7990041660482395	201	55	128	86.52710470077395	0.0	0	0	55
111	0.1	75.0	[3]	{2}	3.000262308087405	2.787469144887687	2.7868187643623146	0.0	0	434.6986475866289	65.30135241337109	9.01267960897219	180	136	158	114.08758918069302	4.302935945635481	0	0	136
49	0.1	75.0	[3]	{1}	4.797377570948965	4.4585756589598695	4.465017545365605	0.0	0	614.0548852272334	114.0548852272334	10.297919097352338	256	204	231	169.82320085341104	6.992355520179345	0	0	206
421	0.1	75.0	[1]	{0}	5.755307264386763	4.676506945580447	4.676506945580447	0.0	0	854.9006823450328	354.9006823450328	0.8660254037844387	8	2	5	2.2392979529649013	0.0	0	0	2
297	0.1	75.0	[1]	{0}	7.951340992685317	7.0984542321993604	7.0984542321993604	0.0	0	527.9825867619367	27.98258676193666	0.8912014470589795	296	32	164	118.20488062971087	0.0	0	0	32
483	0.1	75.0	[2]	{1}	3.6968034229845115	3.3510722628029264	3.4397507266877847	0.0	0	278.9888423867526	221.0111576132474	2.4466158588143028	228	126	177	113.2591366785877	1.9925887754072673	0	0	126
359	0.1	75.0	[1]	{0}	2.311311123291804	2.041422658795394	2.041422658795394	0.0	0	920.8284397609532	420.8284397609532	0.6123724356957945	33	1	17	9.831573403585702	0.0	0	0	1
236	0.1	75.0	[1]	{1}	7.646942553763976	5.271902132073654	5.271902132073654	0.0	0	176.40779865905648	323.5922013409435	0.5613608914238398	33	5	19	12.094301382567735	0.0	0	0	5
112	0.1	75.0	[3]	{0}	7.818764362413156	6.640354775904556	6.683647070381953	0.0	0	924.3953870609404	424.3953870609404	4.108594547903668	260	142	201	113.82492423143233	6.6585997312729175	0	0	142
422	0.1	75.0	[3]	{2}	7.135065039967245	5.681059951409212	5.597394039336132	0.0	0	142.6198671106249	357.3801328893751	1.8833008846762171	249	53	152	91.897466179505	2.2028710931923743	0	0	55
484	0.1	75.0	[2]	{2}	4.152322378345404	3.475298152015291	3.660965862931457	0.0	0	896.6230137739332	396.62301377393317	1.4425303341878746	201	147	175	97.25320272730107	2.052926049645412	0	0	149
298	0.1	75.0	[1]	{0}	5.892138580943794	4.244423344344739	4.244423344344739	0.0	0	122.73840513080364	377.26159486919636	0.45620741787613245	83	3	43	25.50436736931652	0.0	0	0	3
50	0.1	75.0	[2]	{2}	3.774303775466215	2.9699556046577364	3.3308858501820757	0.0	0	65.9421135205776	434.0578864794224	3.3618377172523886	183	165	173	92.7595645038541	2.2752595648329947	0	0	163
174	0.1	75.0	[2]	{1}	3.9242882826705303	3.198482496348273	3.320575765357917	0.0	0	840.5982106924059	340.5982106924059	0.167506302543202	153	69	111	63.44258072006701	1.7168987714613873	0	0	69
360	0.1	75.0	[2]	{1}	4.340980728565115	3.536887988629578	3.5974407893034726	0.0	0	34.46066216565679	465.5393378343432	0.28612541860331564	194	88	141	78.26618939236364	1.5570206376813158	0	0	88
237	0.1	75.0	[3]	{1}	8.81249498346382	8.565633981138305	8.541738731547674	0.0	0	80.51689132116748	419.48310867883254	6.123065525479278	402	364	383	216.92802346202177	15.515903507689895	0	0	364
175	0.1	75.0	[1]	{2}	9.786195864061451	6.849093539294033	6.849093539294033	0.0	0	266.92697359249007	233.07302640750993	0.03244428422615251	37	1	19	14.342780920777468	0.0	0	0	1
113	0.1	75.0	[1]	{2}	3.0224417678967086	2.310421434717155	2.310421434717155	0.0	0	35.579585703089805	464.42041429691017	0.32866504370500776	102	12	56	30.08829762796686	0.0	0	0	10
51	0.1	75.0	[2]	{0}	1.7419236054107567	1.4648037629007318	1.4158007280553184	0.0	0	24.08621902577568	475.9137809742243	2.207643543814798	73	25	49	27.75005229421146	0.6478051280623329	0	0	25
423	0.1	75.0	[1]	{0}	5.364631870127006	4.148652306459572	4.148652306459571	0.0	0	672.3039955832063	172.3039955832063	0.5490699705067791	118	10	64	47.205136070668715	0.0	0	0	10
299	0.1	75.0	[3]	{2}	11.019784467771249	9.401143627058623	9.422148659111622	0.0	0	436.6235816851259	63.376418314874115	6.477972825532178	350	170	260	195.69570745055384	9.589915396865004	0	0	170
485	0.1	75.0	[2]	{1}	4.269683704489058	3.4550238060831147	3.5024598944142795	0.0	0	555.5979816708714	55.59798167087138	3.047305783868154	167	55	111	82.864678714836	2.220816070327976	0	0	55
361	0.1	75.0	[1]	{2}	2.339399390993489	1.7289632542958016	1.7289632542958016	0.0	0	531.3856203574687	31.385620357468724	0.4848732213850611	49	3	26	21.732771240714936	0.0	0	0	3
238	0.1	75.0	[1]	{1}	1.8702596437395695	1.2684310998973505	1.2684310998973505	0.0	0	816.4584385231138	316.45843852311384	0.2449489742783178	9	1	5	4.031624684430659	0.0	0	0	1
114	0.1	75.0	[3]	{2}	0.9640459530051412	0.8387361902340805	0.8374577144499059	0.0	0	493.8495056703687	6.150494329631272	5.283811831148682	55	41	48	37.00090296597779	1.123251530915083	0	0	41
176	0.1	75.0	[1]	{1}	3.5417727384230147	2.7427936625482037	2.7427936625482037	0.0	0	851.5941672958435	351.5941672958435	1.0	8	4	6	4.134623330816626	0.0	0	0	4
52	0.1	75.0	[1]	{1}	11.158224504796525	10.658915979695081	10.658915979695081	0.0	0	87.91922172531483	412.08077827468514	1.224744871391589	15	9	12	7.139353773802519	0.0	0	0	9
424	0.1	75.0	[1]	{0}	7.567650666958012	5.623035665437068	5.623035665437068	0.0	0	939.690641593188	439.69064159318805	1.7540439761506181	149	3	76	42.0065615044087	0.0	0	0	3
300	0.1	75.0	[1]	{0}	3.911254420391677	2.7815063744936555	2.7815063744936555	0.0	0	664.10216037184	164.10216037184	0.28867513459481287	17	1	9	6.6284891981408	0.0	0	0	1
486	0.1	75.0	[1]	{2}	6.564658313059885	4.966156143613022	4.966156143613022	0.0	0	191.9492152519524	308.0507847480476	0.49543369430686224	21	5	13	8.006441367771476	0.0	0	0	5
362	0.1	75.0	[1]	{1}	5.442745277559939	3.886844787898948	3.886844787898948	0.0	0	56.9413010962308	443.0586989037692	1.0	13	1	7	3.7685891076736153	0.0	0	0	1
239	0.1	75.0	[3]	{1}	3.759861620527219	3.456708589306018	3.5196202305675923	0.0	0	10.619139764457968	489.38086023554206	1.9470987911282813	204	182	193	98.90954085642474	5.726345659885847	0	0	182
115	0.1	75.0	[1]	{2}	3.3973310458688566	3.3141026145620494	3.3141026145620494	0.0	0	487.0735604781658	12.926439521834197	0.7535450738718249	184	2	93	69.08666415681877	0.0	0	0	2
177	0.1	75.0	[2]	{0}	2.312239936065921	1.9297211464524526	1.9138266090637852	0.0	0	270.88524750433857	229.11475249566143	1.9830551608837912	108	38	73	49.693147622721256	0.8270803379033929	0	0	38
53	0.1	75.0	[1]	{1}	5.930209521669527	4.577372850615736	4.577372850615735	0.0	0	122.84088321030144	377.15911678969854	1.15507873896585	94	2	47	27.528749145939955	0.0	0	0	0
425	0.1	75.0	[1]	{2}	3.876911851704261	2.8976833970797364	2.897683397079736	0.0	0	779.4429138302802	279.4429138302802	0.033389028164708894	22	0	11	8.66644291383028	0.0	0	0	0
301	0.1	75.0	[3]	{1}	4.763360702420007	4.21156042638097	4.242059751803408	0.0	0	417.1144238207492	82.88557617925079	9.069546291433209	214	162	188	141.54603464811296	5.72428283418744	0	0	162
487	0.1	75.0	[3]	{0}	3.62532849356577	3.1605948031140327	3.196094476246124	0.0	0	249.05669083818776	250.94330916181224	6.234914925942342	167	127	147	103.51247857621681	3.9582497605127065	0	0	127
363	0.1	75.0	[1]	{2}	3.181750327914752	2.4155782276965074	2.415578227696507	0.0	0	343.05407968349755	156.94592031650245	1.3272217656353258	77	11	44	32.339540796834974	0.0	0	0	11
240	0.1	75.0	[2]	{0}	4.590782070283595	3.6735733236720276	3.751032922418043	0.0	0	615.3964295517652	115.39642955176521	4.543349937120359	195	73	134	95.90962850868708	2.1268896810502165	0	0	73
116	0.1	75.0	[3]	{0}	1.1059471281303908	1.0510232790270018	1.064397805831351	0.0	0	924.842395354062	424.842395354062	2.1673413254613663	75	69	72	43.54808669734003	1.9109808269971986	0	0	69
178	0.1	75.0	[1]	{0}	7.166005448226878	4.972437408041564	4.972437408041564	0.0	0	660.2108161896466	160.2108161896466	1.383496476323666	31	5	18	11.87073510286212	0.0	0	0	5
54	0.1	75.0	[3]	{1}	4.62152139755663	3.9468449743358844	3.775184251748803	0.0	0	338.8465009629729	161.15349903702707	4.8080600240812785	175	59	118	91.2776139961481	3.5375457242913897	0	0	61
426	0.1	75.0	[1]	{1}	1.8363782926899601	1.5746962929318649	1.5746962929318649	0.0	0	849.8168059159073	349.81680591590725	0.28694631761737766	84	22	53	31.275510957447796	0.0	0	0	22
302	0.1	75.0	[2]	{0}	7.128610177116709	5.804018270878732	6.1692962983583595	0.0	0	771.6778460890052	271.67784608900524	4.504363128472007	275	179	227	144.23895416571207	3.9495175771062225	0	0	179
488	0.1	75.0	[1]	{0}	7.396197870642213	5.049267943805216	5.049267943805216	0.0	0	77.83030485734338	422.1696951426566	nan	2	2	2	1.4366606097146868	0.0	0	0	2
364	0.1	75.0	[1]	{2}	5.30653301960531	3.984382516446474	3.984382516446474	0.0	0	851.6304092481732	351.63040924817324	0.3762981997681124	61	11	36	23.134130996540183	0.0	0	0	11
241	0.1	75.0	[2]	{0}	2.807967173592556	2.253678281987799	2.2525137101792785	0.0	0	538.1042566150426	38.10425661504257	1.0225844768749812	107	13	60	44.91029364553091	0.8790928980432193	0	0	13
117	0.1	75.0	[3]	{2}	6.617935111499445	6.029344916627602	5.965015648701761	0.0	0	960.4114126414062	460.4114126414062	1.500231541489703	295	207	251	131.25360933040082	8.152235791983781	0	0	207
55	0.1	75.0	[1]	{2}	4.467039889791401	4.227310377188836	4.227310377188836	0.0	0	318.10834491625417	181.89165508374583	1.3887301496588271	6	2	4	2.2882166898325087	0.0	0	0	2
179	0.1	75.0	[1]	{2}	2.3338193299368513	2.191709830124618	2.191709830124618	0.0	0	678.854652447626	178.854652447626	0.3847561791234831	103	13	57	40.24421507901884	0.0	0	0	11
427	0.1	75.0	[2]	{0}	2.409508847909933	1.8971668514736306	1.8927253787567184	0.0	0	519.8872294276954	19.887229427695388	1.4405535284927442	88	12	50	36.75900000000001	0.9113038596219034	0	0	12
489	0.1	75.0	[3]	{1}	2.5139414810150957	2.366494227464568	2.40530956875721	0.0	0	127.14553670957694	372.85446329042304	6.223238436230663	160	150	155	94.22473672160137	4.262930860024086	0	0	150
303	0.1	75.0	[1]	{0}	5.485600730613576	4.944230060169158	4.944230060169158	0.0	0	66.1568352952599	433.8431647047401	0.5773502691896258	5	1	3	1.03247050588578	0.0	0	0	1
365	0.1	75.0	[1]	{2}	8.624970520989883	8.365009325020942	8.365009325020942	0.0	0	753.2635282259434	253.26352822594345	0.5599970015878523	367	159	263	160.64390852819187	0.0	0	0	159
242	0.1	75.0	[1]	{1}	11.822146680588892	7.986705222904611	7.986705222904611	0.0	0	237.44646552950135	262.5535344704987	1.5491933384829668	4	0	2	1.4028929310590026	0.0	0	0	0
118	0.1	75.0	[1]	{0}	7.265267748498548	5.393993681458172	5.393993681458172	0.0	0	374.2891252040864	125.71087479591358	1.1247478274013294	48	2	25	16.88660212683677	0.0	0	0	2
56	0.1	75.0	[1]	{1}	2.4653710712812753	2.1474736096926152	2.1474736096926152	0.0	0	466.0667926073076	33.933207392692395	0.28015776286411065	87	9	48	37.79086641478537	0.0	0	0	9
180	0.1	75.0	[1]	{2}	2.323906637648837	2.238974768250527	2.238974768250527	0.0	0	642.5938485190272	142.59384851902723	0.7071067811865476	35	1	18	12.773000000000003	0.0	0	0	1
428	0.1	75.0	[3]	{2}	8.995489672996452	8.297116342611032	8.264882473839387	0.0	0	148.03565572947264	351.96434427052736	6.6509268723199675	392	290	341	219.6593077849672	12.237704520412617	0	0	290
304	0.1	75.0	[2]	{2}	2.735950333794632	2.3707084657435713	2.3668125331762617	0.0	0	778.6098886281253	278.6098886281253	1.1418989123992884	160	42	101	63.36784080307185	1.012820834656515	0	0	42
490	0.1	75.0	[2]	{2}	2.4021374306379113	1.8579374359485157	1.9292250526776824	0.0	0	690.4296569991858	190.4296569991858	2.269846086822108	105	49	77	53.51680612103826	1.1025077795265354	0	0	49
366	0.1	75.0	[1]	{2}	5.413116335105842	4.571053835738786	4.571053835738786	0.0	0	300.6693657953292	199.3306342046708	0.9017042562824235	175	11	93	67.56347638715249	0.0	0	0	11
243	0.1	75.0	[1]	{1}	12.090045241687088	8.867474738213971	8.867474738213973	0.0	0	626.5670345164837	126.56703451648366	0.5683182777759105	34	0	17	12.844432965483515	0.0	0	0	0
119	0.1	75.0	[1]	{1}	4.1672987679059466	3.3321982636168	3.3321982636168	0.0	0	993.3978887274864	493.39788872748636	0.14985372985307105	107	5	56	30.523718231260762	0.0	0	0	5
57	0.1	75.0	[1]	{2}	3.3633857399499076	2.4883184185681193	2.4883184185681197	0.0	0	688.7571867555381	188.7571867555381	1.8160003146632833	75	11	43	30.80467094568908	0.0	0	0	11
181	0.1	75.0	[2]	{1}	5.362557417197461	4.536162610323521	4.653248177884201	0.0	0	219.4266528822483	280.5733471177517	1.1359435279993717	202	92	148	95.4106384285763	2.3892777017439886	0	0	94
429	0.1	75.0	[3]	{1}	4.848927776082401	3.7123957957976446	3.763617690303951	0.0	0	827.7124259620907	327.7124259620907	1.3127375131355665	189	35	112	66.94915621918437	1.1716762156828724	0	0	35
491	0.1	75.0	[1]	{1}	4.221662466971931	3.881879960176567	3.881879960176567	0.0	0	553.804286522791	53.80428652279102	0.15328483487124145	37	1	19	14.573587140431627	0.0	0	0	1
305	0.1	75.0	[3]	{0}	3.7900502520525046	2.840798303751767	3.1617082786487267	0.0	0	933.1256980076432	433.1256980076432	0.7261497785004585	162	122	142	81.0929106550217	3.2942812138019604	0	0	122
367	0.1	75.0	[1]	{0}	3.2995400269747006	2.3632789841809885	2.3632789841809885	0.0	0	890.1824820786716	390.18248207867157	0.32362066185709415	54	4	29	16.63043794803321	0.0	0	0	4
244	0.1	75.0	[2]	{0}	4.35239613125572	3.3203871421723496	3.428591500927803	0.0	0	27.895995881408453	472.10400411859155	0.5553722380058476	157	65	112	60.37318357166647	1.4815894552690372	0	0	67
120	0.1	75.0	[3]	{1}	2.3286741985303605	1.8968604409712706	1.9050063979233383	0.0	0	552.1009147632868	52.10091476328682	4.5507622288302505	109	55	82	59.9913853637874	1.4243555877745475	0	0	55
58	0.1	75.0	[1]	{1}	8.580309503394181	6.263565459962882	6.263565459962882	0.0	0	115.4030044563116	384.5969955436884	1.140737503232909	115	13	64	38.26215022281558	0.0	0	0	13
182	0.1	75.0	[3]	{0}	5.722955588264098	4.6883590633665975	4.627733176571715	0.0	0	601.2940115761008	101.29401157610084	3.71951413068973	211	65	138	99.99647186108682	3.282645910142018	0	0	65
492	0.1	75.0	[3]	{1}	4.296081459183542	3.6697940716495427	3.6317783974259283	0.0	0	128.12827853485948	371.8717214651405	2.8986840179989177	193	85	139	83.40921268909058	3.3799663486932072	0	0	85
430	0.1	75.0	[2]	{2}	3.221226857475332	2.8020732898504583	2.641936463277532	0.0	0	857.1459471713753	357.14594717137527	0.08063242090863514	125	3	63	43.794183743344625	1.4797022695311148	0	0	1
306	0.1	75.0	[2]	{0}	4.123610627184646	3.666908039566138	3.6529380668747597	0.0	0	537.9449864849447	37.94498648494471	2.734049657273697	216	14	115	87.24753414855151	1.9592966132675087	0	0	14
245	0.1	75.0	[3]	{1}	2.2654525925179483	1.779097086156606	1.7790039978859475	0.0	0	324.86972352489846	175.13027647510154	1.1635228671930409	83	19	51	38.5648275117241	0.6398479652590664	0	0	19
368	0.1	75.0	[3]	{2}	7.270545911679925	6.046732741081003	6.045975346614121	0.0	0	559.3861481174828	59.386148117482776	7.113845414917112	261	125	193	141.78902940835818	4.757281025559857	0	0	125
121	0.1	75.0	[1]	{2}	5.6293272274220865	4.0147955016093135	4.0147955016093135	0.0	0	165.7850155606866	334.2149844393134	0.4106209329318194	88	8	48	30.3328305913061	0.0	0	0	8
183	0.1	75.0	[3]	{0}	3.4196412363160786	2.9388617241457404	2.9702924624545424	0.0	0	676.1182686313985	176.11826863139845	8.160205299825602	150	118	134	93.4200865684301	3.42295609786211	0	0	118
59	0.1	75.0	[1]	{0}	6.5368669305396105	6.065960637453836	6.065960637453836	0.0	0	445.8630061708391	54.13699382916087	0.04771809241275794	275	19	147	109.52553356154638	0.0	0	0	19
493	0.1	75.0	[3]	{1}	4.020059328212362	3.3012609194481244	3.2528935791121714	0.0	0	897.9926612228156	397.9926612228156	1.6093986620146858	169	61	116	67.51566048994663	2.0243208852425325	0	0	63
431	0.1	75.0	[1]	{2}	3.8120617421838214	2.6222646775167657	2.6222646775167657	0.0	0	215.9731248393655	284.0268751606345	2.064098883697356	16	0	8	6.383784998714924	0.0	0	0	0
307	0.1	75.0	[3]	{1}	7.016189867437806	6.004161979804563	5.85704803441921	0.0	0	177.4974018335343	322.5025981664657	3.082778321304467	269	91	180	119.86772459435468	5.21540866823503	0	0	91
246	0.1	75.0	[3]	{1}	4.779661836780607	4.084577042864055	4.083259419102458	0.0	0	371.30815209820895	128.69184790179105	7.249946235059277	231	137	184	136.30987282169616	3.9983429275333124	0	0	137
369	0.1	75.0	[1]	{2}	2.352223041711412	2.285514082299352	2.285514082299352	0.0	0	793.3623546268792	293.3623546268792	0.7770803021794487	151	79	115	73.72577863641642	0.0	0	0	79
122	0.1	75.0	[1]	{1}	7.602456540103978	5.591195765098061	5.59119576509806	0.0	0	883.6090564727783	383.6090564727783	0.5094267081084933	101	1	52	32.786073966979984	0.0	0	0	3
184	0.1	75.0	[3]	{0}	3.9767625847546224	3.5909915140850517	3.574442867988955	0.0	0	566.5714433416721	66.57144334167208	8.936750273905433	184	136	160	120.07442845326662	4.983552192832562	0	0	136
60	0.1	75.0	[1]	{1}	3.269873534763251	2.435061624583211	2.435061624583211	0.0	0	201.6483475454152	298.35165245458484	1.5726659648236176	44	0	22	13.255670255817469	0.0	0	0	0
494	0.1	75.0	[3]	{0}	3.3497890848773153	2.9846523741177826	2.7863355568645307	0.0	0	812.8253791946918	312.8253791946918	2.624258197092456	115	29	72	49.12623862415925	2.8259036797252763	0	0	29
432	0.1	75.0	[1]	{1}	5.056480698480268	3.57368433392038	3.57368433392038	0.0	0	117.36602429300552	382.6339757069945	0.5957136697998496	42	8	26	16.092052534446122	0.0	0	0	10
308	0.1	75.0	[1]	{0}	3.6013793600671273	2.777598812406531	2.777598812406531	0.0	0	505.62228076159926	5.6222807615992565	0.3083292649616029	139	5	72	55.92353263086081	0.0	0	0	5
247	0.1	75.0	[2]	{1}	1.8111926614099925	1.6401435560239108	1.634507408489841	0.0	0	473.2486552093179	26.751344790682083	2.1993730058584267	113	11	62	46.879053791627285	0.93959759011424	0	0	11
370	0.1	75.0	[1]	{0}	10.39448024775002	9.77996736642287	9.77996736642287	0.0	0	120.8902269136161	379.1097730863839	0.07570245538821155	381	221	300	174.2593853511213	0.0	0	0	219
123	0.1	75.0	[3]	{1}	2.7833615036052537	2.097036950127052	2.1526081116906783	0.0	0	227.9431414790453	272.05685852095473	0.9870506602236551	89	15	52	35.16129424437137	0.724958914059946	0	0	15
185	0.1	75.0	[1]	{2}	5.965182657276435	5.501562021705441	5.501562021705441	0.0	0	174.80643745511782	325.1935625448822	0.787052613616828	251	131	190	116.2031587419213	0.0	0	0	129
61	0.1	75.0	[1]	{0}	3.2481846779294656	3.0447325968946726	3.0447325968946726	0.0	0	564.5266410429031	64.52664104290307	0.41286141192238524	19	5	12	9.498999999999999	0.0	0	0	5
495	0.1	75.0	[3]	{0}	4.3656377386554865	3.954350107950319	3.901922974528341	0.0	0	272.84957515075786	227.15042484924214	7.584108447843839	212	140	176	123.7948685611561	5.252360953839252	0	0	140
433	0.1	75.0	[3]	{1}	7.4873394203148065	6.460606711364536	6.401997944419526	0.0	0	794.0149470232429	294.01494702324294	4.053846781898818	303	151	226	153.03505688697842	6.491286446440737	0	0	149
309	0.1	75.0	[1]	{2}	10.315629188857276	8.718660705980405	8.718660705980405	0.0	0	833.4178887307644	333.4178887307644	2.1326845700480797	50	0	25	15.20738855919242	0.0	0	0	0
371	0.1	75.0	[2]	{0}	6.342866062116852	6.164642068246627	6.0821802944033205	0.0	0	201.4613158535211	298.5386841464789	1.4560059202624627	326	148	237	143.3483318572845	3.1869653155516424	0	0	148
