iter	recomb_rate	mut_rate	recomb_type	recomb_node	ARG_length_1	ARG_length_2	ARG_length_3	ARG_length_4	root_height_change	bp	bp_pos_deviation	rank_stat	info_sites_global	confounding_info_sites	consistent_info_sites	weighted_consistent_info_sites	rf_dist	no_neu_recurr_mut	no_adv_recurr_mut	info_sites_imbalance
310	1.0	50.0	[3]	{2}	1.3745346101990183	1.04689804518264	1.0439602385488556	0.0	0	710.2479685563594	210.2479685563594	0.1543033499620919	26	2	14	9.386016251549124	0.11844730317418972	0	0	2
248	1.0	50.0	[3]	{0}	1.238510759373737	1.122874495450908	1.0871461479982916	0.0	0	844.5417101029307	344.54171010293067	0.22398041003683236	38	14	26	16.021249218147247	1.369802805366419	0	0	14
186	1.0	50.0	[1]	{1}	2.0105161664854845	1.521823674025183	1.521823674025183	0.0	0	376.14853004924953	123.85146995075047	0.18946618668626836	41	1	21	15.807445590147745	0.0	0	0	1
124	1.0	50.0	[1]	{2}	3.468898077121767	2.683463868161348	2.683463868161348	0.0	0	41.09010193496943	458.9098980650306	0.26111648393354675	10	4	7	3.6096307135447865	0.0	0	0	4
62	1.0	50.0	[3]	{0}	2.4445274117204105	1.8456729635167632	1.8457020765051797	0.0	0	569.5601624902338	69.56016249023378	0.9947486508730571	54	12	33	25.42619918754883	0.09887067133958105	0	0	12
372	1.0	50.0	[2]	{1}	2.939908342106918	2.555633458453286	2.349882827963202	0.0	0	114.75954949855804	385.24045050144196	0.4974790248010051	74	6	40	22.06278648495675	1.414012318742949	0	0	6
496	1.0	50.0	[1]	{1}	1.556809841973478	1.4820353332811362	1.4820353332811362	0.0	0	82.45483273640275	417.54516726359725	0.3185965464321549	37	17	27	15.967370818410068	0.0	0	0	17
434	1.0	50.0	[1]	{1}	0.5264231029119655	0.4026482763619655	0.4026482763619655	0.0	0	726.2042770162225	226.20427701622248	nan	2	2	2	1.345591445967555	0.0	0	0	2
0	1.0	50.0	[2]	{2}	5.021839664627312	4.613066366811313	4.476946187654879	0.0	0	171.2751528248191	328.7248471751809	0.8648906150801747	146	46	97	53.86648860140891	2.3801118141258284	0	0	48
249	1.0	50.0	[1]	{0}	3.906971776401342	3.2550146589610263	3.2550146589610263	0.0	0	693.8595578540117	193.85955785401165	0.5669467095138409	11	3	7	5.392140442145988	0.0	0	0	3
311	1.0	50.0	[2]	{1}	4.621698080491126	4.1452840071048795	3.983696834987282	0.0	0	131.7388783209026	368.2611216790974	0.9936514724794461	126	18	72	39.74219923910498	2.111632023119767	0	0	18
125	1.0	50.0	[3]	{2}	2.962894670500344	2.685685359407498	2.5785278046913587	0.0	0	851.5707082115114	351.5707082115114	3.708251478696161	90	64	77	50.213318130482	3.1556510093909473	0	0	64
63	1.0	50.0	[3]	{2}	1.2093636140339068	1.1340356527718307	1.0310296937546155	0.0	0	176.31245241500437	323.6875475849956	0.6408069008390093	50	12	31	20.970936595885085	1.3102823771272707	0	0	12
187	1.0	50.0	[1]	{2}	2.842199676115415	2.3119020269238932	2.3119020269238932	0.0	0	157.18968166038394	342.81031833961606	0.7364823905817985	65	9	37	22.755500768151137	0.0	0	0	9
373	1.0	50.0	[1]	{1}	2.1156891169224448	1.6548544056040808	1.6548544056040808	0.0	0	244.9367269873619	255.0632730126381	0.5715476066494082	19	1	10	6.770620361924172	0.0	0	0	1
497	1.0	50.0	[1]	{1}	3.5207092027986535	2.9954410490094796	2.9954410490094796	0.0	0	675.4719354212284	175.4719354212284	0.5408484138857403	42	6	24	18.60216838747263	0.0	0	0	6
435	1.0	50.0	[3]	{0}	2.396493404438066	2.0692070294146805	2.1145593862466514	0.0	0	360.2283375803381	139.77166241966188	5.8322427211997665	66	58	62	43.29348010192813	2.8619892817821473	0	0	58
1	1.0	50.0	[2]	{0}	2.0207657492690636	1.7045549082656772	1.644803226301284	0.0	0	321.125386049971	178.87461395002902	2.1319461016448042	57	5	30	23.76949845580011	0.9684626209687878	0	0	3
250	1.0	50.0	[3]	{0}	1.1862182032098005	1.0363780696649685	1.0471791897049199	0.0	0	639.631683472544	139.63168347254395	4.368081887147069	40	34	37	27.48352474791184	1.3374786621705983	0	0	34
312	1.0	50.0	[1]	{2}	1.138094700991546	0.7768279382897768	0.7768279382897767	0.0	0	912.9330553114414	412.9330553114414	1.3416407864998738	4	2	3	1.3132008340656758	0.0	0	0	2
374	1.0	50.0	[3]	{0}	1.2262150405564443	1.0000315214962523	1.0073573957656323	0.0	0	432.7125817071647	67.2874182928353	3.4492983145672182	38	24	31	22.920562908535818	0.8104432778329447	0	0	24
64	1.0	50.0	[1]	{2}	1.9136883189440101	1.5449438234678037	1.5449438234678037	0.0	0	488.4153802413493	11.584619758650717	0.8743856497851875	27	3	15	11.534261577827857	0.0	0	0	3
126	1.0	50.0	[2]	{0}	1.8985083661243456	1.508228603619541	1.517286583177286	0.0	0	835.3538052178919	335.35380521789193	1.1744896071573276	54	16	35	21.45103203824535	0.5950426186270501	0	0	16
188	1.0	50.0	[2]	{2}	3.4482770893012757	2.605719954372976	2.68618519770512	0.0	0	276.4978841878474	223.50211581215262	1.9230824523298227	93	19	56	37.663944988884026	1.3220667049441608	0	0	19
436	1.0	50.0	[1]	{1}	2.414472382537509	1.8725280362604888	1.8725280362604888	0.0	0	464.98413709923625	35.01586290076375	0.1044465935734187	10	2	6	4.3	0.0	0	0	2
498	1.0	50.0	[2]	{1}	4.518301585357124	3.5148984657702593	3.655077602765796	0.0	0	134.0630864724517	365.9369135275483	1.3769261190253408	132	62	97	57.17323617721349	1.7789959452675057	0	0	62
2	1.0	50.0	[1]	{2}	0.9769705462409054	0.7148598281402293	0.7148598281402293	0.0	0	430.6286843493581	69.37131565064192	0.42857142857142855	13	1	7	5.294628684349358	0.0	0	0	1
251	1.0	50.0	[2]	{1}	1.1891336557995777	1.0766267118158104	1.0801417576028247	0.0	0	736.4154311362654	236.4154311362654	0.35043832202523123	41	7	24	15.939860515002161	0.5004430191933051	0	0	7
313	1.0	50.0	[1]	{2}	1.928901197782982	1.81256313908968	1.81256313908968	0.0	0	184.6775826998055	315.3224173001945	1.4951169235619837	78	42	60	36.96665496198831	0.0	0	0	42
189	1.0	50.0	[1]	{2}	3.5384678520596475	2.5020453965978655	2.5020453965978655	0.0	0	798.6305519007146	298.63055190071464	0.8603834844182797	18	0	10	5.6436944809928535	0.0	0	0	2
65	1.0	50.0	[2]	{1}	1.3236058118646044	1.0150757932919678	1.015212506156993	0.0	0	516.7374389711767	16.737438971176744	0.8285038835884279	33	1	17	12.307687194855884	0.36157768766391296	0	0	1
375	1.0	50.0	[1]	{1}	3.461944853554853	2.4234592930965797	2.4234592930965797	0.0	0	460.9592012129724	39.0407987870276	1.3231403100624077	16	4	10	7.099081597574054	0.0	0	0	4
127	1.0	50.0	[1]	{0}	3.283160079104895	2.891665288275793	2.891665288275793	0.0	0	305.4960493464023	194.5039506535977	0.4147470846715956	104	4	54	38.705928888235256	0.0	0	0	4
437	1.0	50.0	[3]	{0}	3.2250285000625634	3.187521145786546	3.1871585050171527	0.0	0	222.9707322549075	277.0292677450925	8.856965707939192	143	141	142	99.48406832882391	6.148406073902333	0	0	141
499	1.0	50.0	[3]	{2}	4.213153311072936	3.3504086346897997	3.3548210960222042	0.0	0	651.0895492974669	151.08954929746687	2.042550283789258	105	19	62	42.911209014050655	1.588853180612529	0	0	19
3	1.0	50.0	[3]	{0}	1.8954607152502598	1.6270860658681934	1.5978474416040915	0.0	0	986.4617993589492	486.4617993589492	0.1347845170214596	63	23	43	21.606142627565188	1.4701199079311649	0	0	23
252	1.0	50.0	[1]	{1}	4.937167858193614	3.6647435531134738	3.6647435531134738	0.0	0	243.3187118731439	256.6812881268561	0.0	9	3	6	3.673274847492576	0.0	0	0	3
128	1.0	50.0	[3]	{2}	2.776317801635095	2.030984384179967	2.148771099963625	0.0	0	980.9546805918216	480.95468059182156	1.1243216530614917	80	24	52	25.57235660922528	0.7771638913389582	0	0	24
314	1.0	50.0	[3]	{2}	2.1706198767358416	1.8833379782540027	1.938830769457782	0.0	0	997.1987279132009	497.19872791320086	0.4502131691261199	83	53	67	31.062685229815543	2.5985377825813067	0	0	51
190	1.0	50.0	[1]	{0}	1.9259850928222615	1.5979779636935314	1.5979779636935314	0.0	0	283.02427660673857	216.97572339326143	0.7372097807744856	22	4	13	9.350267042674124	0.0	0	0	4
376	1.0	50.0	[1]	{2}	2.4515027875976187	1.766854924429021	1.766854924429021	0.0	0	351.3573445379734	148.6426554620266	0.06666666666666667	14	0	7	5.05007203361392	0.0	0	0	0
438	1.0	50.0	[3]	{1}	3.8309688332118315	3.5562779647111675	3.5775950554060243	0.0	0	360.7069898862392	139.29301011376077	9.04233231033446	151	131	141	104.289502706701	5.787985207160355	0	0	131
66	1.0	50.0	[1]	{0}	0.7438465945537686	0.6443427249296846	0.6443427249296846	0.0	0	63.38069261983037	436.61930738016963	nan	1	1	1	0.2283806926198304	0.0	0	0	1
4	1.0	50.0	[3]	{1}	2.6708341437498913	2.3153855465151754	2.322652516887926	0.0	0	528.8779432885349	28.87794328853488	4.343308357160486	89	47	68	49.87544113422932	2.8078595915966784	0	0	47
253	1.0	50.0	[3]	{1}	1.768396649558538	1.3848341754821685	1.3810327906017767	0.0	0	549.0166572853923	49.016657285392284	1.9090539552626495	42	12	27	20.214083286426963	0.5154353470400779	0	0	12
315	1.0	50.0	[1]	{0}	3.7450973116460764	2.781865092564632	2.781865092564632	0.0	0	708.502346649766	208.50234664976597	1.0	2	0	1	0.737502346649766	0.0	0	0	0
129	1.0	50.0	[1]	{1}	3.143994217199042	2.263590586813255	2.263590586813255	0.0	0	918.944949284196	418.944949284196	1.7739997194432224	40	2	21	11.699935862168667	0.0	0	0	2
439	1.0	50.0	[3]	{2}	1.7364885584256953	1.360804830775466	1.3588807789349833	0.0	0	481.8430063314736	18.15699366852641	1.8237911631030779	42	18	30	22.752686012662945	0.558082414737097	0	0	18
191	1.0	50.0	[3]	{2}	1.1844676002315448	0.9334317361248547	0.9327011819157238	0.0	0	482.3607872240245	17.639212775975523	1.5225780447776807	40	10	25	20.222639212775977	0.39622033994467487	0	0	10
67	1.0	50.0	[1]	{1}	2.9359712842397157	2.1672088302819126	2.167208830281913	0.0	0	893.8369429670274	393.8369429670274	0.736373539248127	16	6	11	5.4367936273626984	0.0	0	0	6
377	1.0	50.0	[2]	{1}	3.649659075592286	3.232441942483866	3.168060342027985	0.0	0	280.6140494067222	219.3859505932778	0.8230060364380212	117	21	69	42.63845701381003	1.6366935363793482	0	0	21
5	1.0	50.0	[1]	{0}	0.5538492152165992	0.4912206639130907	0.4912206639130907	0.0	0	767.957360483706	267.957360483706	nan	0	0	0	0.0	0.0	0	0	0
254	1.0	50.0	[1]	{2}	3.2208824427411296	2.469282073941192	2.469282073941192	0.0	0	97.66798513010144	402.33201486989856	1.0	2	2	2	1.47	0.0	0	0	2
440	1.0	50.0	[3]	{2}	1.1397922476019278	0.8922385907325483	0.9481113511691392	0.0	0	100.89403227902947	399.1059677209705	0.08703882797784893	32	18	26	13.972668710138649	0.8861321245099821	0	0	20
316	1.0	50.0	[1]	{1}	3.298165136583906	2.7763034738432832	2.7763034738432832	0.0	0	159.5992990769446	340.4007009230554	1.2077621697542356	51	11	31	20.04638668246194	0.0	0	0	11
192	1.0	50.0	[1]	{1}	5.714300549652404	4.1066007928993	4.1066007928993	0.0	0	310.46090088784695	189.53909911215305	nan	0	0	0	0.0	0.0	0	0	0
68	1.0	50.0	[1]	{0}	3.525639884015905	3.4166597449834013	3.4166597449834013	0.0	0	87.32220367528498	412.677796324715	0.09827246321273359	125	49	87	46.068098497698095	0.0	0	0	49
378	1.0	50.0	[2]	{0}	0.8298600790230014	0.6254922125124182	0.6337989109325678	0.0	0	830.2044088486582	330.2044088486582	1.152701055427378	33	1	17	13.177160320362077	0.2440251025238347	0	0	1
130	1.0	50.0	[2]	{1}	1.8972462343521812	1.480319737256886	1.5035055041554206	0.0	0	78.80316232331097	421.19683767668903	0.23883257361061286	43	25	34	18.51109486969933	0.6099297302272678	0	0	25
6	1.0	50.0	[2]	{0}	3.0309051143740082	2.782188420611994	2.7805338326625693	0.0	0	526.0732143651694	26.073214365169406	0.7978011592670059	121	5	63	46.73755892483703	1.3285405761299205	0	0	5
255	1.0	50.0	[3]	{1}	3.0088242919121306	2.546838060321508	2.64648967679617	0.0	0	772.2087763249874	272.2087763249874	4.95116448875926	105	69	87	60.68902261802555	3.4850569075386844	0	0	69
441	1.0	50.0	[3]	{0}	2.955166278887083	2.411286894949266	2.388118425829914	0.0	0	403.85029790923	96.14970209077	3.120103631167382	78	36	57	41.42575446863846	1.6149121972200247	0	0	36
317	1.0	50.0	[3]	{2}	3.5940508180727364	3.239870708468221	3.1991890108006893	0.0	0	136.85820973478258	363.1417902652174	3.2036530488089463	132	84	108	64.68765677878261	4.141234211921371	0	0	84
193	1.0	50.0	[1]	{0}	3.170136173259385	2.578250943376338	2.578250943376338	0.0	0	261.83531899005175	238.16468100994825	0.3418817293789138	10	4	7	5.131176594950259	0.0	0	0	4
69	1.0	50.0	[1]	{1}	1.6063755830152975	1.2154014451170683	1.2154014451170683	0.0	0	873.129214392975	373.129214392975	1.0935283241892713	32	10	21	11.609803355319427	0.0	0	0	10
379	1.0	50.0	[1]	{1}	0.36426482861971615	0.2630052250162844	0.2630052250162844	0.0	0	53.464544005692005	446.535455994308	1.4142135623730951	11	7	9	3.2351808960512276	0.0	0	0	7
7	1.0	50.0	[3]	{2}	1.9891966294229886	1.6277549570418288	1.6163994479444392	0.0	0	436.9001020677388	63.09989793226117	3.8425011447001474	54	30	42	31.817600408270955	1.1759766226369612	0	0	30
131	1.0	50.0	[1]	{1}	2.4912977781487786	1.9893255938744563	1.9893255938744563	0.0	0	548.9777855109423	48.97778551094234	0.5936729339017844	64	8	36	26.988444289781153	0.0	0	0	8
256	1.0	50.0	[1]	{2}	1.7207375564786604	1.255913512979549	1.255913512979549	0.0	0	678.0765540897846	178.07655408978462	0.0	3	1	2	1.3039999999999998	0.0	0	0	1
442	1.0	50.0	[2]	{2}	3.0415686383160647	2.867609438366032	2.6932466660534367	0.0	0	973.7103211227804	473.71032112278044	0.22918388365077622	98	50	74	36.34843623691425	1.5405412435074182	0	0	50
318	1.0	50.0	[2]	{2}	3.9076151617901584	3.4286026184630827	3.4620999379837167	0.0	0	199.1007977630943	300.8992022369057	0.41442669972940266	129	63	96	61.26007179867847	1.6196164126913528	0	0	63
70	1.0	50.0	[3]	{2}	1.5582279448122018	1.1879382761998285	1.2638025365901395	0.0	0	911.0678869765252	411.0678869765252	0.5428967140306369	37	25	31	17.878167051633817	0.9456067152616255	0	0	25
380	1.0	50.0	[3]	{1}	1.7451667063184493	1.5097522818505924	1.4472055174877876	0.0	0	692.9848771542311	192.98487715423107	1.3237462549391548	55	19	37	28.01525708837808	1.4307457968401753	0	0	19
194	1.0	50.0	[2]	{2}	0.8211913237197636	0.7627882097817491	0.7623233121362042	0.0	0	841.5518905967474	341.5518905967474	0.0978231976089037	37	19	28	13.844547063291076	0.35308878355751333	0	0	19
8	1.0	50.0	[3]	{0}	3.676559592972894	3.604167751349399	3.6080215378753353	0.0	0	884.2146289534867	384.2146289534867	7.053812445038016	156	152	154	93.6311030413955	6.814845041347514	0	0	152
132	1.0	50.0	[3]	{2}	3.913642259285428	2.893614353074855	3.144102312240382	0.0	0	91.89314721152186	408.10685278847814	1.4851988958608777	105	77	91	56.64398604086416	2.284745273155714	0	0	77
257	1.0	50.0	[1]	{0}	2.1583497453951166	1.7848855846414795	1.7848855846414795	0.0	0	594.0033197402954	94.00331974029541	1.2280627304998846	62	14	38	27.44695352363586	0.0	0	0	14
443	1.0	50.0	[1]	{2}	0.8650534486363738	0.7713806297780775	0.7713806297780775	0.0	0	308.5324061103165	191.46759388968349	0.08362420100070908	25	7	16	11.020453685544432	0.0	0	0	7
381	1.0	50.0	[3]	{1}	2.399452824553946	2.149808913912098	2.1843458037141903	0.0	0	676.4183696359396	176.4183696359396	6.592482428071378	84	76	80	56.10726521456242	3.2738164531047618	0	0	76
71	1.0	50.0	[3]	{0}	2.509544091694734	2.041586038612377	2.0731910263198885	0.0	0	99.43456086330116	400.56543913669884	2.8232051471114765	78	26	52	29.202382434532044	1.607164595467944	0	0	26
195	1.0	50.0	[3]	{0}	2.310223488835121	1.8663028172888714	1.8765166407993932	0.0	0	523.8974175881594	23.897417588159442	4.567059729307549	70	36	53	38.7535387361776	1.5781950067989774	0	0	36
319	1.0	50.0	[1]	{0}	4.844494725225212	4.488850347639803	4.488850347639803	0.0	0	178.53566515259445	321.46433484740555	0.27757344461235667	186	96	141	84.28217213498986	0.0	0	0	96
9	1.0	50.0	[2]	{1}	1.8423719894658697	1.4028021473125691	1.4574138545333557	0.0	0	105.66828865557908	394.3317113444209	0.17399955920167504	48	26	37	22.004053525634117	0.6747196565534523	0	0	26
133	1.0	50.0	[1]	{2}	2.1047617109756076	1.6831812946356903	1.6831812946356903	0.0	0	281.1173964291811	218.8826035708189	nan	0	0	0	0.0	0.0	0	0	0
258	1.0	50.0	[2]	{0}	0.9987479781808464	0.8182359645422104	0.7968566483617596	0.0	0	99.596937187016	400.403062812984	0.4666666666666667	35	5	20	11.629550994992254	0.3508771463920215	0	0	5
444	1.0	50.0	[3]	{2}	1.9167955186604886	1.6325152086821442	1.6506411385881754	0.0	0	80.49519220367074	419.50480779632926	1.172567803684413	58	40	49	27.55626441797985	1.7475639161016014	0	0	40
72	1.0	50.0	[3]	{1}	3.531689961786893	2.944913931188582	3.1136566074678376	0.0	0	191.6358508169651	308.3641491830349	5.643922726066471	120	98	109	74.54360200473666	4.2663319428547535	0	0	98
382	1.0	50.0	[1]	{2}	1.166031181134119	0.8882297159421786	0.8882297159421785	0.0	0	329.0490750223398	170.95092497766018	1.209486313629527	20	4	12	7.781098150044681	0.0	0	0	4
196	1.0	50.0	[1]	{1}	1.1774794405041806	1.0803595040690137	1.0803595040690137	0.0	0	549.2083416320384	49.208341632038355	0.6831300510639733	17	3	10	7.647833366528154	0.0	0	0	3
320	1.0	50.0	[2]	{2}	1.3238714952465798	1.1967954361269895	1.1870876688052243	0.0	0	808.3785739727318	308.37857397273183	0.3933591969186834	50	24	37	20.76199276300892	0.5566319530035475	0	0	24
134	1.0	50.0	[3]	{1}	3.398314396721966	2.6892134120351106	2.782047719699212	0.0	0	356.71835229732096	143.28164770267904	3.556208169012802	97	51	74	51.519734091892836	2.514410229949389	0	0	51
10	1.0	50.0	[1]	{0}	2.745574172624658	1.9206306189413933	1.9206306189413938	0.0	0	221.439887303859	278.560112696141	0.0	14	4	9	5.958079211127013	0.0	0	0	4
259	1.0	50.0	[1]	{2}	1.2204668932049716	1.0057336111166022	1.0057336111166022	0.0	0	923.053030623123	423.05303062312305	0.9673409233896039	41	3	22	12.150045448783786	0.0	0	0	3
73	1.0	50.0	[3]	{2}	3.1834502631425474	2.8392285023460495	2.817105618911212	0.0	0	790.6357613392174	290.6357613392174	3.7249742449355443	110	66	88	56.29885431964696	3.51226230333575	0	0	66
445	1.0	50.0	[1]	{0}	1.0020274142562087	0.9106835570028384	0.9106835570028384	0.0	0	216.60308982245624	283.39691017754376	0.4296689244236597	29	9	19	10.872252526981757	0.0	0	0	9
197	1.0	50.0	[3]	{1}	1.6107200785743243	1.3252861581708992	1.3258492926432912	0.0	0	534.8168178461492	34.816817846149206	2.0790185202789404	47	19	33	25.346816817846147	0.9586480782360451	0	0	19
383	1.0	50.0	[2]	{2}	4.50590590240617	3.5126497856004355	3.6513230837871924	0.0	0	636.92791108042	136.92791108042002	4.3381014769093555	111	51	81	56.008667290024476	2.4111168917551553	0	0	51
321	1.0	50.0	[2]	{1}	3.4772719923276494	2.621436441951152	2.6192575506851092	0.0	0	317.55647738464177	182.44352261535823	0.23761081188008376	81	7	44	32.57812954769285	0.8925643806343072	0	0	7
135	1.0	50.0	[3]	{1}	2.281737424632199	1.9017341239055263	1.981829233800299	0.0	0	961.4840494468808	461.4840494468808	1.6304734322731775	87	73	80	40.52321224203707	2.337769188851102	0	0	73
11	1.0	50.0	[2]	{2}	2.0813016832501843	1.7515619120286927	1.7214427962349144	0.0	0	640.4372344259173	140.43723442591727	1.2986677660348573	62	10	35	27.31931170327775	0.8952586942668658	0	0	8
260	1.0	50.0	[2]	{2}	1.2620249640350631	0.9576149359674742	0.9860481820401965	0.0	0	838.0969539284706	338.0969539284706	1.1829923497093713	27	13	20	13.61944873714447	0.4391336066803442	0	0	13
198	1.0	50.0	[3]	{1}	2.0291837347800072	1.5837400736029115	1.6445619199346975	0.0	0	236.39934952370825	263.6006504762918	2.7261610741931603	60	36	48	30.20318178666384	1.2121277620428408	0	0	36
446	1.0	50.0	[2]	{0}	6.686021045106081	6.005748327117281	6.1214902475452035	0.0	0	678.3373726066202	178.3373726066202	2.3323845023392797	236	104	170	114.96474359943346	3.4274851394838732	0	0	104
74	1.0	50.0	[2]	{2}	1.580934451623134	1.2396692811585908	1.3246341347728519	0.0	0	162.56106994114816	337.43893005885184	1.5989501568247915	69	39	54	32.44880921729282	0.785960184856993	0	0	39
322	1.0	50.0	[1]	{0}	1.3771287743249792	1.1150787367544566	1.1150787367544566	0.0	0	67.91631318628788	432.0836868137121	0.9116846116771036	32	8	20	9.881661010980606	0.0	0	0	8
384	1.0	50.0	[2]	{1}	3.691777213966983	3.397672602685952	3.4087022386599877	0.0	0	575.6663512438536	75.66635124385357	3.529284798521457	136	54	95	67.99102365671098	1.708580353511542	0	0	54
136	1.0	50.0	[1]	{0}	1.86821738773095	1.812918612235329	1.812918612235329	0.0	0	875.0654784962535	375.0654784962535	0.0	3	1	2	1.716	0.0	0	0	1
12	1.0	50.0	[2]	{1}	2.1145280758870024	1.7701289551625012	1.673806545588143	0.0	0	192.20315967686477	307.79684032313526	0.34141780687955975	56	2	29	18.963672672567885	0.9294840228117098	0	0	2
261	1.0	50.0	[3]	{2}	2.2583923971654194	2.0203130251380026	1.9444761008997096	0.0	0	309.5713898073882	190.4286101926118	1.7679832312220478	74	32	53	39.95299918595516	2.4036977562422246	0	0	32
199	1.0	50.0	[3]	{1}	1.1653220727132836	1.039624257456947	1.0469457971281138	0.0	0	446.6885596048087	53.31144039519131	4.708717851976672	47	39	43	31.480082632491367	1.5209691846795907	0	0	39
75	1.0	50.0	[3]	{0}	1.2923607801667811	1.1082693086741562	1.0861614646931896	0.0	0	709.9871805403382	209.98718054033816	1.5583512113845568	43	19	31	23.619115375136957	1.0404089110101133	0	0	19
447	1.0	50.0	[1]	{1}	2.8637881328369694	2.4194270269305163	2.4194270269305163	0.0	0	341.73403726890683	158.26596273109317	0.23226643351865753	98	16	57	39.900095528025176	0.0	0	0	16
323	1.0	50.0	[2]	{2}	1.6635812511010966	1.3651725468126892	1.3459108974197473	0.0	0	416.5266759227961	83.47332407720393	0.9796107329999079	48	8	28	20.413839944463216	0.7448724265950222	0	0	8
137	1.0	50.0	[3]	{2}	2.5281620239300553	2.0682840457663993	2.145387105021746	0.0	0	220.0923473574221	279.9076526425779	2.9654076485614844	100	80	90	59.758910230875	2.2695836150170003	0	0	80
385	1.0	50.0	[1]	{2}	0.6428513112757681	0.4557045939844599	0.4557045939844599	0.0	0	623.8117385655642	123.81173856556416	nan	1	1	1	0.9031882614344359	0.0	0	0	1
13	1.0	50.0	[1]	{0}	2.0161365267098192	1.6068770768461054	1.6068770768461054	0.0	0	565.3003675397485	65.30036753974855	0.8566052496437038	56	12	34	24.417194119364023	0.0	0	0	12
262	1.0	50.0	[1]	{0}	1.3405015883205706	1.0824360338084804	1.0824360338084804	0.0	0	52.27132560685277	447.72867439314723	1.7320508075688774	5	1	3	2.3968139768205585	0.0	0	0	1
200	1.0	50.0	[3]	{0}	4.904258714194729	4.436998977746816	4.32555011395087	0.0	0	289.3674459774047	210.6325540225953	7.464269018923669	167	121	144	106.2715535954125	5.70796372126857	0	0	121
76	1.0	50.0	[1]	{2}	0.8330810093680832	0.6536049705471577	0.6536049705471577	0.0	0	855.2519753575325	355.2519753575325	nan	1	1	1	0.4057480246424675	0.0	0	0	1
448	1.0	50.0	[1]	{1}	8.162268020807387	5.626500924599912	5.626500924599912	0.0	0	445.1578082516789	54.84219174832111	0.4472135954999579	14	4	9	6.807526575244964	0.0	0	0	4
386	1.0	50.0	[3]	{1}	1.5055737756744976	1.201895050878092	1.2390539835791934	0.0	0	209.42227100022137	290.5777289997786	2.0003430237569173	52	24	38	25.918289962004867	1.0068687077225598	0	0	24
138	1.0	50.0	[3]	{0}	1.6602450904183412	1.3030056985520804	1.3468588924029123	0.0	0	844.1749319899827	344.1749319899827	1.8088246458462338	50	18	34	21.54185122418031	0.940816017694893	0	0	18
324	1.0	50.0	[2]	{0}	2.177634256916741	1.9060424203926545	1.909751779606161	0.0	0	588.5916829574853	88.59168295748532	1.1731114508820022	79	17	48	33.38978258395567	0.8628049383990963	0	0	17
14	1.0	50.0	[2]	{2}	1.5610685720692792	1.3194278363175842	1.3007381622402894	0.0	0	359.89367100410163	140.10632899589837	2.76904181849834	39	3	21	15.019681013012306	0.6536002346088587	0	0	3
201	1.0	50.0	[3]	{1}	2.1102372731648806	1.9699208293005785	1.8226234307456184	0.0	0	60.694101033732295	439.3058989662677	1.5021548012236203	70	22	46	27.178764041349286	2.254859551698341	0	0	22
263	1.0	50.0	[3]	{0}	1.6736208337639176	1.5344587519909654	1.5317516086704512	0.0	0	481.5774287562817	18.422571243718323	5.151637007975669	61	47	54	39.15807085492463	2.359234961444619	0	0	47
77	1.0	50.0	[1]	{1}	1.0795339607764256	1.0083655426617988	1.0083655426617988	0.0	0	100.83290771581233	399.1670922841877	0.5773502691896258	8	0	4	2.057331630863249	0.0	0	0	0
449	1.0	50.0	[3]	{1}	2.2876139193174345	1.9135893274273932	1.952025718167202	0.0	0	288.6762325651944	211.32376743480557	4.441403198594578	72	46	58	38.75458204669505	2.072406128278729	0	0	44
139	1.0	50.0	[1]	{0}	3.0142442770795066	2.3081797216009887	2.3081797216009887	0.0	0	941.1996263079344	441.1996263079344	0.8499341502148814	66	6	36	19.84921270553023	0.0	0	0	6
325	1.0	50.0	[2]	{2}	1.8862467737388955	1.55765937620914	1.5604653756910873	0.0	0	132.76580348610878	367.2341965138912	0.5683909440760977	70	22	46	27.826695353388786	0.6249828880314204	0	0	22
15	1.0	50.0	[3]	{0}	1.5317401712710328	1.3699996051062824	1.366672166628613	0.0	0	657.1720305364579	157.1720305364579	5.3468011771790085	49	43	46	34.78768812214584	1.764106983584521	0	0	43
16	1.0	50.0	[2]	{0}	0.8112370357703304	0.6922229491208504	0.6852062645770582	0.0	0	276.68852801434696	223.31147198565304	2.2391714737574007	15	3	9	5.770065584043041	0.3110088128888099	0	0	3
17	1.0	50.0	[3]	{2}	2.0170729659349034	1.5356294634904466	1.6472810137351566	0.0	0	996.313297888264	496.31329788826395	0.2674603192151959	60	28	44	21.97321489291638	1.3007721493058142	0	0	28
387	1.0	50.0	[1]	{0}	5.545241969117153	3.7910241237725613	3.7910241237725613	0.0	0	639.6705340594053	139.67053405940533	0.332564397284216	30	4	17	13.247647329702975	0.0	0	0	4
264	1.0	50.0	[1]	{1}	3.860931456660488	2.8298094577638198	2.8298094577638198	0.0	0	172.08511661738157	327.9148833826184	0.2892406104248749	33	3	18	12.198021399408578	0.0	0	0	3
78	1.0	50.0	[1]	{1}	3.2144090779108527	2.2987130861348333	2.2987130861348333	0.0	0	108.32491610199212	391.67508389800787	1.5118578920369088	11	3	7	3.376624580509961	0.0	0	0	3
202	1.0	50.0	[1]	{1}	1.6882064660533325	1.3450558338574248	1.3450558338574248	0.0	0	502.30684503912926	2.306845039129257	0.5	7	1	5	3.8469205351173876	0.0	0	0	3
450	1.0	50.0	[2]	{2}	3.0177388174659443	2.343807473870067	2.33582234179731	0.0	0	305.518819950521	194.481180049479	2.1994135678957525	66	12	39	27.303481180049474	0.8680115695387041	0	0	12
140	1.0	50.0	[1]	{0}	2.178943709577913	1.7494475543993449	1.7494475543993446	0.0	0	881.0585024766624	381.0585024766624	nan	4	4	4	2.2927659900933506	0.0	0	0	4
326	1.0	50.0	[1]	{2}	1.7874712796803407	1.575297247700727	1.575297247700727	0.0	0	696.4091118425131	196.40911184251308	0.31760912906804517	60	8	34	23.12199953946471	0.0	0	0	8
388	1.0	50.0	[1]	{0}	1.9650114536814944	1.507651741142624	1.507651741142624	0.0	0	160.1218138821423	339.8781861178577	nan	0	0	0	0.0	0.0	0	0	0
265	1.0	50.0	[1]	{1}	1.332911159057337	1.2545807086300804	1.2545807086300804	0.0	0	342.59620611555874	157.40379388444126	1.3295400586957762	20	6	13	8.898173442808913	0.0	0	0	6
203	1.0	50.0	[2]	{0}	2.3751749238925255	1.978687364149088	1.9279914794508195	0.0	0	342.2832458745688	157.71675412543118	0.6654483069059113	65	7	35	23.041647638613355	1.0618402845605635	0	0	5
79	1.0	50.0	[2]	{0}	3.795472870807346	2.873382585194269	2.878918490339202	0.0	0	417.30204690247774	82.69795309752226	0.4447495899966607	90	2	46	34.982395906195045	1.0481233145142888	0	0	2
451	1.0	50.0	[3]	{2}	1.673197025873462	1.4719053658054109	1.5071016332158709	0.0	0	742.5995897501707	242.5995897501707	4.2513951389575775	65	49	57	38.51741271774471	2.162710576312117	0	0	49
327	1.0	50.0	[3]	{1}	2.311930727370262	1.7885798949361473	1.896376500765132	0.0	0	228.7708397489041	271.2291602510959	2.6600683673208216	62	36	49	31.64843771171384	1.6968650182095777	0	0	36
141	1.0	50.0	[2]	{0}	1.8913769932305156	1.626773613607482	1.6134063963854808	0.0	0	964.0955484937876	464.09554849378765	2.4961508830135313	64	32	48	21.58541367229819	0.6965206264186132	0	0	32
389	1.0	50.0	[2]	{2}	4.3221868189351556	3.7289761918578757	3.676865052110416	0.0	0	219.94126634672284	280.05873365327716	1.063365251846959	122	24	73	47.06253471445663	1.7018438249586216	0	0	24
266	1.0	50.0	[3]	{1}	1.2685237934629312	1.1134000890224895	1.1291093405574075	0.0	0	266.0529771819711	233.94702281802893	3.1870919260440145	51	33	42	29.273165498003376	1.488880719608083	0	0	33
204	1.0	50.0	[1]	{1}	3.3370552956497743	2.8362242284890016	2.8362242284890016	0.0	0	860.3265550918877	360.3265550918877	0.9400193421607683	10	4	7	3.959020334724337	0.0	0	0	4
80	1.0	50.0	[2]	{1}	1.1232241771022924	0.9760498279120342	0.9759610744160188	0.0	0	499.0766104310751	0.9233895689249039	0.2516835207052591	36	4	19	13.924302377328278	0.5104660517299813	0	0	2
452	1.0	50.0	[1]	{0}	1.0040662749511684	0.8203104562296826	0.8203104562296826	0.0	0	810.0094019901007	310.00940199010074	0.30125786715206027	27	5	16	10.170887176118793	0.0	0	0	5
328	1.0	50.0	[2]	{1}	1.6513263426011577	1.5240824637875434	1.5182010582512242	0.0	0	3.3580681774765253	496.6419318225235	0.731786214873024	72	58	65	33.500274431535985	0.7043802328329922	0	0	58
18	1.0	50.0	[2]	{2}	1.6386938826700594	1.314616775786754	1.298356948697252	0.0	0	654.2872823774815	154.28728237748146	1.7494038393416909	49	7	28	20.19085087049008	0.5843967044311393	0	0	7
142	1.0	50.0	[2]	{0}	3.94160572858287	3.7120607220473834	3.7190073550771996	0.0	0	525.581925176084	25.58192517608404	0.18421037917684632	145	7	76	60.232898612678056	2.0197490669660962	0	0	7
390	1.0	50.0	[3]	{2}	2.5933772625431137	2.450215684267612	2.4628645550357247	0.0	0	787.3256094753742	287.3256094753742	6.905936080735791	108	94	101	69.81765001150963	4.186675640411493	0	0	94
267	1.0	50.0	[1]	{1}	0.8587188747227731	0.6388107650866618	0.6388107650866618	0.0	0	616.0111515782773	116.01115157827735	1.0	7	5	6	3.9059553936868907	0.0	0	0	5
205	1.0	50.0	[1]	{0}	1.9977052077058195	1.6537351907521636	1.6537351907521636	0.0	0	753.0922840815037	253.09228408150375	1.3040786471729466	44	6	25	17.082169443266466	0.0	0	0	6
81	1.0	50.0	[2]	{0}	2.021159140042782	1.945823406421396	1.958014454990598	0.0	0	953.059136401862	453.059136401862	0.5259547057403532	89	81	85	41.95497340584173	0.9743431792506588	0	0	81
453	1.0	50.0	[1]	{0}	2.429084276950287	1.934263388964402	1.934263388964402	0.0	0	998.082684352994	498.08268435299397	0.7073688181720795	70	6	38	17.77885799458623	0.0	0	0	6
19	1.0	50.0	[3]	{2}	1.7212516170859642	1.592368799577415	1.5587220295939856	0.0	0	331.43262821249664	168.56737178750336	4.784362127571652	63	45	54	38.391326282124986	2.3418708207990093	0	0	45
143	1.0	50.0	[1]	{2}	1.2415755319370756	1.1088692214841835	1.1088692214841835	0.0	0	249.4990595150739	250.5009404849261	1.4791479939068937	21	1	11	8.116489654665811	0.0	0	0	1
329	1.0	50.0	[1]	{0}	2.285449101109768	1.6447000566438574	1.6447000566438574	0.0	0	119.5834307000041	380.4165692999959	nan	1	1	1	0.8845834307000041	0.0	0	0	1
391	1.0	50.0	[2]	{1}	0.42757990465986173	0.3870359522296275	0.3912979376715816	0.0	0	305.8867803774774	194.1132196225226	0.8386592170224153	21	1	11	9.044792537357656	0.199464168698158	0	0	1
268	1.0	50.0	[3]	{2}	1.0352643496480458	0.8435482874153601	0.8361818432689788	0.0	0	753.8991880137473	253.89918801374733	3.114564433368255	32	22	27	18.625108931848782	0.5068819121656931	0	0	22
206	1.0	50.0	[1]	{0}	4.165161969663655	2.9572459252205556	2.9572459252205556	0.0	0	955.420520156622	455.42052015662205	1.0954451150103321	11	1	6	3.391317919373512	0.0	0	0	1
82	1.0	50.0	[1]	{1}	1.378347335677637	1.3219922962086823	1.3219922962086823	0.0	0	656.0711716301739	156.07117163017392	nan	0	0	0	0.0	0.0	0	0	0
454	1.0	50.0	[1]	{1}	1.2665486339921133	1.0240814673432281	1.0240814673432281	0.0	0	874.9366377014667	374.9366377014667	0.1188643277625491	20	4	12	5.9497603475824	0.0	0	0	4
20	1.0	50.0	[1]	{1}	1.6653606814412558	1.5617456798754967	1.5617456798754967	0.0	0	279.4947454240173	220.5052545759827	1.6665043540359246	61	5	33	22.31532659899257	0.0	0	0	5
144	1.0	50.0	[2]	{1}	3.1724013990052087	2.6753276105798993	2.5795914997653435	0.0	0	97.38954226486383	402.61045773513615	0.15962751560635463	94	28	61	32.85520390909724	1.2311792356479352	0	0	28
330	1.0	50.0	[2]	{1}	5.152385095266052	4.136177943364604	4.195662471743168	0.0	0	685.924512334168	185.92451233416796	1.1227557594401543	135	29	82	55.134321457296615	1.939409063020723	0	0	29
392	1.0	50.0	[2]	{2}	2.726235884436801	2.2576268257143184	2.311742344464912	0.0	0	886.8763733189553	386.8763733189553	0.3143301111942965	80	40	60	33.53817034750059	1.0885024679095663	0	0	40
269	1.0	50.0	[2]	{2}	3.3756775280093705	3.039925140665822	3.0544853679798436	0.0	0	605.7157041504979	105.71570415049791	1.6647585733757326	115	23	70	51.26919493436812	1.5043766359606947	0	0	25
83	1.0	50.0	[3]	{0}	2.4815510641905014	2.0551694033562833	2.157583070944373	0.0	0	770.7180022262037	270.7180022262037	6.040957811835415	94	80	87	56.79981789091601	2.749662051182828	0	0	80
207	1.0	50.0	[1]	{2}	3.6925368801535647	2.605976177140784	2.605976177140784	0.0	0	705.8009640313685	205.8009640313685	0.3392002626499841	32	4	18	14.05419421581179	0.0	0	0	4
455	1.0	50.0	[1]	{0}	1.8618908206570808	1.4861225211647877	1.4861225211647877	0.0	0	921.1597628891468	421.1597628891468	0.31851102863530306	45	5	25	14.77964497932792	0.0	0	0	5
21	1.0	50.0	[2]	{1}	1.381971247467677	1.2012482693595947	1.156702036688106	0.0	0	864.2949678469449	364.2949678469449	1.0259783520851542	37	3	20	11.3221006430611	0.5879970827498617	0	0	3
331	1.0	50.0	[1]	{1}	6.164553199334298	4.90066280749965	4.90066280749965	0.0	0	32.00363274663687	467.99636725336313	0.5301708036860207	77	11	44	25.38313077887893	0.0	0	0	11
145	1.0	50.0	[1]	{0}	3.890836738342115	3.77330859706375	3.77330859706375	0.0	0	869.3435073364526	369.3435073364526	0.6955061480034667	147	77	112	65.84490120766311	0.0	0	0	77
393	1.0	50.0	[2]	{1}	1.012484801092528	0.7486973735433584	0.8201705778408619	0.0	0	889.5540810190141	389.5540810190141	0.5396044350682824	36	20	28	16.281593893505633	0.4974025850341869	0	0	20
270	1.0	50.0	[2]	{1}	3.1328139631093546	2.4000597280936002	2.5058549810036395	0.0	0	224.40384374931452	275.59615625068545	0.6554435702246902	94	34	64	41.334769124969846	1.3233258239778607	0	0	34
84	1.0	50.0	[2]	{0}	2.017657785817664	1.9199847877763292	1.8030554612581076	0.0	0	877.5845135096461	377.58451350964606	2.1396024281918913	62	14	38	20.027788486633447	1.1039037991005163	0	0	14
208	1.0	50.0	[1]	{1}	1.9718691009895764	1.7056765595755843	1.7056765595755843	0.0	0	853.761678095907	353.761678095907	0.5547001962252291	25	5	15	9.123621540945024	0.0	0	0	5
456	1.0	50.0	[1]	{0}	1.2633664629916161	1.0634593295864205	1.0634593295864203	0.0	0	114.57342491485178	385.4265750851482	1.7354436625492493	16	6	11	6.856013974403962	0.0	0	0	6
22	1.0	50.0	[1]	{1}	4.1293546791096105	3.3937663276881986	3.3937663276881986	0.0	0	882.0028111804277	382.00281118042767	0.08017837257372731	104	18	61	36.50684538507647	0.0	0	0	18
332	1.0	50.0	[1]	{2}	0.7135849294569137	0.566123564044922	0.566123564044922	0.0	0	345.2663025818765	154.73369741812348	0.35355339059327373	7	3	5	3.7947989077456294	0.0	0	0	3
146	1.0	50.0	[1]	{0}	3.1477207592300953	2.7244491534764426	2.7244491534764426	0.0	0	729.5231805182993	229.52318051829934	2.433321316961438	94	4	49	35.058688681859515	0.0	0	0	4
394	1.0	50.0	[1]	{1}	3.5396907289443047	3.1698633818776027	3.1698633818776027	0.0	0	194.32182190939784	305.67817809060216	0.2595998216333505	36	2	19	12.904183684822172	0.0	0	0	2
271	1.0	50.0	[3]	{2}	2.3518576428483695	1.9271798056397584	2.064994014574337	0.0	0	975.6987984292208	475.6987984292208	0.36466614551844545	77	59	68	34.51348170681298	2.6985152295284673	0	0	59
209	1.0	50.0	[1]	{2}	3.000667941597839	2.754676565043365	2.754676565043365	0.0	0	707.5254956725985	207.52549567259848	0.7113866877255164	96	42	69	42.08584278128109	0.0	0	0	42
85	1.0	50.0	[2]	{1}	3.3520557875859476	2.804602242887891	2.7534017251659897	0.0	0	607.878754613921	107.87875461392105	2.2284726216769886	94	16	55	41.58818131920883	1.551985518402027	0	0	16
457	1.0	50.0	[1]	{2}	1.583637871813393	1.4512217060257422	1.4512217060257422	0.0	0	266.3865052163601	233.6134947836399	0.30151134457776363	17	1	9	6.54570553651452	0.0	0	0	1
333	1.0	50.0	[3]	{2}	0.9104615468441432	0.7257380115277459	0.7434080109565752	0.0	0	960.8379600103945	460.83796001039445	0.43817804600413285	35	15	25	14.13905099974014	0.5228380008602592	0	0	15
23	1.0	50.0	[2]	{0}	2.710671172976493	2.3019981846525432	2.3292661644159716	0.0	0	152.77077606879175	347.22922393120825	0.666395778297952	95	35	65	36.40147578805871	1.0524607760910871	0	0	35
147	1.0	50.0	[1]	{0}	1.216459015889918	0.9184091665909624	0.9184091665909624	0.0	0	979.393298504874	479.393298504874	0.401677156202747	27	7	17	8.741313925417142	0.0	0	0	7
395	1.0	50.0	[2]	{0}	3.187026417013856	2.876435117889198	2.7371227145980135	0.0	0	210.21982352249324	289.78017647750676	0.5000797384583652	94	14	54	30.593991176124668	1.6243615195125347	0	0	14
272	1.0	50.0	[1]	{2}	3.127999750486338	2.2002424178168463	2.2002424178168463	0.0	0	848.151602782309	348.15160278230906	0.10050378152592121	17	1	9	5.651635574959219	0.0	0	0	1
86	1.0	50.0	[3]	{2}	2.2819762959772003	2.122100572136478	2.10576240587138	0.0	0	574.8079775366932	74.80797753669322	6.890590358743588	99	83	91	66.94103247172944	3.3726428609473627	0	0	83
210	1.0	50.0	[1]	{0}	3.85447483172954	3.6020945306964753	3.6020945306964753	0.0	0	959.968741517514	459.968741517514	0.8266497164425699	69	15	41	21.22615656385198	0.0	0	0	13
458	1.0	50.0	[1]	{0}	0.7403773981185757	0.6641430054729083	0.6641430054729083	0.0	0	954.5024475082756	454.5024475082756	1.224744871391589	3	1	2	1.831	0.0	0	0	1
334	1.0	50.0	[3]	{2}	2.3680780194247246	1.8925953819356405	1.8791744843509535	0.0	0	410.5632088612765	89.43679113872349	0.7826957343774225	71	13	42	31.338000000000005	0.9749879003306794	0	0	13
24	1.0	50.0	[1]	{0}	3.4349319586199565	2.422917397567745	2.422917397567745	0.0	0	921.4567663148046	421.45676631480455	0.4240743588307694	40	6	23	12.737407907389105	0.0	0	0	6
148	1.0	50.0	[1]	{1}	2.3782912135900247	1.6289823210230088	1.6289823210230088	0.0	0	387.60288478806615	112.39711521193385	1.0801234497346432	13	1	7	5.061220193516463	0.0	0	0	1
396	1.0	50.0	[3]	{1}	2.1259431230927057	1.9744743928886512	1.989261582773418	0.0	0	374.87911665812135	125.12088334187865	7.2645789749303855	94	84	89	66.32221968313682	3.2766171516407967	0	0	84
273	1.0	50.0	[1]	{1}	2.1291914545375503	1.5270661216961563	1.5270661216961563	0.0	0	525.5621005780995	25.56210057809949	1.5491933384829668	9	3	6	4.004248402312398	0.0	0	0	3
87	1.0	50.0	[2]	{0}	1.9192160553366109	1.8045943354731513	1.8332050157843818	0.0	0	262.8284846432507	237.1715153567493	2.6804385337361922	92	50	71	48.08319453252479	0.9942298569839709	0	0	50
211	1.0	50.0	[2]	{2}	2.2175932000994263	1.71936184226251	1.7884677532947002	0.0	0	217.58729056455195	282.41270943544805	1.1856191074656945	60	6	33	20.739031426372005	0.9243694572637219	0	0	6
459	1.0	50.0	[1]	{2}	1.1765961756122674	0.935639412211669	0.935639412211669	0.0	0	701.6098024323583	201.60980243235826	1.0606601717798212	7	1	4	2.673	0.0	0	0	1
335	1.0	50.0	[1]	{1}	1.851701356234114	1.52184373700482	1.5218437370048195	0.0	0	721.8533579725772	221.85335797257721	0.07559289460184544	20	0	10	7.416586568109691	0.0	0	0	0
25	1.0	50.0	[2]	{2}	2.3093687857501215	1.8528084062026755	1.9972428675888922	0.0	0	987.95108939521	487.95108939521003	0.14748154320250398	83	67	75	38.49966829535925	1.138560398933809	0	0	67
149	1.0	50.0	[1]	{2}	5.833250396914249	4.11922397865826	4.11922397865826	0.0	0	800.1030841842294	300.1030841842294	0.0	15	5	10	6.6939691581577065	0.0	0	0	5
397	1.0	50.0	[3]	{2}	3.5436395192545023	3.311023622814105	3.313030452587327	0.0	0	509.9926362745464	9.992636274546385	8.563638305479598	131	115	123	92.42194845392184	5.44323736882801	0	0	115
274	1.0	50.0	[1]	{1}	1.0334985902941902	0.8863716849630825	0.8863716849630825	0.0	0	787.3578935395926	287.3578935395926	0.48393547957046584	30	6	18	10.154557916287333	0.0	0	0	6
88	1.0	50.0	[3]	{1}	1.6471747104211683	1.5302142007705646	1.5323942162480453	0.0	0	362.47341241687536	137.52658758312464	5.804946390570941	69	57	63	43.78499483592064	2.39195706034417	0	0	57
212	1.0	50.0	[3]	{1}	0.8036447309676017	0.626314959432596	0.6720078210699436	0.0	0	205.83776268176732	294.16223731823266	2.4271802915114282	30	24	27	19.10124196559004	0.7095263628934161	0	0	24
460	1.0	50.0	[2]	{0}	1.2605465775002902	1.1523286343388977	1.167030942469992	0.0	0	858.6033438332379	358.6033438332379	1.12089707663561	51	35	43	24.229262902837252	0.5777564575066054	0	0	35
336	1.0	50.0	[3]	{0}	1.834368058640378	1.61677677594911	1.5096702740963108	0.0	0	48.736535012722015	451.263464987278	0.5039526306789697	44	16	30	15.41209605038166	1.3085018873866638	0	0	16
398	1.0	50.0	[3]	{2}	1.2717978883308427	0.989285674834748	0.9780500822907556	0.0	0	651.7064657527953	151.70646575279534	0.46188021535170054	39	1	20	13.351935342472046	0.2676747237353062	0	0	1
26	1.0	50.0	[2]	{0}	1.071545740558042	0.9015305438262667	0.8723100445725362	0.0	0	806.496067205444	306.496067205444	0.20365326999063918	30	4	17	10.498551126329227	0.43187444736248415	0	0	4
150	1.0	50.0	[1]	{2}	3.8514842608951563	3.0822350857264342	3.0822350857264347	0.0	0	893.7713596969843	393.7713596969843	0.3558417859433833	83	9	46	26.877688331514594	0.0	0	0	9
275	1.0	50.0	[1]	{1}	2.8249876973436363	2.267591098409559	2.267591098409559	0.0	0	930.4564567282796	430.4564567282796	1.6735927794463104	66	4	35	17.32667566833645	0.0	0	0	4
213	1.0	50.0	[3]	{1}	2.294619263007033	2.239623512185479	2.1330254065734833	0.0	0	959.6396591514348	459.6396591514348	0.016061470064531572	96	76	86	48.2378272678852	3.5284043586037677	0	0	76
89	1.0	50.0	[1]	{2}	1.8116208798689972	1.4438953215039612	1.4438953215039612	0.0	0	438.0436963401735	61.95630365982652	0.0303868562731382	37	1	20	15.65308739268035	0.0	0	0	3
461	1.0	50.0	[1]	{1}	9.005543814209375	6.155602260205476	6.155602260205474	0.0	0	313.8048793189228	186.19512068107719	1.3803965029999552	12	6	9	7.444414637956768	0.0	0	0	6
337	1.0	50.0	[1]	{2}	2.09876253596736	1.554805755672434	1.554805755672434	0.0	0	930.0022809766232	430.0022809766232	0.32025630761017426	12	0	6	3.672986314140261	0.0	0	0	0
399	1.0	50.0	[3]	{0}	3.192761119088336	2.6040794702159107	2.6004058743378553	0.0	0	442.4829226918519	57.51707730814809	2.0901433850185955	100	28	64	48.68586338153481	1.7105499350646118	0	0	28
27	1.0	50.0	[1]	{2}	3.737660787138212	2.8317762135494164	2.8317762135494164	0.0	0	242.53543699160215	257.4645630083978	1.4638501094227998	6	0	3	2.108464563008398	0.0	0	0	0
151	1.0	50.0	[1]	{0}	4.848518464340264	3.5026029678491284	3.5026029678491284	0.0	0	212.87494711577887	287.12505288422113	0.23421601750764795	24	4	14	9.643999576926229	0.0	0	0	4
214	1.0	50.0	[3]	{1}	1.0231261757924597	0.9113996097532059	0.9175799005654965	0.0	0	271.28285937942564	228.71714062057436	3.631365196012815	38	30	34	25.216394312553113	1.2289036961016042	0	0	30
276	1.0	50.0	[1]	{1}	1.399817697865813	1.1207613992780239	1.1207613992780239	0.0	0	660.0937079638243	160.09370796382427	1.213153965154924	27	3	15	10.68253146018088	0.0	0	0	3
90	1.0	50.0	[3]	{0}	3.0692476197076966	2.4862239061379774	2.4697600923106484	0.0	0	764.4778450485319	264.4778450485319	3.231973417884659	91	27	59	36.18423111339845	1.4048452772475206	0	0	27
462	1.0	50.0	[3]	{1}	0.6518140769979437	0.5562668512050687	0.5636254035725679	0.0	0	422.3714494146407	77.62855058535928	2.6311740579210876	19	11	15	10.792857247073206	0.6929105965576531	0	0	11
338	1.0	50.0	[3]	{1}	0.8943098552303925	0.7604385235119091	0.7331423296733479	0.0	0	929.3002737686038	429.3002737686038	1.465881824639873	20	8	14	9.293997262313964	0.5628624932663319	0	0	8
400	1.0	50.0	[2]	{2}	5.111996853906502	4.09662517960911	4.174054684583282	0.0	0	735.4691438376904	235.46914383769035	1.754925919340665	137	31	84	53.271851369738584	1.9468870492667671	0	0	31
28	1.0	50.0	[1]	{1}	1.5488859412301075	1.2984317985395166	1.2984317985395166	0.0	0	467.19685825519264	32.80314174480736	1.0286889997472795	27	7	17	12.67440942523442	0.0	0	0	7
152	1.0	50.0	[2]	{0}	2.3583062389997567	2.2782279636161196	2.2948774524171753	0.0	0	848.762390203774	348.762390203774	nan	106	78	92	54.632860101252795	1.163463106560085	0	0	78
277	1.0	50.0	[3]	{1}	0.7802569421606769	0.6242507406886835	0.646857774379572	0.0	0	670.8621408324689	170.86214083246887	2.0569689549102415	22	16	19	13.15834360584803	0.6256320862258511	0	0	16
91	1.0	50.0	[3]	{1}	1.1183108183964854	0.8933685741954495	0.9051937683651682	0.0	0	635.5408993549645	135.5408993549645	0.20093209559543668	36	8	22	16.262427409030497	0.6189297083291357	0	0	8
215	1.0	50.0	[2]	{1}	2.049339569188311	1.7113170389403676	1.7306045839366124	0.0	0	689.6307650022209	189.63076500222087	2.1656295075038594	72	22	47	30.560446284931153	0.8076458534323296	0	0	22
463	1.0	50.0	[1]	{2}	2.9256588759326476	2.228275582338184	2.228275582338184	0.0	0	682.8703423961997	182.8703423961997	1.0	8	4	6	4.454777945622801	0.0	0	0	4
339	1.0	50.0	[1]	{1}	2.4789702286340773	2.0379359645128323	2.0379359645128323	0.0	0	591.4196730591357	91.41967305913568	1.6165812509494064	51	9	30	21.689481961645185	0.0	0	0	9
401	1.0	50.0	[3]	{0}	1.2159587530213425	1.074509911602131	1.1033087074147603	0.0	0	145.41726605966687	354.5827339403331	1.2649110640673518	43	27	35	21.032431651491674	1.6119359740773471	0	0	27
29	1.0	50.0	[1]	{2}	2.434030805536714	1.7493911031520524	1.7493911031520524	0.0	0	34.549532225355506	465.4504677746445	0.43915503282683993	13	3	8	3.8693962578028445	0.0	0	0	3
153	1.0	50.0	[1]	{2}	1.480461538242642	1.402234233263432	1.402234233263432	0.0	0	695.6776273436844	195.67762734368443	0.1807753815155468	33	5	19	13.465546099219473	0.0	0	0	5
278	1.0	50.0	[1]	{0}	1.5974987043874416	1.3185822640900393	1.3185822640900393	0.0	0	354.94004050269723	145.05995949730277	1.224744871391589	3	1	2	1.453	0.0	0	0	1
92	1.0	50.0	[3]	{2}	0.9675108981932191	0.7537767198900495	0.8035723211083082	0.0	0	686.5432618651539	186.5432618651539	2.941900461457381	34	24	29	21.128678024562078	0.8904518014529983	0	0	24
216	1.0	50.0	[3]	{1}	1.5515072066013675	1.2067215760702374	1.2097945727373285	0.0	0	282.7182284090668	217.2817715909332	1.8145294174531097	48	4	26	17.111928111363202	0.3834562528741813	0	0	4
464	1.0	50.0	[3]	{1}	1.4481243763604923	1.1545252619411157	1.1257863522366647	0.0	0	228.5148375667632	271.48516243323684	0.8053872662568292	36	4	20	11.888267076201734	0.4234026826821782	0	0	4
340	1.0	50.0	[1]	{0}	3.9585033377634082	3.687681439220249	3.687681439220249	0.0	0	845.7726589404047	345.77265894040465	1.2024782102615608	124	56	90	54.96600601324438	0.0	0	0	56
402	1.0	50.0	[1]	{0}	4.164243864591954	3.055636840239019	3.055636840239019	0.0	0	704.6288126148283	204.62881261482835	1.5491933384829668	4	0	2	1.7127423747703432	0.0	0	0	0
30	1.0	50.0	[2]	{0}	3.2502331105946207	3.1265087300355376	3.1274627494701823	0.0	0	505.9820697642863	5.98206976428628	1.4683115989323894	136	18	77	58.136237186264246	1.6618260184204119	0	0	18
154	1.0	50.0	[1]	{1}	3.882588547560525	3.063818563838134	3.063818563838134	0.0	0	294.63070654310286	205.36929345689714	1.9091883092036783	44	10	27	18.930676358887926	0.0	0	0	10
279	1.0	50.0	[2]	{1}	2.9545590178594074	2.3083559038996495	2.3409867291029767	0.0	0	582.6192998792976	82.61929987929761	1.3836206181745032	69	19	44	32.08089820313827	1.2586612472710454	0	0	19
93	1.0	50.0	[2]	{1}	2.015905253773964	1.6986805980761814	1.6340105450917994	0.0	0	173.71049290522933	326.28950709477067	1.3271685079946152	52	6	29	19.162341336820273	0.824256302088485	0	0	6
217	1.0	50.0	[1]	{0}	1.8824659938892994	1.686023698161583	1.686023698161583	0.0	0	880.000741686672	380.000741686672	1.5478830646231214	58	8	33	18.25797997445986	0.0	0	0	8
465	1.0	50.0	[1]	{2}	2.324440181380068	2.180060274027497	2.180060274027497	0.0	0	899.6027349494398	399.60273494943976	0.9858503063073424	98	66	82	44.7969866739437	0.0	0	0	66
341	1.0	50.0	[1]	{1}	5.211048006429076	3.6469465570034827	3.6469465570034827	0.0	0	166.90814355388284	333.09185644611716	0.6396021490668313	10	4	7	4.400540717769414	0.0	0	0	4
403	1.0	50.0	[1]	{0}	2.4497786320918498	1.9545404193044025	1.9545404193044025	0.0	0	639.6580548025668	139.65805480256677	1.3887301496588271	6	4	5	3.7986580548025666	0.0	0	0	4
31	1.0	50.0	[2]	{1}	1.7884697552027153	1.659803414910502	1.65411363720222	0.0	0	462.99208980053663	37.00791019946337	nan	68	2	35	25.338723143018772	0.9136236665036204	0	0	2
155	1.0	50.0	[1]	{2}	2.081110440277838	1.480958658097554	1.480958658097554	0.0	0	396.37322863563895	103.62677136436105	1.044465935734187	15	1	8	5.880985829085112	0.0	0	0	1
94	1.0	50.0	[3]	{0}	2.1621066048733657	1.6798687145294142	1.7499543498242551	0.0	0	159.99404317699373	340.0059568230063	0.914991421995628	65	25	45	31.28583916577883	1.2331257793870258	0	0	25
280	1.0	50.0	[1]	{1}	1.8665213924352317	1.6765783403144139	1.6765783403144139	0.0	0	771.531286649406	271.53128664940596	0.4879500364742666	27	1	14	9.078874853402375	0.0	0	0	1
218	1.0	50.0	[3]	{1}	0.8310093774485711	0.7579029522181918	0.7436537422478503	0.0	0	593.1579617317766	93.1579617317766	2.3094010767585034	37	21	29	20.045894267877568	1.1161311844418276	0	0	21
466	1.0	50.0	[1]	{1}	1.6836034573389076	1.2910907836753451	1.2910907836753451	0.0	0	312.5428925268352	187.4571074731648	0.0	3	1	2	1.4330857850536705	0.0	0	0	1
342	1.0	50.0	[2]	{1}	1.0575420987343602	0.8827023863238803	0.8826205843767085	0.0	0	565.8765160478652	65.87651604786515	0.0	24	0	12	9.159259096287192	0.3550912817210943	0	0	0
404	1.0	50.0	[1]	{2}	4.350662301388992	3.121739700486845	3.1217397004868443	0.0	0	139.52098786830902	360.479012131691	1.2909944487358056	9	3	6	2.856125927209854	0.0	0	0	3
156	1.0	50.0	[3]	{0}	1.0279245308515317	0.77440876821399	0.8158931174381048	0.0	0	162.4029336962849	337.5970663037151	0.4979550016552393	27	9	18	12.08244693914056	0.4824790035673865	0	0	9
32	1.0	50.0	[1]	{0}	4.21639000479736	2.9704393598923504	2.9704393598923504	0.0	0	705.5531651712954	205.5531651712954	0.41286141192238524	19	3	11	8.672553165171296	0.0	0	0	3
95	1.0	50.0	[3]	{1}	1.4923726300542564	1.4074556714130733	1.3187764771779835	0.0	0	66.29534694366157	433.70465305633843	1.0513341127463576	73	37	55	28.427472000239405	1.800445123630289	0	0	37
219	1.0	50.0	[1]	{1}	2.2746539021900576	1.9968639697509944	1.9968639697509944	0.0	0	944.5197598543018	444.5197598543018	1.2370973485907928	76	38	57	28.930492247430607	0.0	0	0	38
281	1.0	50.0	[1]	{2}	1.2930715859488078	1.0551803720627286	1.0551803720627286	0.0	0	794.6139320265502	294.6139320265502	0.4876175733428988	37	9	22	15.9418606797345	0.0	0	0	7
467	1.0	50.0	[2]	{0}	2.1945550615491447	1.7385647403235331	1.6992895803728263	0.0	0	727.528307121247	227.52830712124705	2.1146674689124456	61	13	37	26.981245235908776	0.7746286371676316	0	0	13
343	1.0	50.0	[2]	{1}	1.6784630153298665	1.4959053771329507	1.5005855396703103	0.0	0	923.1391251087188	423.13912510871876	0.10948978029027179	51	29	40	22.78943499565125	0.6724146082074881	0	0	29
405	1.0	50.0	[3]	{0}	0.846584253562376	0.6935944161644143	0.6780568528051739	0.0	0	319.4123017601669	180.58769823983312	0.7253185207353657	22	6	14	10.264824603520331	0.430988181404408	0	0	6
157	1.0	50.0	[3]	{1}	2.8300358451651695	2.0984471239827074	2.3401305986524026	0.0	0	81.95248292759061	418.0475170724094	0.42254290920740517	94	62	78	43.51457877078653	2.318954129448743	0	0	62
96	1.0	50.0	[1]	{0}	5.192053104743384	4.0841052167102205	4.0841052167102205	0.0	0	289.1701585613191	210.8298414386809	0.24359938288234503	12	4	8	6.089680634245275	0.0	0	0	4
33	1.0	50.0	[2]	{2}	2.732403483864851	2.2740449762128576	2.2952096492116176	0.0	0	27.831228682771325	472.1687713172287	1.7112245455063395	88	48	67	34.42869232174568	0.9738322884844888	0	0	46
282	1.0	50.0	[3]	{1}	5.831665801275863	5.340809992987873	5.378285119913632	0.0	0	784.9581183400005	284.9581183400005	7.051282736870939	199	167	183	121.42590015421995	8.167797151038869	0	0	167
220	1.0	50.0	[2]	{2}	1.960092650150322	1.6608156659139321	1.7436800959531151	0.0	0	743.3106007520109	243.31060075201094	3.6018229135695314	86	50	68	44.42509116390348	1.1042043411000086	0	0	50
468	1.0	50.0	[3]	{0}	2.670340903361081	2.1143385933371235	2.1427959941613555	0.0	0	702.75545748882	202.75545748881996	2.682060829361941	74	24	49	34.9216681376677	1.2606758492653152	0	0	24
344	1.0	50.0	[1]	{0}	1.4292862505204023	1.0907774931639318	1.0907774931639318	0.0	0	996.9389974139632	496.9389974139632	1.9364916731037085	7	3	5	1.972305012930184	0.0	0	0	3
406	1.0	50.0	[2]	{0}	1.4294205397839659	1.2219457134580716	1.1709349309587516	0.0	0	201.58161083236337	298.41838916763663	0.9088109773219402	53	5	29	19.048377049144356	0.627161789444151	0	0	5
158	1.0	50.0	[1]	{0}	3.421652071389216	2.4490959140008117	2.4490959140008117	0.0	0	338.5227061808109	161.47729381918907	0.0936585811581694	18	4	11	8.107658943265678	0.0	0	0	4
97	1.0	50.0	[3]	{1}	1.1785147121853905	1.0297576094257401	1.0282512454906456	0.0	0	467.2771589830518	32.72284101694822	3.671776857157009	46	26	36	25.69977158983052	1.2009557113403893	0	0	26
34	1.0	50.0	[1]	{1}	1.8641342773491882	1.457784299340544	1.457784299340544	0.0	0	76.10174058936536	423.89825941063464	1.407376618473601	51	5	28	15.986645255323502	0.0	0	0	5
283	1.0	50.0	[2]	{0}	3.6120097875418575	2.728733703097751	2.7267534566275926	0.0	0	451.3298391830176	48.67016081698239	0.3288292185478052	94	8	52	41.14602096490189	0.9614356375841343	0	0	10
221	1.0	50.0	[2]	{0}	3.4036967417001858	3.032180276715976	2.9119281744157446	0.0	0	824.2823190521449	324.2823190521449	1.0570610304849255	94	12	53	30.88729564265348	1.5809051469014215	0	0	12
469	1.0	50.0	[2]	{0}	1.644263851883091	1.3656107386968257	1.362372346476184	0.0	0	454.9012277275324	45.09877227246761	1.5772334190854411	57	11	34	25.62858035635948	0.612047080837419	0	0	11
345	1.0	50.0	[1]	{1}	1.3229646938143418	1.0669605941403724	1.0669605941403724	0.0	0	710.6255157850683	210.62551578506827	0.0	10	0	5	3.1191234526447955	0.0	0	0	0
407	1.0	50.0	[1]	{1}	1.0002291597538882	0.876737870258656	0.876737870258656	0.0	0	569.2891352809966	69.28913528099656	1.6431676725154982	11	3	7	5.050289135280996	0.0	0	0	3
159	1.0	50.0	[3]	{2}	2.813883193222295	2.5521123218892545	2.551575206045648	0.0	0	367.8842775989324	132.11572240106761	6.921163206462262	97	79	88	65.26784277598932	3.533367984294543	0	0	79
98	1.0	50.0	[1]	{0}	1.5638336686071201	1.2338315689269097	1.2338315689269097	0.0	0	418.3581352699548	81.6418647300452	0.3262473700083212	36	6	21	14.599372029049322	0.0	0	0	6
35	1.0	50.0	[1]	{2}	2.5091518734048486	1.7895019656099347	1.7895019656099347	0.0	0	155.2095329388976	344.7904670611024	1.8516401995451028	6	0	3	1.8732095329388976	0.0	0	0	0
222	1.0	50.0	[1]	{0}	1.0413195118637324	0.9058811029484573	0.9058811029484573	0.0	0	976.421716157347	476.42171615734696	0.7142857142857143	13	1	7	3.918047986898571	0.0	0	0	1
284	1.0	50.0	[2]	{1}	2.1690041103784394	1.757809757330939	1.7814235429881513	0.0	0	36.14596673287451	463.8540332671255	0.3172206342872576	71	31	51	28.504152369910848	0.7478292819834294	0	0	31
470	1.0	50.0	[2]	{2}	2.325486165319954	2.173546565140449	1.9198618327914665	0.0	0	888.7852693442255	388.7852693442255	1.3437326323159322	78	6	42	22.82701868754253	1.4096247794285333	0	0	6
346	1.0	50.0	[1]	{2}	1.75786376307639	1.2925921068327173	1.2925921068327173	0.0	0	446.9461196567863	53.05388034321368	1.1266860643512486	21	3	12	8.406	0.0	0	0	3
408	1.0	50.0	[1]	{2}	1.7893511522099312	1.452559892074792	1.452559892074792	0.0	0	694.5450715720654	194.54507157206535	0.3227735185089632	30	2	16	11.856819713711738	0.0	0	0	2
160	1.0	50.0	[1]	{2}	3.513555090033464	3.0649480310533197	3.0649480310533197	0.0	0	89.53472063876688	410.4652793612331	1.275051169911787	54	6	30	16.38590273660794	0.0	0	0	6
99	1.0	50.0	[3]	{0}	2.23302010071231	1.7178033716194872	1.7198786805681578	0.0	0	969.9203292839228	469.9203292839228	1.476049932846216	46	12	29	15.943310450766237	0.3653251398425098	0	0	12
36	1.0	50.0	[1]	{2}	3.503314251109428	2.827183547658663	2.827183547658663	0.0	0	73.69413739070296	426.30586260929704	1.9582476588923636	16	0	8	3.0091648243442175	0.0	0	0	0
223	1.0	50.0	[3]	{1}	1.8209527695528631	1.6630831578436271	1.5098698853187154	0.0	0	997.6002536714076	497.6002536714076	0.2580501148055394	59	1	30	16.56499238985777	1.4611467948514894	0	0	1
285	1.0	50.0	[3]	{2}	3.540609917756908	2.728530457561331	3.0011714985307285	0.0	0	26.93369798362255	473.06630201637745	0.3604864699950679	111	87	99	52.99756870441139	3.342039816387285	0	0	87
471	1.0	50.0	[1]	{0}	3.776221149985476	3.578308135061029	3.578308135061028	0.0	0	301.89732601866126	198.10267398133874	0.11131932253689726	99	23	61	41.35858501880243	0.0	0	0	23
347	1.0	50.0	[2]	{2}	1.772132670898844	1.4089100527489347	1.3710391661676877	0.0	0	967.0144245028496	467.0144245028496	2.4982456157690955	48	10	29	17.260581689417364	0.5660643015471631	0	0	10
409	1.0	50.0	[2]	{1}	5.142326115996461	3.9270950588858238	4.197478937441755	0.0	0	98.25036791153252	401.7496320884675	0.024218258071629018	143	73	108	60.807035319507115	2.299331750423567	0	0	73
100	1.0	50.0	[1]	{1}	4.5123766960117875	3.091243865049308	3.0912438650493073	0.0	0	225.4024716094136	274.5975283905864	1.1094003924504583	25	5	15	11.033207414828242	0.0	0	0	5
161	1.0	50.0	[1]	{2}	2.3780278679505984	1.779232531577486	1.779232531577486	0.0	0	58.71304334141314	441.28695665858686	0.10350983390135314	34	4	19	10.916121736804023	0.0	0	0	4
37	1.0	50.0	[2]	{1}	2.0973904726712242	1.955705573254795	1.8221024565892707	0.0	0	792.6942210178822	292.6942210178822	1.1706392210707162	88	14	51	31.913983170123775	1.2298669214425035	0	0	14
224	1.0	50.0	[2]	{1}	1.5846837496572372	1.183326336467358	1.2386084701164575	0.0	0	931.1817777343094	431.18177773430943	0.05415303610738823	43	19	31	17.79536489023641	0.5744773326236912	0	0	19
286	1.0	50.0	[1]	{0}	0.8541568894795438	0.6983842519009481	0.6983842519009481	0.0	0	770.929217338562	270.929217338562	nan	1	1	1	0.384070782661438	0.0	0	0	1
472	1.0	50.0	[1]	{0}	1.3272732617872727	1.1539283567577443	1.1539283567577443	0.0	0	1.041223295032978	498.958776704967	1.0	2	0	1	0.914041223295033	0.0	0	0	0
348	1.0	50.0	[1]	{0}	2.195425060055663	1.7965535556397583	1.7965535556397583	0.0	0	549.626724794507	49.62672479450703	0.7405359377080046	34	2	18	12.978746550410987	0.0	0	0	2
410	1.0	50.0	[1]	{2}	1.881749098257353	1.3053323671391268	1.305332367139127	0.0	0	435.8645947650075	64.1354052349925	0.05292561240249631	16	0	8	5.764458379060031	0.0	0	0	0
162	1.0	50.0	[1]	{2}	5.11266030154504	3.5836126611150423	3.5836126611150423	0.0	0	628.8180821575224	128.81808215752244	1.5275252316519468	29	5	17	11.65690958921239	0.0	0	0	5
101	1.0	50.0	[1]	{1}	2.2155018406335345	1.9232576804350694	1.9232576804350694	0.0	0	499.28328790701926	0.7167120929807425	2.1630161676230872	68	24	46	34.30833424185961	0.0	0	0	24
38	1.0	50.0	[3]	{0}	2.3599533499693592	2.0562316930060893	2.0631552693075457	0.0	0	468.85638893581927	31.14361106418073	4.243154658462948	91	51	71	53.122409723395485	2.567833343055451	0	0	51
225	1.0	50.0	[1]	{2}	2.129413200271043	1.9876223769237251	1.9876223769237251	0.0	0	799.8787548858672	299.87875488586724	0.588624560513267	81	39	60	37.72654723616317	0.0	0	0	39
287	1.0	50.0	[2]	{0}	2.7883343519017965	2.5178828526297155	2.3695405150485085	0.0	0	849.5212821289897	349.5212821289897	2.8860978700098165	98	8	53	34.03841461142154	1.3997890904865682	0	0	8
473	1.0	50.0	[1]	{0}	1.3526544715621018	1.2146944969097875	1.2146944969097875	0.0	0	242.6635094452649	257.33649055473506	0.9310377580908743	46	0	23	17.755663509445263	0.0	0	0	0
349	1.0	50.0	[1]	{2}	1.7516349631634882	1.4937744458654265	1.4937744458654265	0.0	0	436.8080096319318	63.19199036806822	1.3578057164544433	10	6	8	5.886000000000001	0.0	0	0	6
411	1.0	50.0	[1]	{0}	1.9301272134511047	1.5242699167382214	1.5242699167382217	0.0	0	513.5977021418512	13.597702141851187	0.6255432421712244	45	3	24	16.6851954042837	0.0	0	0	3
163	1.0	50.0	[1]	{0}	4.307398466255469	3.028497106781637	3.028497106781637	0.0	0	529.4027905911207	29.40279059112072	1.224744871391589	3	1	2	1.6838055811822414	0.0	0	0	1
102	1.0	50.0	[1]	{2}	3.3153836168312596	3.0711402338260196	3.0711402338260196	0.0	0	227.56716795265675	272.43283204734325	0.04528334128517262	18	4	11	7.3351045115739115	0.0	0	0	4
39	1.0	50.0	[1]	{2}	2.2355722742632507	1.5344538846385403	1.5344538846385403	0.0	0	729.1364353150129	229.13643531501293	1.161895003862225	9	3	6	4.857545741260052	0.0	0	0	3
226	1.0	50.0	[1]	{2}	3.9991668210313276	3.0078288329844205	3.0078288329844205	0.0	0	716.8509853072464	216.85098530724645	0.9072647087265547	41	11	26	18.70478817631304	0.0	0	0	11
288	1.0	50.0	[1]	{0}	4.092369656429999	3.375963079058976	3.375963079058976	0.0	0	979.5762072317302	479.5762072317302	1.3578057164544433	10	2	6	4.368695171073079	0.0	0	0	2
474	1.0	50.0	[1]	{2}	2.6647870515728465	2.063761165495189	2.063761165495189	0.0	0	626.9621308892965	126.96213088929653	1.1614552460742777	53	9	31	23.418265083774923	0.0	0	0	9
350	1.0	50.0	[1]	{0}	2.859450063190266	2.029462836754683	2.029462836754683	0.0	0	39.88302405923605	460.11697594076395	0.8528028654224417	10	2	6	3.701298144355416	0.0	0	0	2
103	1.0	50.0	[3]	{1}	4.941574413192381	3.8136260923394225	4.058504557185787	0.0	0	810.8992865309119	310.8992865309119	2.1281888330263032	160	80	120	74.88106421221792	3.6062356097478236	0	0	80
164	1.0	50.0	[1]	{1}	2.76243838957849	2.128598387425801	2.1285983874258005	0.0	0	153.81709951907396	346.18290048092604	1.267731382092775	19	1	10	4.61717099519074	0.0	0	0	1
412	1.0	50.0	[1]	{0}	2.1396916027785227	1.7475184691757009	1.7475184691757009	0.0	0	146.99977566488087	353.0002243351191	1.2702146976599116	31	1	16	12.321997756648809	0.0	0	0	1
40	1.0	50.0	[3]	{2}	0.9703435296388877	0.801098894294313	0.7894307785240106	0.0	0	560.7162709347904	60.71627093479037	2.9646353064078554	31	15	23	17.12914881280437	0.6855594970212368	0	0	15
227	1.0	50.0	[2]	{2}	1.2627882655698797	0.999377242166988	0.9962764868480787	0.0	0	183.837567223236	316.16243277676404	0.14093686918046405	42	6	24	18.0137259411253	0.37468982958031594	0	0	6
289	1.0	50.0	[1]	{2}	5.178605318719789	3.850213372380769	3.850213372380769	0.0	0	205.03088738769293	294.9691126123071	1.4599765517060648	36	4	20	12.365370648652315	0.0	0	0	4
475	1.0	50.0	[2]	{2}	4.873535088977487	4.701779740567334	4.70205643183778	0.0	0	592.9559587966651	92.95595879666507	0.5878222855698739	195	39	117	81.03688857357021	2.2682654718954036	0	0	39
351	1.0	50.0	[3]	{1}	2.249179660543928	1.9029409150050671	1.906834497275494	0.0	0	531.6715114749968	31.671511474996805	3.663051160695799	86	36	61	46.826270350825034	1.882534436004493	0	0	36
104	1.0	50.0	[1]	{0}	1.9456949429278358	1.4424582062993627	1.4424582062993627	0.0	0	313.0393987521529	186.96060124784708	1.9364916731037083	14	4	9	6.205960601247847	0.0	0	0	4
413	1.0	50.0	[2]	{2}	6.414452813360214	5.034649005141515	5.026208262338105	0.0	0	532.7762514352798	32.776251435279846	1.152524472426246	157	9	83	61.06385378301144	2.076508034942949	0	0	9
165	1.0	50.0	[2]	{1}	5.830214393981738	4.848594187474026	4.972851555559444	0.0	0	31.92037483677268	468.0796251632273	0.21078195830315594	177	101	139	73.9402506029643	2.323206389824662	0	0	101
41	1.0	50.0	[1]	{2}	4.396987901149075	3.238132355507152	3.238132355507152	0.0	0	563.3398855570704	63.339885557070374	1.384488756476237	44	14	29	21.156941029986363	0.0	0	0	14
228	1.0	50.0	[3]	{0}	4.257179222584359	3.4381373258315544	3.478026838066168	0.0	0	242.13486001826823	257.8651399817318	3.1665697445601837	116	52	84	60.22904580054805	2.4358307407899944	0	0	52
290	1.0	50.0	[1]	{1}	3.526703468777528	2.992824436265995	2.992824436265995	0.0	0	42.15252096764743	457.84747903235257	1.5128205128205128	26	0	13	4.672982772579417	0.0	0	0	0
476	1.0	50.0	[1]	{1}	1.9854657281361934	1.534189098786409	1.534189098786409	0.0	0	922.0004896633328	422.0004896633328	2.008316044185609	11	1	6	3.260998041346669	0.0	0	0	1
352	1.0	50.0	[2]	{1}	2.679827819642795	2.31557647664439	2.3710411004312824	0.0	0	295.91209278441966	204.08790721558034	0.7862009077941817	108	44	76	50.11037393820287	1.3028954915524027	0	0	44
105	1.0	50.0	[3]	{2}	1.3986105200583476	1.1032446773766642	1.2061740901202405	0.0	0	938.1818021647632	438.1818021647632	1.4659933757381054	48	36	42	23.933455122068526	1.4926307586130876	0	0	36
414	1.0	50.0	[3]	{0}	1.8275940094444145	1.4598990534974936	1.4852120010493368	0.0	0	326.06390421278775	173.93609578721225	2.160246899469287	59	25	42	29.59889465897903	1.0616621100158226	0	0	25
42	1.0	50.0	[3]	{1}	1.16179907394497	0.9068921959649247	0.9159668210557667	0.0	0	590.2764324564487	90.27643245644867	0.18379072025790769	28	4	16	12.478	0.4574605468169154	0	0	4
166	1.0	50.0	[1]	{1}	1.6602934487087304	1.1820815703568286	1.1820815703568281	0.0	0	888.6711499653757	388.67114996537566	2.9277002188455996	13	7	10	5.879973100207746	0.0	0	0	7
291	1.0	50.0	[3]	{2}	3.5121141175259343	2.87923505084704	3.0069859719609715	0.0	0	879.7567868605256	379.7567868605256	0.2689797861743751	122	98	110	59.66780774022639	3.319605013918242	0	0	98
229	1.0	50.0	[2]	{2}	3.0292504693422826	2.403128754898626	2.545268097580598	0.0	0	322.2519506234676	177.74804937653238	5.00508617048343	116	76	96	68.95758972867948	1.830310387703898	0	0	76
477	1.0	50.0	[2]	{2}	3.5673068750751256	2.917393954196389	2.918742240275937	0.0	0	626.8644207157195	126.86442071571946	1.3437242414711505	88	28	58	41.7136943299398	1.145716574275434	0	0	28
353	1.0	50.0	[2]	{0}	2.7130331317771263	2.0925712290296925	2.1074920810756925	0.0	0	369.9129980523139	130.08700194768608	0.5861364081613111	74	6	40	29.301085957150907	0.865674538322435	0	0	6
106	1.0	50.0	[1]	{1}	4.47539508428477	3.165699297810768	3.165699297810768	0.0	0	688.3405563421547	188.34055634215474	0.7996709849747747	18	4	11	8.613659443657845	0.0	0	0	4
43	1.0	50.0	[2]	{0}	4.918456388347181	3.77127887096889	3.791423861876813	0.0	0	578.027822310105	78.02782231010497	1.699802513417204	113	17	65	49.193805243829274	1.5903726911226492	0	0	17
167	1.0	50.0	[1]	{1}	1.7681099491102386	1.6725357246750743	1.6725357246750743	0.0	0	978.4760104957968	478.4760104957968	0.36115755925730764	22	0	11	4.954763884546235	0.0	0	0	0
415	1.0	50.0	[2]	{0}	3.942024852138125	3.060217917467208	3.065702061453248	0.0	0	803.3568034879863	303.3568034879863	0.24829647861529175	97	3	50	31.77758228838444	1.1127678321577	0	0	3
230	1.0	50.0	[2]	{1}	1.5509776691855015	1.1753625824253944	1.2306562815205988	0.0	0	985.000411979854	485.000411979854	0.3893957789726338	37	19	28	15.27598846456409	0.5691749770853712	0	0	19
292	1.0	50.0	[1]	{0}	5.8195417203669795	5.035946558642911	5.035946558642911	0.0	0	966.0354966763408	466.0354966763408	1.6193868571479295	173	71	122	69.69566940548643	0.0	0	0	71
354	1.0	50.0	[1]	{2}	3.1535934987655745	2.2483166741811527	2.2483166741811527	0.0	0	990.5083077028394	490.5083077028394	0.3651483716701107	11	1	6	1.9879501537829638	0.0	0	0	1
478	1.0	50.0	[2]	{0}	3.0361433659477575	2.5911315083440725	2.6349959471882816	0.0	0	827.497853897512	327.49785389751196	0.42059071759150596	115	59	87	51.59266524989156	1.250862359753606	0	0	59
107	1.0	50.0	[1]	{2}	2.701892089513214	2.1823614514491254	2.1823614514491254	0.0	0	840.4267912264913	340.42679122649133	0.39759164042811007	30	8	19	12.894451714055613	0.0	0	0	8
44	1.0	50.0	[3]	{2}	2.622443684928786	2.171004178719289	2.092024561161332	0.0	0	86.7821741849184	413.2178258150816	0.5711023204334191	72	20	47	30.111940444841988	1.1926675124722395	0	0	22
416	1.0	50.0	[1]	{1}	2.264784439562523	1.7385317959622468	1.7385317959622468	0.0	0	942.5232019275428	442.5232019275428	0.8305395344999218	14	2	8	5.440860788434744	0.0	0	0	2
168	1.0	50.0	[2]	{2}	2.0285592674980464	1.7557829772305968	1.7583197517531515	0.0	0	465.6541957519949	34.345804248005095	1.5311180047019055	62	16	39	28.353354893799875	0.8178999264464348	0	0	16
231	1.0	50.0	[3]	{1}	2.576208500959761	2.1518069599940715	2.1120664538505256	0.0	0	396.1446441244334	103.8553558755666	3.912704730650948	76	44	60	46.579578576497724	1.8219330728516123	0	0	44
293	1.0	50.0	[1]	{0}	2.7805188782288814	2.3451036861280414	2.3451036861280414	0.0	0	12.643842725083232	487.35615727491677	0.22695888143731022	67	5	36	18.930178338103	0.0	0	0	5
355	1.0	50.0	[3]	{2}	2.547659766090081	2.098478976517729	2.0941852093583506	0.0	0	280.7803046889603	219.2196953110397	3.1229959477169036	85	43	64	43.90209096880258	1.4871096722830655	0	0	43
479	1.0	50.0	[1]	{0}	1.5069583788443328	1.0652729760300217	1.0652729760300217	0.0	0	670.5853785388172	170.58537853881717	nan	0	0	0	0.0	0.0	0	0	0
108	1.0	50.0	[3]	{0}	0.913411199674013	0.8086829331554063	0.8117758120407778	0.0	0	401.1537383776158	98.84626162238419	3.1129979605712896	27	17	22	16.323922430265696	1.0450290894650112	0	0	17
45	1.0	50.0	[3]	{0}	2.4410670687471328	2.0286314246245514	2.1117423394915096	0.0	0	937.306359410286	437.30635941028595	2.929718626681937	86	66	76	40.93800571656228	2.4375882271831006	0	0	66
417	1.0	50.0	[1]	{0}	8.646758584201613	5.951139843931888	5.951139843931888	0.0	0	521.1532348766923	21.153234876692295	1.4153462926807445	25	1	13	8.839846765123308	0.0	0	0	1
169	1.0	50.0	[1]	{0}	2.850444232249224	2.2192116498181926	2.2192116498181926	0.0	0	437.21760949119925	62.782390508800745	1.2094178063983372	53	7	30	21.389611313894395	0.0	0	0	7
232	1.0	50.0	[3]	{0}	2.701856077920227	2.1031452699329654	2.3386285029963334	0.0	0	35.26323614642024	464.73676385357976	1.2491657315800944	93	69	81	40.51074271098154	3.004593955266972	0	0	69
294	1.0	50.0	[3]	{2}	1.2199031680413328	0.9342127155259743	0.959034450921897	0.0	0	642.3114950302988	142.31149503029883	2.0932969072087384	28	16	22	17.63013102981821	0.5272749438338958	0	0	16
480	1.0	50.0	[3]	{1}	1.673005054591847	1.3635397202953747	1.342830517286328	0.0	0	923.7377368845046	423.73773688450456	0.41513904361299825	46	14	30	16.074818841002884	0.7534865006285982	0	0	14
356	1.0	50.0	[2]	{1}	1.5744819506873418	1.1968723800840135	1.2993490928709117	0.0	0	57.53748188726604	442.46251811273396	1.3698722076270877	52	40	46	28.048424311716108	0.7437135272329021	0	0	40
109	1.0	50.0	[1]	{1}	2.773174550405447	2.2111147571315803	2.2111147571315803	0.0	0	536.3221007864922	36.32210078649223	1.3009850050907867	32	6	19	14.156966302359479	0.0	0	0	6
46	1.0	50.0	[1]	{0}	0.7652336295801127	0.668017389464982	0.668017389464982	0.0	0	965.6451088376344	465.64510883763444	1.1972980945749172	31	7	19	11.684742932084948	0.0	0	0	7
418	1.0	50.0	[2]	{0}	1.7269389428135098	1.3027407235904165	1.3083945717806111	0.0	0	291.81395447812974	208.18604552187026	1.3862065601673441	35	7	21	13.519697681346909	0.472082771657836	0	0	7
170	1.0	50.0	[1]	{2}	2.4724097011164945	2.1094913406697327	2.1094913406697327	0.0	0	129.31577931158245	370.68422068841755	0.5809475019311126	23	3	13	7.282105131050571	0.0	0	0	3
233	1.0	50.0	[3]	{2}	1.3199972859637314	1.1480465683978254	1.1154408845989645	0.0	0	979.5401457231492	479.5401457231492	0.7421119714356968	40	20	29	15.74533577402867	1.0715370088606266	0	0	18
295	1.0	50.0	[3]	{2}	2.6431996355716767	2.1206579895563467	2.081608791533754	0.0	0	965.3602028265595	465.36020282655954	1.4567476048911656	65	29	47	26.121231684111056	0.877584288229386	0	0	29
481	1.0	50.0	[1]	{0}	2.488648267124548	1.684865438735243	1.684865438735243	0.0	0	933.6130945011972	433.6130945011972	nan	2	2	2	1.1787738109976056	0.0	0	0	2
357	1.0	50.0	[1]	{2}	2.356694686966064	1.9255926403773969	1.9255926403773969	0.0	0	636.1436485312879	136.1436485312879	0.04279604925109129	47	9	28	19.888701623499394	0.0	0	0	9
110	1.0	50.0	[1]	{0}	1.6407744059954037	1.4327823629999794	1.4327823629999794	0.0	0	229.99430960044265	270.00569039955735	0.0716182890839134	46	10	28	19.428874811209738	0.0	0	0	10
47	1.0	50.0	[2]	{1}	1.524794395221	1.3299075705058332	1.2906868170995707	0.0	0	171.36277770623565	328.63722229376435	0.5546195840848512	45	21	33	20.665794998068364	0.6476332322804536	0	0	21
419	1.0	50.0	[3]	{1}	2.5151750436150495	1.9433826787150048	1.9423334534538967	0.0	0	103.2240733038634	396.7759266961366	1.2361111111111112	63	13	38	21.459722199115895	0.45026174325944046	0	0	13
234	1.0	50.0	[3]	{2}	1.2449156233535517	1.0537480419726573	1.0669759562135481	0.0	0	715.5972914770246	215.59729147702456	2.96797579317627	36	26	31	21.029651461936535	1.127668642525826	0	0	26
171	1.0	50.0	[3]	{2}	2.3697991873747517	2.081710036470641	2.1098519852600237	0.0	0	605.1154781598598	105.11547815985978	6.409007575313317	94	70	82	58.413921393122514	2.927744876886578	0	0	70
296	1.0	50.0	[1]	{2}	1.6636281131976802	1.3106023255420898	1.3106023255420898	0.0	0	60.17058296129108	439.8294170387089	nan	0	0	0	0.0	0.0	0	0	0
482	1.0	50.0	[1]	{0}	1.2421819280460846	0.9049759681833043	0.9049759681833043	0.0	0	180.3477038629353	319.6522961370647	2.3145502494313783	15	5	10	6.499390815451742	0.0	0	0	5
358	1.0	50.0	[1]	{2}	1.6607710790687369	1.2058542489234045	1.2058542489234045	0.0	0	642.3762938939035	142.3762938939035	1.5491933384829668	4	4	4	2.964	0.0	0	0	4
111	1.0	50.0	[1]	{1}	1.29662570569919	1.074480223441829	1.074480223441829	0.0	0	964.4028830807656	464.4028830807656	1.5001265128834536	51	9	30	16.63591350757703	0.0	0	0	9
48	1.0	50.0	[2]	{1}	3.095851618343988	2.569350804137444	2.7263602288891793	0.0	0	857.7356403693557	357.7356403693557	0.7183153983413225	99	63	81	48.21882697229833	1.6173323293289452	0	0	63
420	1.0	50.0	[2]	{0}	1.637628075210907	1.3945129327791306	1.411371247703797	0.0	0	449.94467101059854	50.05532898940146	2.0519567041703084	44	16	30	22.69300407819077	0.9293508195906683	0	0	16
172	1.0	50.0	[1]	{0}	2.1888781782417226	2.1312177787734576	2.1312177787734576	0.0	0	338.2853986695409	161.71460133045912	0.9705231721239391	27	7	17	12.886285398669543	0.0	0	0	7
235	1.0	50.0	[1]	{1}	1.4445700815307136	1.3374064440379683	1.3374064440379683	0.0	0	449.9285249039531	50.071475096046925	0.6713364850729217	46	6	26	18.388428199231626	0.0	0	0	6
297	1.0	50.0	[3]	{1}	1.4103476511950335	1.2599919570057985	1.2417964507761121	0.0	0	264.6452421322465	235.3547578677535	3.088970445684871	56	36	46	32.29348581117391	1.5495966758574016	0	0	36
483	1.0	50.0	[2]	{2}	3.389465742804776	2.622948379158719	2.7723493925011566	0.0	0	758.3753848448396	258.3753848448396	1.6388356582184482	96	48	72	46.583978448688974	1.6558488996674787	0	0	48
359	1.0	50.0	[1]	{0}	3.154036306265573	2.736830587519439	2.736830587519439	0.0	0	880.6783696636558	380.67836966365576	1.0504514628777804	47	5	26	15.15136238874495	0.0	0	0	5
112	1.0	50.0	[1]	{0}	2.9604266961890504	2.096670628820265	2.096670628820265	0.0	0	987.8754168748856	487.87541687488556	1.4007719879274294	36	4	20	8.46849166250229	0.0	0	0	4
49	1.0	50.0	[1]	{2}	0.6886096045615666	0.5801651488174747	0.5801651488174747	0.0	0	128.88673203997314	371.11326796002686	0.1851640199545103	19	9	14	7.0854142485596245	0.0	0	0	9
173	1.0	50.0	[3]	{0}	1.852326058245075	1.6090314313944574	1.6091891501677975	0.0	0	523.5382656101137	23.53826561011374	3.6775313287777442	65	37	51	39.570385203169664	1.7662573784082798	0	0	37
421	1.0	50.0	[2]	{2}	2.7564528476281343	2.4467925640320654	2.45178911179599	0.0	0	583.5246804635972	83.52468046359718	0.02845091259899618	86	4	45	31.3886361837741	1.1333839017380476	0	0	4
236	1.0	50.0	[2]	{2}	1.3945472877817	1.3121666863289514	1.2323297963672974	0.0	0	17.552522476762533	482.44747752323747	0.8088376508130467	57	33	45	26.998863511454314	0.7005392230306065	0	0	33
298	1.0	50.0	[1]	{2}	2.7687524700194377	2.3196980028465886	2.319698002846588	0.0	0	904.871513368562	404.871513368562	0.6633249580710799	49	5	27	13.906955192523075	0.0	0	0	5
360	1.0	50.0	[1]	{0}	3.654273589108098	2.9507680149913247	2.9507680149913247	0.0	0	117.95367812737824	382.0463218726218	1.0	2	0	1	0.5959536781273782	0.0	0	0	0
484	1.0	50.0	[1]	{1}	3.543094586822926	2.7941096833959493	2.7941096833959493	0.0	0	65.1695232372731	434.8304767627269	0.5311638225488705	88	4	46	24.023798068914562	0.0	0	0	4
113	1.0	50.0	[3]	{0}	3.9771528961527145	3.3745390197506775	3.34564707423215	0.0	0	281.64736181497574	218.35263818502426	2.3738991490843095	113	57	85	57.27872072893381	3.034577038968074	0	0	57
50	1.0	50.0	[2]	{0}	3.3048565771731044	2.7609304808694115	2.7278985562916307	0.0	0	645.6865824293345	145.68658242933452	0.7227365653873354	117	9	63	46.230476955538606	1.302203052749322	0	0	9
174	1.0	50.0	[1]	{0}	1.4379565035255828	0.9823990015643258	0.9823990015643259	0.0	0	450.6975249387324	49.302475061267614	0.5773502691896258	5	1	3	2.2219074251838027	0.0	0	0	1
422	1.0	50.0	[3]	{0}	2.5343378304065	2.312510248707895	2.199196893608799	0.0	0	927.1899925079196	427.18999250791956	0.9464948676893139	97	47	72	47.47888035961986	2.652800997926493	0	0	47
237	1.0	50.0	[1]	{2}	2.145902407445921	1.960621622649892	1.960621622649892	0.0	0	450.776889687404	49.22311031259602	1.4245881421043085	72	16	44	33.033015985626726	0.0	0	0	16
299	1.0	50.0	[1]	{1}	1.5272313376133324	1.3173540398545627	1.3173540398545627	0.0	0	366.9718687888235	133.02813121117651	1.4055137763355348	20	6	13	9.45191560636647	0.0	0	0	6
361	1.0	50.0	[3]	{0}	0.9880375110635093	0.7410094159050161	0.755843562968064	0.0	0	61.06384331360459	438.9361566863954	1.1560119533826787	21	11	16	6.608021493017674	0.15231912003182582	0	0	11
114	1.0	50.0	[3]	{0}	1.6661652382693548	1.3443112739226846	1.317850097332874	0.0	0	842.9193117190152	342.91931171901524	0.7574024931206431	40	0	20	12.161291012495756	0.6229737888597258	0	0	0
485	1.0	50.0	[2]	{0}	2.8824434797051355	2.3666878870391903	2.328605395656532	0.0	0	342.866606079042	157.13339392095799	2.239225920875136	88	4	47	36.10846733313054	1.129741377688433	0	0	6
423	1.0	50.0	[3]	{1}	4.019247407211732	3.6398581027499626	3.685460431613862	0.0	0	696.1839289870113	196.1839289870113	6.2785645524257765	128	98	113	80.11551604774036	5.600645821667184	0	0	98
51	1.0	50.0	[1]	{0}	3.0230238904111673	2.0769859906686703	2.0769859906686703	0.0	0	122.73477576673032	377.2652242332697	1.2909944487358056	14	0	7	3.8866738788336512	0.0	0	0	0
175	1.0	50.0	[1]	{0}	3.5606673689199644	3.053171674350329	3.053171674350329	0.0	0	703.7958374712616	203.79583747126162	0.387592842114534	106	26	67	43.173637264138094	0.0	0	0	28
238	1.0	50.0	[1]	{1}	2.175647274423059	1.9466371883739626	1.9466371883739626	0.0	0	70.15171740204096	429.84828259795904	0.14159846508095772	55	17	36	19.71015839166939	0.0	0	0	17
300	1.0	50.0	[1]	{0}	3.3700846581402537	2.3800889233272113	2.3800889233272113	0.0	0	238.2609061896801	261.7390938103199	0.26144349280800105	41	9	25	17.551348155707117	0.0	0	0	9
362	1.0	50.0	[3]	{0}	0.7810119904228113	0.6919831488294167	0.6713232450558945	0.0	0	684.1098642908037	184.10986429080367	1.8925201856416813	27	11	19	14.570230949964376	0.7967291012959867	0	0	11
115	1.0	50.0	[3]	{1}	1.7117355466960578	1.3485247283044497	1.355729301615763	0.0	0	616.3929633330554	116.39296333305538	1.5474986871041025	48	10	30	22.65407036666945	0.6373198343980511	0	0	12
486	1.0	50.0	[1]	{0}	1.5561071688702468	1.26538332447423	1.26538332447423	0.0	0	733.4870349150151	233.4870349150151	0.3651483716701107	11	3	7	4.439564825424925	0.0	0	0	3
176	1.0	50.0	[3]	{1}	2.9040624790110416	2.202836203821871	2.3623173523674876	0.0	0	191.30852562375367	308.69147437624633	2.3005778322078383	97	53	75	49.88235185805893	1.9908000096301162	0	0	53
424	1.0	50.0	[2]	{2}	1.8561461169343274	1.5972015182556727	1.5533187079120514	0.0	0	799.9215375166386	299.92153751663864	1.7823405869570603	67	17	42	26.420295424301177	0.7715599512018493	0	0	17
52	1.0	50.0	[1]	{1}	2.659210291687141	2.43469472719942	2.43469472719942	0.0	0	920.0448575429618	420.04485754296184	0.4555796481930977	76	40	58	32.18457769268006	0.0	0	0	40
239	1.0	50.0	[1]	{0}	2.605012006146816	2.203196893800736	2.203196893800736	0.0	0	324.92316886782646	175.07683113217354	1.1547005383792517	5	3	4	2.537846337735653	0.0	0	0	3
301	1.0	50.0	[2]	{0}	1.944805705536441	1.5464916553289634	1.5731597652887368	0.0	0	594.6785274427384	94.67852744273841	0.6507251519983098	51	7	29	20.82789325301535	0.8824270090046651	0	0	7
363	1.0	50.0	[2]	{1}	1.514856751671925	1.2467955358532288	1.2077768209146953	0.0	0	900.3096190281212	400.30961902812123	0.12792042981336624	49	13	31	19.017640286240724	0.5478197849712485	0	0	13
116	1.0	50.0	[2]	{2}	3.415689379245012	3.0799023190339065	3.098001406283844	0.0	0	977.2218586876988	477.22185868769884	0.8153709613572669	114	76	95	48.58236714204399	1.428082655971219	0	0	76
487	1.0	50.0	[3]	{0}	1.5387902504798299	1.3550128495353615	1.248086965175505	0.0	0	73.86563229374588	426.1343677062541	1.2915531998758967	32	6	19	10.393984484406188	1.0028748024136709	0	0	6
425	1.0	50.0	[3]	{2}	2.414168490183415	2.240935293986799	2.2447657440962727	0.0	0	100.48415511846542	399.5158448815346	4.5843902171789805	100	74	87	51.17037501341103	3.4827027418149403	0	0	74
53	1.0	50.0	[3]	{1}	5.208876130927393	4.435525552154529	4.385722349731417	0.0	0	876.0042176581919	376.0042176581919	1.348245613293896	149	83	116	72.65563728139547	3.964975852122318	0	0	83
177	1.0	50.0	[2]	{0}	3.3908418004825895	3.0314465162515125	3.035504087436066	0.0	0	393.6670944094658	106.33290559053421	0.3883365770374194	126	38	82	58.467028231024734	1.3782423173532046	0	0	38
240	1.0	50.0	[1]	{2}	3.8513191117367542	3.2092797924024765	3.2092797924024765	0.0	0	49.00888819247484	450.99111180752516	nan	2	2	2	1.0480177763849499	0.0	0	0	2
302	1.0	50.0	[1]	{1}	2.3000683141947986	2.0818626713607555	2.0818626713607555	0.0	0	12.317016487941146	487.68298351205885	1.9080848049984842	78	46	62	27.990655022252344	0.0	0	0	46
117	1.0	50.0	[3]	{0}	1.205881394740032	0.9410946185819221	0.9469599259324829	0.0	0	404.5911142602563	95.40888573974371	1.3155870289605438	29	9	19	14.292955571301283	0.401866522200138	0	0	9
488	1.0	50.0	[3]	{0}	0.7776948213728774	0.6148799887659243	0.6567696101330173	0.0	0	899.8222558293492	399.82225582934916	2.0906194429337	31	29	30	14.667976836778221	0.6927585621572663	0	0	29
364	1.0	50.0	[1]	{2}	5.091799815829416	3.9856236220960124	3.9856236220960115	0.0	0	512.5854229554534	12.585422955453396	1.504457662130396	15	3	9	6.73924373113364	0.0	0	0	3
426	1.0	50.0	[1]	{0}	2.0794745910048675	1.483479300345809	1.483479300345809	0.0	0	448.09046760201454	51.90953239798546	0.0	3	1	2	1.3831809352040292	0.0	0	0	1
54	1.0	50.0	[1]	{2}	3.0556310629481134	2.2850849627761325	2.2850849627761325	0.0	0	182.5505243614316	317.4494756385684	1.511857892036909	20	4	12	7.1963031461685905	0.0	0	0	4
178	1.0	50.0	[1]	{1}	1.6215880094281636	1.1327068862956065	1.1327068862956065	0.0	0	476.1497713625431	23.850228637456894	0.29277002188455997	6	2	4	3.157700457274914	0.0	0	0	2
303	1.0	50.0	[3]	{2}	1.5547669967065252	1.4167667625307403	1.4177689513119585	0.0	0	549.0312050096691	49.031205009669065	4.365266951236265	53	43	48	37.522124820038655	2.033989445696916	0	0	43
241	1.0	50.0	[2]	{2}	3.366195497515337	2.4550810500692983	2.7243791221399394	0.0	0	105.21560534834862	394.7843946516514	1.7429178125135836	110	64	87	54.47430797973273	1.723420981023711	0	0	64
489	1.0	50.0	[3]	{2}	2.152230285318704	1.969635999553199	1.9687101924420747	0.0	0	533.6991597432643	33.69915974326432	6.64240172840372	87	67	77	57.489707562310635	2.8637725337148945	0	0	67
118	1.0	50.0	[1]	{0}	2.742310877771965	2.0857436717960245	2.0857436717960245	0.0	0	805.6280016899109	305.6280016899109	1.4411533842457842	31	7	19	11.71609198141098	0.0	0	0	7
365	1.0	50.0	[2]	{1}	2.788116551678589	2.227953849972404	2.239486193934964	0.0	0	549.5950875338167	49.595087533816695	1.073548064421474	84	14	50	36.41390807425604	1.0779578829777077	0	0	16
427	1.0	50.0	[1]	{1}	2.265883887025387	1.7611393177928178	1.7611393177928178	0.0	0	465.4889819212258	34.511018078774214	0.8209818712163819	68	8	38	28.119911855369796	0.0	0	0	8
55	1.0	50.0	[1]	{0}	2.540077097057565	2.156376536267312	2.156376536267312	0.0	0	648.4948482830077	148.49484828300774	0.2394603721730797	71	3	37	25.8376287929248	0.0	0	0	3
179	1.0	50.0	[2]	{0}	2.9975786581688464	2.5665379515752917	2.5967877699853217	0.0	0	861.7851848248392	361.78518482483923	0.708313394740308	99	59	79	47.836111138137056	1.1816110919404257	0	0	59
304	1.0	50.0	[1]	{1}	2.8605663622216855	2.4727408395330928	2.4727408395330928	0.0	0	613.6237494647503	113.62374946475029	1.3502712035855329	21	5	13	9.888376250535249	0.0	0	0	5
242	1.0	50.0	[2]	{0}	2.110079438345227	1.6055416900223158	1.6042042223676456	0.0	0	524.8373739887029	24.837373988702893	0.9035205499038438	46	6	26	19.71669899190962	0.6030134992796594	0	0	6
490	1.0	50.0	[1]	{0}	4.185743520667244	3.3670335470201014	3.3670335470201014	0.0	0	848.185230512172	348.185230512172	0.5	35	1	18	9.838406772829593	0.0	0	0	1
119	1.0	50.0	[1]	{2}	1.3336246121233115	1.138556948901064	1.138556948901064	0.0	0	173.51282271556556	326.48717728443444	0.7389884275845571	43	15	29	18.656743631595745	0.0	0	0	15
366	1.0	50.0	[1]	{2}	1.4578101576070135	1.0703736630713399	1.0703736630713399	0.0	0	163.08577125892043	336.91422874107957	nan	2	2	2	1.4921715425178408	0.0	0	0	2
56	1.0	50.0	[3]	{2}	2.957551307500644	2.2783947033962866	2.385097781663402	0.0	0	36.07451752759516	463.92548247240484	0.9323599158477526	90	46	68	34.96062008671089	1.565474876694223	0	0	46
428	1.0	50.0	[1]	{0}	2.2305730221231226	2.040645418585917	2.040645418585917	0.0	0	170.3303512185812	329.6696487814188	0.21081851067789195	17	11	14	8.282303512185813	0.0	0	0	11
180	1.0	50.0	[1]	{0}	1.3148672728877104	1.0052104079255622	1.0052104079255622	0.0	0	489.39728061668575	10.602719383314252	0.5047146145152358	29	3	16	11.812616316299886	0.0	0	0	3
305	1.0	50.0	[2]	{0}	2.6499179037895466	2.1432203000888173	2.1911096777661005	0.0	0	229.9848471302539	270.0151528697461	2.4887807960417625	82	44	63	39.74622720364295	1.0435088376969448	0	0	44
243	1.0	50.0	[1]	{1}	0.9413601351725953	0.7851098350481456	0.7851098350481456	0.0	0	424.9122613109648	75.08773868903518	1.734017930074018	31	5	18	12.790175477378071	0.0	0	0	5
491	1.0	50.0	[1]	{1}	5.558224194489162	4.077637532835377	4.077637532835376	0.0	0	125.1654140651226	374.8345859348774	0.3323657966695579	72	10	41	28.45614286723733	0.0	0	0	10
120	1.0	50.0	[1]	{2}	3.695541475391974	2.938058134667207	2.938058134667207	0.0	0	289.57156743854284	210.42843256145716	1.161895003862225	14	2	8	6.337000000000001	0.0	0	0	2
367	1.0	50.0	[2]	{0}	2.4200584141032064	2.0022812324982286	2.0443329650403714	0.0	0	87.94116461649537	412.05883538350463	0.7393826796645644	82	40	61	35.03576405390723	0.9363564964114378	0	0	40
57	1.0	50.0	[2]	{0}	1.665776180003374	1.3002621972149748	1.2812498033672572	0.0	0	182.5864873826504	317.4135126173496	1.1736911946539275	41	3	22	14.141864873826506	0.5082595850438862	0	0	3
429	1.0	50.0	[1]	{0}	1.5795109102855467	1.2503282670940759	1.250328267094076	0.0	0	392.13106874376535	107.86893125623465	0.6792501192775893	18	2	10	6.925737862512469	0.0	0	0	2
181	1.0	50.0	[3]	{1}	2.4320482691396346	1.8929654799392577	1.9486895217119444	0.0	0	869.0760061144829	369.0760061144829	0.06612465225335806	64	24	44	22.57180774319172	1.1482091230166378	0	0	24
306	1.0	50.0	[2]	{1}	1.648431379440717	1.3977302279845543	1.3541353321030394	0.0	0	344.3477828986943	155.65221710130572	1.0474257668688207	36	8	23	18.02856551970914	0.8099985046910877	0	0	10
244	1.0	50.0	[2]	{1}	2.2256706396981127	1.761595482329359	1.717813010601636	0.0	0	199.41159640438852	300.58840359561145	1.309785801998859	55	9	32	19.66434789213165	0.7506335816785129	0	0	9
492	1.0	50.0	[3]	{2}	2.0845072630583648	1.6376310091928596	1.692080939800237	0.0	0	875.1381842885166	375.13818428851664	3.1356892971755115	75	39	57	33.52061081274785	1.1747502698252186	0	0	39
121	1.0	50.0	[2]	{0}	3.5159614006374467	3.4224045278946202	3.425247060028602	0.0	0	444.1116717644036	55.88832823559642	0.7479002866089017	159	31	94	66.22582711526752	1.7181272858409862	0	0	29
368	1.0	50.0	[1]	{2}	8.203649969478374	5.736087446185359	5.736087446185359	0.0	0	701.7497872002423	201.74978720024228	1.169369164303661	23	3	13	9.246251063998788	0.0	0	0	3
182	1.0	50.0	[3]	{1}	0.9465682041116403	0.763373437200678	0.7570604089261239	0.0	0	376.7705678474158	123.2294321525842	1.885980667165779	25	7	16	12.818917728610337	0.42830392067654754	0	0	7
58	1.0	50.0	[1]	{1}	0.678941900710218	0.608083627065293	0.608083627065293	0.0	0	495.3697898890823	4.630210110917687	0.4629100498862757	26	4	15	11.262109369667247	0.0	0	0	4
430	1.0	50.0	[2]	{2}	1.1315920879426542	0.9901076216237011	0.9750634842210136	0.0	0	253.83145571686327	246.16854428313673	0.7501772840114586	46	22	34	22.597943671505906	0.4703805993110815	0	0	22
307	1.0	50.0	[2]	{1}	3.3515856281484186	2.7856405835158755	2.7846709688210796	0.0	0	469.5523204281926	30.447679571807384	1.1388317451461865	114	18	66	51.27553502801058	1.1407234286210044	0	0	18
245	1.0	50.0	[1]	{2}	3.4725151183914185	2.609667924459933	2.609667924459933	0.0	0	900.2929688431323	400.29296884313226	0.6230853024407228	32	2	17	9.99919140503928	0.0	0	0	2
493	1.0	50.0	[1]	{0}	3.2287207589142444	2.347582882393847	2.347582882393848	0.0	0	568.4418212622404	68.44182126224041	0.43033148291193524	47	7	27	20.5637908936888	0.0	0	0	7
122	1.0	50.0	[3]	{1}	1.113230286131945	0.9567323314190462	0.9213650926676339	0.0	0	805.7372879702598	305.7372879702598	1.6786979622605616	38	8	22	14.279677968416363	0.8072175503393361	0	0	6
369	1.0	50.0	[1]	{1}	2.7338525137756235	1.9907647682034721	1.9907647682034724	0.0	0	660.6231713667512	160.6231713667512	0.6792501192775893	18	4	12	8.643768286332488	0.0	0	0	6
183	1.0	50.0	[3]	{0}	3.589971127646432	2.9434100199680135	3.1725244130031163	0.0	0	976.8798493314534	476.87984933145344	1.9301060907493572	98	80	89	47.765972505489366	4.320813231618505	0	0	80
59	1.0	50.0	[3]	{2}	3.0412935443397506	2.4558664536259442	2.41431394586831	0.0	0	366.8821854516864	133.11781454831362	1.9151228764865147	75	19	47	34.86264655635505	1.3788986628580808	0	0	19
431	1.0	50.0	[1]	{0}	0.5133207809179846	0.39006919495102343	0.3900691949510233	0.0	0	772.4810461513698	272.4810461513698	1.224744871391589	3	1	2	1.343	0.0	0	0	1
246	1.0	50.0	[2]	{0}	2.3166864318639333	1.8455457735981988	1.7929579449394126	0.0	0	132.18944380059838	367.8105561994016	1.4886628953921086	64	8	36	23.66540998841078	0.7775900399995441	0	0	8
308	1.0	50.0	[2]	{2}	4.181025028659435	3.493062103504375	3.635073267394314	0.0	0	343.44649175181985	156.55350824818015	6.214208780963648	164	84	124	86.75236143912375	2.4516701847153533	0	0	84
123	1.0	50.0	[1]	{1}	1.6777875727420863	1.3350733721597687	1.3350733721597687	0.0	0	836.5349972154945	336.5349972154945	0.8358217799954832	48	0	24	17.259440044552086	0.0	0	0	0
494	1.0	50.0	[2]	{2}	3.6686413741404005	3.15712520037785	3.186926206088964	0.0	0	286.930781789124	213.069218210876	1.2486634489160264	128	50	89	62.12477768913656	1.4924708921653407	0	0	50
370	1.0	50.0	[2]	{1}	2.2217843230087384	1.9419477334909017	2.0237708805284864	0.0	0	920.265516731888	420.26551673188806	1.1843263562460686	91	73	82	46.42975866144897	1.107572653643989	0	0	73
60	1.0	50.0	[3]	{1}	1.8088614559706935	1.7389573459430299	1.6575413239494299	0.0	0	91.67429758235812	408.3257024176419	2.899311921022748	64	44	54	35.22432049845906	2.6065517582720172	0	0	44
184	1.0	50.0	[2]	{2}	2.891071528571681	2.3861216063179476	2.5406144883279693	0.0	0	941.9099672231824	441.90996722318243	0.5853141681194233	106	76	91	49.51601291713676	1.4446813432833385	0	0	76
432	1.0	50.0	[2]	{0}	1.8090656400109983	1.7460285319545559	1.7332117213356022	0.0	0	320.94660913571715	179.05339086428285	1.2535663410560176	76	18	47	30.56549062937871	0.9002598446291252	0	0	18
309	1.0	50.0	[3]	{0}	2.471848226815057	1.8279508226582277	2.0145731764594266	0.0	0	5.533647490665317	494.4663525093347	0.4230785196508496	72	48	60	30.31001884943992	1.6629177961760788	0	0	48
247	1.0	50.0	[3]	{1}	2.206043902655752	1.9095279891537624	1.91334220445954	0.0	0	750.1925013493747	250.19250134937465	3.0659151645777025	83	47	65	44.38741746086813	2.085719342138388	0	0	47
495	1.0	50.0	[1]	{2}	4.739637160561243	3.561426081884246	3.5614260818842456	0.0	0	354.1369931772351	145.86300682276487	0.7981207756659927	57	7	32	23.625821959063412	0.0	0	0	7
61	1.0	50.0	[3]	{0}	2.388179536361268	2.130086464882163	2.1460459274047032	0.0	0	671.822430100292	171.82243010029197	5.449730554290773	86	66	76	56.80890653779358	2.932173665197632	0	0	66
371	1.0	50.0	[1]	{0}	1.20044900980349	0.9253478835027209	0.9253478835027209	0.0	0	86.3183275796473	413.6816724203527	0.2182178902359924	6	0	3	1.8399549827389419	0.0	0	0	0
185	1.0	50.0	[1]	{1}	2.3896180347528335	1.8003082350707258	1.8003082350707258	0.0	0	703.0484150163829	203.04841501638293	0.7071067811865475	7	1	4	3.664903169967234	0.0	0	0	1
433	1.0	50.0	[1]	{1}	1.0901366318029893	0.9061073990661781	0.9061073990661781	0.0	0	116.4728538133204	383.5271461866796	0.4629100498862757	27	9	18	10.781619953386484	0.0	0	0	9
