iter	recomb_rate	mut_rate	recomb_type	recomb_node	ARG_length_1	ARG_length_2	ARG_length_3	ARG_length_4	root_height_change	bp	bp_pos_deviation	rank_stat	info_sites_global	confounding_info_sites	consistent_info_sites	weighted_consistent_info_sites	rf_dist	no_neu_recurr_mut	no_adv_recurr_mut	info_sites_imbalance
124	1.0	25.0	[3]	{1}	1.8590580823211775	1.4428386598510796	1.4328150887425197	0.0	0	136.14260801114142	363.8573919888586	1.2686700948330931	27	7	17	11.469283472100276	0.3357202920705026	0	0	7
186	1.0	25.0	[1]	{1}	2.2909978791915586	2.0284444049366113	2.0284444049366113	0.0	0	770.7709572277963	270.7709572277963	0.0	35	9	22	14.029580855444074	0.0	0	0	9
310	1.0	25.0	[2]	{1}	3.082714678367303	2.5539427657583325	2.627048700812262	0.0	0	288.79738389514387	211.20261610485613	1.8664563455270273	66	38	52	35.052084891386336	1.4318325998490387	0	0	38
372	1.0	25.0	[1]	{0}	3.7881967388683884	2.8046321261463882	2.8046321261463882	0.0	0	159.91691267117858	340.0830873288214	nan	2	2	2	1.372833825342357	0.0	0	0	2
248	1.0	25.0	[2]	{0}	1.2117792771110996	1.0201890154757058	1.0431321661114572	0.0	0	691.5429548826069	191.54295488260686	1.484758854724487	26	12	19	12.204941586526111	0.557023234968576	0	0	12
434	1.0	25.0	[3]	{2}	1.4486187256225918	1.1628464610912808	1.2002796224530943	0.0	0	842.007047496736	342.00704749673605	0.08671099695241201	26	8	17	10.113908382542432	1.0199760586470934	0	0	8
496	1.0	25.0	[2]	{1}	2.798293608128202	2.5379150782822846	2.4603538335631727	0.0	0	858.7750145234168	358.77501452341676	0.8285714285714286	49	13	31	14.157974549774083	1.2773905472452587	0	0	13
62	1.0	25.0	[2]	{1}	1.2593130995017714	1.0794124375917844	1.0481051194209405	0.0	0	813.6630018707365	313.6630018707365	0.6857275130999355	24	4	14	9.536043977551163	0.5182605270387024	0	0	4
0	1.0	25.0	[2]	{1}	2.9288561302698315	2.5153318298385816	2.5457037376757468	0.0	0	244.13643567822876	255.86356432177124	0.8757605390397141	49	19	34	23.12609307034686	1.1999792007968888	0	0	19
249	1.0	25.0	[3]	{2}	1.4095312373156705	1.2452988830166947	1.2321335879683442	0.0	0	570.9281216841191	70.9281216841191	4.348131782731521	31	27	29	21.416071878315883	1.5854958814487314	0	0	27
187	1.0	25.0	[1]	{1}	3.744957704415873	3.242420300269653	3.242420300269653	0.0	0	656.8164280615747	156.8164280615747	0.7460470969529908	21	5	13	9.128285003568976	0.0	0	0	5
435	1.0	25.0	[1]	{1}	2.4584498760312887	2.4083463202803497	2.4083463202803497	0.0	0	941.1583309993148	441.1583309993148	0.054744890145135894	25	1	13	8.657575021006169	0.0	0	0	1
125	1.0	25.0	[2]	{1}	3.018225740583738	2.3498879732252287	2.3618791300978095	0.0	0	580.1734542474151	80.17345424741507	1.0552897060221726	47	17	32	22.32418400655687	1.0023314367730676	0	0	17
311	1.0	25.0	[2]	{0}	1.3382177963805484	1.0803307716281632	1.0830721847900016	0.0	0	463.7972782365978	36.202721763402224	0.09526610232449337	24	0	12	9.113783669419584	0.48968723851015444	0	0	0
497	1.0	25.0	[1]	{2}	2.186793862779037	2.0208251082755333	2.0208251082755333	0.0	0	485.2575059048832	14.742494095116797	0.8811342210628017	22	0	11	8.309802541334184	0.0	0	0	0
63	1.0	25.0	[1]	{1}	1.9291498753456566	1.3811759787899778	1.3811759787899782	0.0	0	674.4538731873035	174.45387318730354	0.2449489742783178	15	3	9	6.372822887688875	0.0	0	0	3
373	1.0	25.0	[2]	{1}	1.5180928215077072	1.268301787246619	1.2361241243603893	0.0	0	322.1696931868792	177.83030681312079	0.2631174057921088	19	5	12	9.127018159121276	0.6580236022060789	0	0	5
1	1.0	25.0	[1]	{0}	3.8411565278074384	2.8326155603959684	2.8326155603959684	0.0	0	131.79172854870558	368.2082714512944	0.11396057645963795	10	6	8	5.030750371292233	0.0	0	0	6
250	1.0	25.0	[3]	{1}	2.995915342027052	2.5722595224908567	2.4864111298671796	0.0	0	857.2627298999578	357.2627298999578	2.270578121161276	45	17	31	19.618059051500637	2.1560918326654797	0	0	17
188	1.0	25.0	[1]	{0}	2.739547704238718	2.0164745843303726	2.016474584330373	0.0	0	927.1385222673416	427.1385222673416	2.2654428717049298	22	6	14	8.256891821861267	0.0	0	0	6
436	1.0	25.0	[1]	{2}	1.9874300082174463	1.8045318518950906	1.8045318518950906	0.0	0	688.7222898658365	188.7222898658365	0.8492077756084468	12	2	7	4.990388550670818	0.0	0	0	2
312	1.0	25.0	[1]	{0}	2.6545139908248783	2.0880649212778426	2.088064921277842	0.0	0	570.0462185777724	70.04621857777238	2.4174191494061064	26	8	17	11.656953781422228	0.0	0	0	8
498	1.0	25.0	[3]	{1}	2.4764871900660808	1.8918263944255036	2.0841317014552825	0.0	0	187.88372189737856	312.11627810262144	2.4436232440986965	51	33	42	28.137744213126606	2.430264010319156	0	0	33
64	1.0	25.0	[3]	{0}	1.0630265168231636	0.95300160952622	0.8839915148788889	0.0	0	827.2201837971807	327.22018379718065	0.35146751167740364	27	11	19	13.095137610636655	0.9046710557575119	0	0	11
126	1.0	25.0	[1]	{0}	3.0266700243319904	2.3022048075622084	2.3022048075622084	0.0	0	219.8672886006534	280.1327113993466	nan	1	1	1	0.38886728860065345	0.0	0	0	1
374	1.0	25.0	[1]	{1}	3.3430609278388044	2.3227235529543595	2.3227235529543595	0.0	0	20.876299124211076	479.1237008757889	0.8100925873009824	15	1	8	4.698010392993688	0.0	0	0	1
2	1.0	25.0	[3]	{0}	3.067519332195913	2.5677794206584648	2.623561845175282	0.0	0	915.9932332113384	415.9932332113384	0.15129463110165828	51	29	40	23.369243604391812	2.717473316078423	0	0	29
251	1.0	25.0	[1]	{1}	1.6457272026275709	1.248677324201769	1.248677324201769	0.0	0	765.6110387761146	265.6110387761146	2.393172105652397	10	10	10	6.375555844895541	0.0	0	0	10
189	1.0	25.0	[3]	{0}	4.790533276678033	3.977817424764064	3.8433557262461435	0.0	0	840.8065782859921	340.80657828599215	1.3092407591310113	68	18	44	29.988028964564208	2.3981857717420625	0	0	20
437	1.0	25.0	[2]	{2}	1.4657314382152102	1.306094578757275	1.3097660279786438	0.0	0	836.6810102015734	336.6810102015734	0.5554920598635309	27	13	20	11.99774181637168	0.5878051389924955	0	0	13
499	1.0	25.0	[1]	{0}	2.9871678575002125	2.847470036032087	2.847470036032087	0.0	0	492.6139449235052	7.386055076494813	0.06339667779924167	54	2	28	21.31713944923505	0.0	0	0	2
65	1.0	25.0	[1]	{2}	4.11046235627765	3.022604662115981	3.022604662115981	0.0	0	153.85859040543437	346.14140959456563	1.2272892320802116	32	2	17	11.078444494459777	0.0	0	0	2
313	1.0	25.0	[2]	{2}	2.063562674985711	1.8891707386682073	1.8904031293284789	0.0	0	427.8818112798035	72.11818872019649	0.13046561461068845	46	8	27	20.730518036875875	0.8757102778630952	0	0	8
127	1.0	25.0	[1]	{0}	1.9204757720052124	1.7141368042793785	1.7141368042793785	0.0	0	809.2198553495109	309.2198553495109	0.7027642214999339	14	2	8	5.839560289300978	0.0	0	0	2
375	1.0	25.0	[1]	{2}	3.7644013836816317	3.207293455317563	3.207293455317563	0.0	0	289.0640450641513	210.9359549358487	1.224744871391589	15	1	8	6.355384270384907	0.0	0	0	1
3	1.0	25.0	[2]	{0}	1.9465220424514156	1.5389899924818717	1.5438671812322209	0.0	0	124.83378103934228	375.1662189606577	0.048795003647426664	29	11	20	10.722675620786847	0.5836062343838397	0	0	11
252	1.0	25.0	[3]	{0}	0.7573819386575995	0.597296185599149	0.5893865483902228	0.0	0	342.83760958351195	157.16239041648805	0.0	11	1	6	3.5650256575010717	0.22112855426326553	0	0	1
190	1.0	25.0	[1]	{1}	1.5606943432338296	1.3703227658639274	1.3703227658639274	0.0	0	464.8016532883048	35.198346711695194	1.7320508075688774	8	6	7	5.309801653288305	0.0	0	0	6
438	1.0	25.0	[2]	{2}	3.3915224529161283	3.086010534106523	3.00243512273734	0.0	0	148.7282880116254	351.2717119883746	1.016001016001524	61	29	45	27.781859808476643	1.5445963036832298	0	0	29
66	1.0	25.0	[1]	{2}	2.6258757023324777	1.849101841668237	1.849101841668237	0.0	0	946.7432107776405	446.74321077764046	1.1016189057765002	20	2	11	6.235824681445955	0.0	0	0	2
314	1.0	25.0	[1]	{0}	2.038754520685772	1.6369446784223305	1.6369446784223305	0.0	0	835.5243203695863	335.52432036958635	1.3803965029999552	12	6	9	6.480378398152069	0.0	0	0	6
376	1.0	25.0	[3]	{0}	2.703383477006304	2.5773952791390906	2.574784285359158	0.0	0	74.70217277295887	425.2978272270411	1.0792615738825566	52	50	51	27.011002120329067	4.38411263343607	0	0	50
128	1.0	25.0	[3]	{2}	0.7993594199601519	0.7050508745119205	0.6908859893126357	0.0	0	824.6959804091603	324.69598040916026	0.3927922024247863	20	12	16	8.663256274271758	0.774556465741777	0	0	12
4	1.0	25.0	[2]	{1}	4.091077634691963	3.5039196096587797	3.457636220069574	0.0	0	834.4609476625919	334.46094766259193	0.11400445386099796	64	22	43	26.458101145833727	1.5504794467638927	0	0	22
253	1.0	25.0	[2]	{2}	2.37845122453126	2.0612334958980707	2.0548802838449354	0.0	0	644.8551623616368	144.85516236163676	1.344822296270778	51	13	32	22.115476103320717	0.909513737073115	0	0	13
191	1.0	25.0	[3]	{0}	2.086708789581153	1.6133054191041247	1.6338456640087409	0.0	0	685.1631412282586	185.1631412282586	1.836396549058989	22	10	16	11.57869487017393	0.6614431019458795	0	0	10
315	1.0	25.0	[3]	{1}	3.5831569074324006	3.3781780383167725	3.3790021396309577	0.0	0	494.0345415379852	5.965458462014794	6.42110392788662	67	61	64	47.66993091692403	5.67122118455986	0	0	61
67	1.0	25.0	[1]	{2}	0.9234431062176912	0.8616825450336146	0.8616825450336146	0.0	0	675.0959563069046	175.09595630690455	0.0	20	6	13	8.476944480624049	0.0	0	0	6
439	1.0	25.0	[1]	{2}	1.5171817724644399	1.2189905493638364	1.2189905493638364	0.0	0	199.53551678918305	300.464483210817	1.1681873369179012	18	6	12	6.990213100735098	0.0	0	0	6
377	1.0	25.0	[1]	{1}	1.4933083304138672	1.3108139348637162	1.3108139348637162	0.0	0	205.88787808083	294.11212191917	1.2060453783110545	21	13	17	11.052542415050791	0.0	0	0	13
129	1.0	25.0	[1]	{0}	1.7796851740817798	1.3935571577164243	1.3935571577164243	0.0	0	162.43480588309467	337.56519411690533	0.7765802747153208	25	1	13	8.383043641181663	0.0	0	0	1
5	1.0	25.0	[3]	{1}	4.796903942702002	4.359652200669123	4.170349242388063	0.0	0	860.7236254028976	360.7236254028976	1.5926363939172725	68	52	60	38.195818729855134	5.106156975390453	0	0	52
254	1.0	25.0	[2]	{2}	3.659861173873484	3.1150171047194855	3.1044370585487133	0.0	0	470.6060984171927	29.393901582807302	2.3894740982411617	55	17	36	25.794363409496846	1.634446649712069	0	0	17
192	1.0	25.0	[2]	{2}	3.9499606866634074	3.7328039087406673	3.687500405921452	0.0	0	175.92918640002608	324.0708135999739	2.3400854685246006	59	17	38	24.786309083200987	1.8523151348949547	0	0	17
440	1.0	25.0	[3]	{2}	1.5678227570947554	1.2655358697255057	1.2349807951010026	0.0	0	946.0258937906474	446.0258937906474	1.1032637688688312	30	18	24	15.680430336605756	0.5414149769082456	0	0	18
316	1.0	25.0	[1]	{1}	3.091615666260386	2.6987281877486846	2.6987281877486846	0.0	0	882.5478814542294	382.54788145422935	1.3112201362143716	18	8	13	7.522973304003478	0.0	0	0	8
68	1.0	25.0	[1]	{2}	1.2131616421556028	1.0204165949191786	1.0204165949191786	0.0	0	906.6560533829032	406.6560533829032	0.08770580193070293	19	3	11	6.40409551955387	0.0	0	0	3
378	1.0	25.0	[2]	{0}	2.0184176141809664	1.6674460241904974	1.6604108228899586	0.0	0	152.0069632679224	347.9930367320776	0.41382044088453257	42	18	30	17.727194971501827	0.6714185160105277	0	0	18
130	1.0	25.0	[1]	{1}	3.0141717675195645	2.7825522814981003	2.7825522814981007	0.0	0	445.0659989379346	54.93400106206542	2.088931871468374	10	8	9	6.7423299946896735	0.0	0	0	8
6	1.0	25.0	[3]	{0}	2.9337336863151595	2.4293177250970333	2.5925731482093286	0.0	0	862.2210556641221	362.2210556641221	4.26079498778794	65	59	61	36.772052495114515	3.5888896751424597	0	0	57
193	1.0	25.0	[2]	{0}	1.737355224280284	1.5146603935814726	1.4740314453573704	0.0	0	107.87061671726406	392.12938328273594	0.8075728530872482	29	9	19	9.016541717628018	0.708964911489339	0	0	9
441	1.0	25.0	[3]	{2}	2.4407491818853733	2.0314668463123415	2.0267555973482123	0.0	0	164.08970626071095	335.91029373928905	0.8970979260901316	37	11	24	13.545435300171377	1.5835750062920173	0	0	11
317	1.0	25.0	[3]	{2}	1.0224739835805847	0.7713328357712157	0.7872967618323341	0.0	0	271.8501789495349	228.1498210504651	0.1224744871391589	15	3	9	6.535250894747675	0.23350143394851175	0	0	3
255	1.0	25.0	[1]	{2}	4.567746728325639	3.2082302282052186	3.2082302282052186	0.0	0	713.093074504286	213.09307450428605	nan	0	0	0	0.0	0.0	0	0	0
69	1.0	25.0	[3]	{0}	2.165826164555002	1.6566926202536014	1.76844944397312	0.0	0	823.4918189700693	323.4918189700693	0.36893922595746137	28	8	18	11.494130896478895	1.4981088890997216	0	0	8
379	1.0	25.0	[1]	{1}	1.3730473922508757	1.3029100036814119	1.3029100036814119	0.0	0	345.50292091444135	154.49707908555865	nan	1	1	1	0.8554970790855587	0.0	0	0	1
131	1.0	25.0	[1]	{2}	1.951488348969323	1.5973316398783965	1.5973316398783965	0.0	0	287.8623674623668	212.13763253763318	1.040152912757582	25	3	14	9.662449469849468	0.0	0	0	3
7	1.0	25.0	[2]	{1}	1.968999537929439	1.7694089327357245	1.6962727170051235	0.0	0	670.3343309927732	170.33433099277318	1.1097226040191597	28	10	19	11.893985035108402	1.141141562719168	0	0	10
442	1.0	25.0	[3]	{0}	1.6049132163740314	1.4494890146186958	1.4553401284563456	0.0	0	245.09087088517845	254.90912911482155	3.751868176849088	33	25	29	20.588636096196247	2.0361954535747477	0	0	25
256	1.0	25.0	[3]	{1}	4.199290891755851	3.149949856483739	3.3257614897486594	0.0	0	910.5497957207264	410.54979572072637	0.5105021184745305	56	22	39	23.763757149774584	1.8385811813730022	0	0	22
194	1.0	25.0	[1]	{2}	0.9373216878690411	0.7214244795649514	0.7214244795649514	0.0	0	908.6104799062014	408.61047990620136	nan	2	2	2	0.9987790401875972	0.0	0	0	2
318	1.0	25.0	[2]	{2}	1.2941502235940614	0.9797552999551324	0.9798679482935866	0.0	0	493.9444391056895	6.055560894310474	0.19518001458970666	17	3	10	7.599777756422759	0.35139529800594205	0	0	3
70	1.0	25.0	[2]	{1}	0.9552716135111251	0.8763590056166499	0.8740117668552639	0.0	0	415.9093862399459	84.09061376005411	0.1651445647689541	21	3	12	9.95790613760054	0.42428916772693637	0	0	3
380	1.0	25.0	[1]	{1}	1.6346187918369957	1.2045735487938913	1.2045735487938913	0.0	0	22.691211197525263	477.30878880247474	nan	3	3	3	1.240073633592576	0.0	0	0	3
132	1.0	25.0	[3]	{0}	4.6581700418820855	4.042637852507609	4.033449088013531	0.0	0	145.2657498884946	354.7342501115054	3.765889620361211	83	59	71	43.48795874498226	4.3444756873953985	0	0	59
8	1.0	25.0	[3]	{2}	1.7476004344129743	1.3556116148731796	1.4018682891190393	0.0	0	815.3660874813795	315.3660874813795	1.2602520756252087	23	9	16	10.11614260029793	0.876019826964404	0	0	9
319	1.0	25.0	[3]	{1}	2.732777802438251	2.5924004774004263	2.5189773442929684	0.0	0	752.5007650256157	252.5007650256157	5.6175428624258235	60	54	57	38.40848087435962	4.045935744270277	0	0	54
443	1.0	25.0	[1]	{0}	0.7672974721327652	0.6063450991309158	0.6063450991309158	0.0	0	987.08551004529	487.08551004529	nan	5	5	5	2.46857244977355	0.0	0	0	5
257	1.0	25.0	[1]	{0}	1.2168168100491186	0.9926889448101115	0.9926889448101115	0.0	0	347.73073554970324	152.26926445029676	1.3887301496588271	15	5	10	7.306461471099407	0.0	0	0	5
195	1.0	25.0	[3]	{2}	4.1081892387418275	3.590247073151909	3.687999183650554	0.0	0	967.5801205448806	467.58012054488063	0.21241544401388276	79	59	69	35.968292164582756	5.063917631470048	0	0	59
381	1.0	25.0	[3]	{0}	2.462962763027516	1.8976012568569602	1.9540627149111205	0.0	0	240.99003663286567	259.00996336713433	0.43711085555523355	33	3	18	14.777980073265732	1.0727146629173914	0	0	3
71	1.0	25.0	[1]	{1}	1.5604279808953128	1.2353866212445133	1.2353866212445128	0.0	0	386.4357697311789	113.56423026882112	0.5855400437691199	13	3	8	6.148	0.0	0	0	3
133	1.0	25.0	[1]	{2}	1.844151882693061	1.4039106473721066	1.4039106473721066	0.0	0	996.2215018458664	496.22150184586644	1.0256451881367414	10	4	7	2.457449487078935	0.0	0	0	4
9	1.0	25.0	[1]	{1}	2.1271412646543997	1.769923980658081	1.769923980658081	0.0	0	658.5097769275308	158.50977692753077	0.09622504486493763	17	1	9	6.696451115362347	0.0	0	0	1
196	1.0	25.0	[3]	{2}	1.553319134927822	1.2010493464736913	1.2067286438306606	0.0	0	628.2152021303773	128.2152021303773	1.4006985834715229	22	10	16	11.068847978696226	0.3782093799084171	0	0	10
258	1.0	25.0	[1]	{2}	2.4030389070705658	1.7735215009375533	1.7735215009375533	0.0	0	500.3430547658354	0.3430547658354044	0.408248290463863	19	5	12	9.620686109531672	0.0	0	0	5
320	1.0	25.0	[1]	{0}	3.4639845538449148	3.1595174598509335	3.1595174598509335	0.0	0	741.0411175806075	241.04111758060753	0.3570180808735123	62	12	37	22.5708898253236	0.0	0	0	12
444	1.0	25.0	[2]	{1}	3.8053477068688646	3.1812069860945127	3.191131378018046	0.0	0	297.836740501225	202.163259498775	0.7170254153103068	52	6	29	20.390245031528174	1.3375485015897173	0	0	6
72	1.0	25.0	[1]	{0}	2.5565856339716064	1.9499581070965717	1.9499581070965717	0.0	0	827.186512760818	327.186512760818	0.0	15	3	9	4.911321385152639	0.0	0	0	3
10	1.0	25.0	[3]	{1}	2.553423139946434	2.406376093302722	2.3663890926469744	0.0	0	923.9960755221546	423.99607552215457	0.07608562478192751	52	38	45	24.733168752547353	3.7048837382250497	0	0	38
382	1.0	25.0	[2]	{2}	2.8663238385050196	2.608812485508145	2.57584649480563	0.0	0	230.79748009331524	269.20251990668476	0.4969995442739832	51	25	38	23.379304243545985	1.265142532907836	0	0	25
134	1.0	25.0	[2]	{2}	1.6078653824005005	1.297765933274476	1.294252077099654	0.0	0	654.3025143910199	154.30251439101994	0.1873171623163388	18	2	10	8.19678994243592	0.5130918999358087	0	0	2
197	1.0	25.0	[3]	{0}	6.3152994591915705	5.422007969360818	5.426808189586384	0.0	0	511.6469538770616	11.646953877061605	4.824437097438055	91	53	72	53.77100000000001	5.934812595563457	0	0	53
321	1.0	25.0	[3]	{0}	1.2991490230007692	1.0150103021744497	1.0148919476669245	0.0	0	497.808251529932	2.191748470067978	0.9759000729485332	17	5	11	8.20995874235034	0.37824148445847555	0	0	5
259	1.0	25.0	[2]	{2}	2.161089145156334	1.9062765383097915	1.875715859650803	0.0	0	569.0821730531752	69.08217305317521	2.8490144114909484	32	14	23	17.466232595797624	1.2375528351380793	0	0	14
445	1.0	25.0	[2]	{0}	4.729756135884402	3.9236585843276597	3.8853632720028415	0.0	0	272.8976097423583	227.10239025764167	1.5481052094185743	84	2	43	32.8432832681965	1.6891109604050505	0	0	2
73	1.0	25.0	[1]	{0}	3.606354634353159	2.7046744972027437	2.7046744972027437	0.0	0	835.3765560314059	335.3765560314059	0.3746343246326776	18	4	11	8.228610995717347	0.0	0	0	4
11	1.0	25.0	[1]	{0}	1.7188545840745817	1.4619309853310216	1.4619309853310216	0.0	0	425.42719282209873	74.57280717790127	0.7715167498104595	13	1	7	4.815572807177902	0.0	0	0	1
383	1.0	25.0	[2]	{0}	1.4544934341422384	1.2158051512935466	1.164340534802434	0.0	0	95.29083990491928	404.70916009508073	2.0465731207219395	23	3	13	7.329199238954113	0.5642582646121851	0	0	3
135	1.0	25.0	[2]	{1}	2.2965390518297246	1.9374839155670527	1.9826689931651713	0.0	0	257.3765995912254	242.62340040877461	0.6236630358077134	41	17	29	19.66166179059818	1.0206349149523464	0	0	17
198	1.0	25.0	[1]	{0}	4.568228717340147	3.1385537149539946	3.1385537149539946	0.0	0	325.92986105009913	174.07013894990087	nan	2	0	1	0.8630701389499009	0.0	0	0	0
74	1.0	25.0	[3]	{2}	4.6074448404214206	4.005318121751218	3.935471903874377	0.0	0	727.2366515826434	227.2366515826434	2.6740644512904272	74	28	51	35.03666380093805	4.146478337239062	0	0	28
322	1.0	25.0	[2]	{1}	3.871359578849647	3.6258334782986945	3.5937346493872337	0.0	0	744.0782117191702	244.0782117191702	1.2081998325786334	78	26	52	32.296932990603146	1.7895652831393574	0	0	26
446	1.0	25.0	[2]	{0}	3.4329712245850796	2.7790746991848234	2.784528541976317	0.0	0	917.675122851506	417.675122851506	0.14470719035407653	53	21	37	19.71302045449428	1.081100549094435	0	0	21
260	1.0	25.0	[1]	{0}	0.9282845344570768	0.7947754312610857	0.7947754312610856	0.0	0	891.6956493631005	391.69564936310053	0.6507913734559685	16	0	8	4.745608701273799	0.0	0	0	0
12	1.0	25.0	[1]	{1}	6.719944581027615	6.173381213825925	6.173381213825925	0.0	0	956.2746190931648	456.2746190931648	0.6880329612324521	16	2	9	4.296077666347847	0.0	0	0	2
384	1.0	25.0	[2]	{2}	2.226611736028155	1.8135951206929573	1.7859285606618225	0.0	0	438.2323657628149	61.76763423718512	2.2829801855881273	32	6	19	13.554697097288448	1.120536237869445	0	0	6
136	1.0	25.0	[2]	{1}	1.3848626217448983	1.068446913542715	1.1613971007287498	0.0	0	14.589702477678657	485.41029752232134	1.4433756729740643	26	22	24	12.561152859464288	0.6604536665257493	0	0	22
199	1.0	25.0	[1]	{1}	2.2633593108602983	2.1320679477799875	2.1320679477799875	0.0	0	53.889467380940914	446.1105326190591	0.8417937871268424	35	3	19	8.508899880237877	0.0	0	0	3
323	1.0	25.0	[1]	{2}	2.390180593243886	1.7831434804062596	1.7831434804062596	0.0	0	368.0146704427898	131.9853295572102	0.5163977794943222	9	1	5	3.6290146704427904	0.0	0	0	1
261	1.0	25.0	[1]	{0}	4.7341468421066715	4.085601136560221	4.085601136560221	0.0	0	232.7367488760501	267.2632511239499	2.433333333333333	35	15	25	16.004577735388654	0.0	0	0	15
75	1.0	25.0	[1]	{0}	3.5444366730935615	2.590649658268852	2.590649658268852	0.0	0	131.85531040653586	368.14468959346414	0.4472135954999579	4	0	2	0.5037106208130717	0.0	0	0	0
447	1.0	25.0	[1]	{2}	1.2894532467089805	1.0874256416400738	1.0874256416400738	0.0	0	196.53258682228625	303.46741317771375	0.3418817293789138	10	4	7	3.7937281077560034	0.0	0	0	4
13	1.0	25.0	[3]	{0}	1.9229743263351264	1.8178282728617237	1.7974444571158148	0.0	0	850.6071597803384	350.6071597803384	3.6583266717540526	45	37	41	26.86682100549154	2.8998483169596114	0	0	37
137	1.0	25.0	[1]	{1}	3.268168646268469	3.069906520800747	3.069906520800747	0.0	0	334.7816055174917	165.2183944825083	nan	3	1	2	1.7845632110349836	0.0	0	0	1
385	1.0	25.0	[2]	{2}	4.4474661340595345	3.5445628563542186	3.489505282873224	0.0	0	407.4815106578171	92.51848934218287	2.029577215448919	55	11	33	24.787592446710917	1.8608702754038777	0	0	11
200	1.0	25.0	[3]	{2}	1.6608335218437769	1.5684404999367896	1.5618322441269425	0.0	0	69.75373020395637	430.24626979604363	2.4946521432308537	41	37	39	24.87485817591473	2.545016062168905	0	0	37
324	1.0	25.0	[1]	{1}	3.132349975758913	2.314478086236916	2.314478086236916	0.0	0	395.8376087248325	104.16239127516752	0.43301270189221935	15	1	8	5.321025652348996	0.0	0	0	1
262	1.0	25.0	[1]	{2}	6.488536885750406	5.195048454873652	5.195048454873652	0.0	0	146.25903079286218	353.7409692071378	0.16984155512168936	12	2	7	4.057813215550035	0.0	0	0	2
76	1.0	25.0	[2]	{0}	1.5087751919572367	1.357997326955503	1.3634007031659496	0.0	0	446.1504586506635	53.849541349336505	0.4264014327112209	26	2	14	10.968504586506633	0.7093552099249085	0	0	2
448	1.0	25.0	[1]	{1}	4.126763948580919	3.3121966231143958	3.3121966231143958	0.0	0	551.3560534454882	51.356053445488214	0.7142857142857143	13	1	7	4.818643946554512	0.0	0	0	1
14	1.0	25.0	[2]	{1}	2.0883773775912964	1.5603458605675342	1.631891118008548	0.0	0	133.95264651626348	366.0473534837365	1.3416407864998738	32	12	22	13.89124234426022	0.7831559866832786	0	0	12
138	1.0	25.0	[1]	{2}	2.04981582891265	1.6683544752488115	1.6683544752488115	0.0	0	60.70341286249459	439.2965871375054	0.9797958971132712	34	6	20	10.892661431524902	0.0	0	0	6
386	1.0	25.0	[2]	{2}	1.8934053129485275	1.8193220825839589	1.8097605542463246	0.0	0	906.0697301756592	406.0697301756592	0.4177863742936748	24	14	19	10.176675126662477	0.8866044160843174	0	0	14
201	1.0	25.0	[1]	{2}	4.1329719392728315	3.337949583934349	3.337949583934349	0.0	0	828.3760619815439	328.3760619815439	0.21640071232018374	40	4	22	15.101983008295296	0.0	0	0	4
449	1.0	25.0	[3]	{2}	2.5708344580141156	2.34317716544938	2.3279444590170915	0.0	0	27.141627157107	472.858372842893	2.25560120358877	58	46	52	29.612798103541145	3.2307630230447377	0	0	46
325	1.0	25.0	[1]	{2}	0.9055056193616902	0.6953614559648769	0.6953614559648769	0.0	0	399.48713686317205	100.51286313682795	nan	0	0	0	0.0	0.0	0	0	0
77	1.0	25.0	[1]	{0}	1.760997695319996	1.7184101229957554	1.7184101229957554	0.0	0	606.1664237640798	106.16642376407981	1.0894095588038444	25	7	16	12.082002914831042	0.0	0	0	7
78	1.0	25.0	[1]	{1}	1.7779722006866352	1.3825195599182998	1.3825195599182998	0.0	0	856.1297156848013	356.12971568480134	nan	2	2	2	1.2877405686303973	0.0	0	0	2
263	1.0	25.0	[2]	{0}	2.663235854014321	2.2200652648644037	2.2318106906215798	0.0	0	330.6843228638172	169.31567713618279	0.040422604172722164	33	9	21	15.48452755150199	0.9695627472794822	0	0	9
15	1.0	25.0	[1]	{1}	1.9347794192838215	1.918879162952512	1.918879162952512	0.0	0	41.84393701143563	458.1560629885644	0.7551476239016431	22	2	12	7.566439370114356	0.0	0	0	2
387	1.0	25.0	[2]	{0}	2.1497615493005444	1.608659880347373	1.6514023291174436	0.0	0	113.91961202025414	386.08038797974586	1.478112033918669	25	7	16	10.819517672121526	0.6872302309522175	0	0	7
139	1.0	25.0	[2]	{1}	1.2877800466439444	1.1208830718558151	1.1387997955811826	0.0	0	357.27808251976967	142.72191748023033	1.775592090748118	24	6	15	12.019058907717465	0.6204456678083236	0	0	6
326	1.0	25.0	[1]	{0}	3.054611566402719	2.863852593698921	2.863852593698921	0.0	0	642.8855969570577	142.88559695705771	0.5477225575051661	11	1	6	4.104228806085885	0.0	0	0	1
202	1.0	25.0	[1]	{0}	2.4137910387215404	1.7346981691669758	1.7346981691669756	0.0	0	875.2197879366577	375.21978793665767	0.3553345272593507	21	5	13	6.509582332696765	0.0	0	0	5
16	1.0	25.0	[3]	{0}	3.9753311260347175	3.415478978811882	3.3350102791888627	0.0	0	921.6051667463034	421.60516674630344	0.7633225336137934	47	17	32	19.683055331103507	3.0189581753193924	0	0	17
450	1.0	25.0	[1]	{2}	0.9584923629234026	0.7945114078693889	0.7945114078693889	0.0	0	660.2685127872974	160.26851278729737	0.14285714285714285	13	1	7	5.807731487212702	0.0	0	0	1
264	1.0	25.0	[3]	{1}	3.3070138539722995	2.898896246259171	2.9524661888754125	0.0	0	72.59122631512582	427.4087736848742	2.551022473243458	66	58	62	35.759108673647056	3.9029829406388923	0	0	58
140	1.0	25.0	[3]	{1}	2.529147267233133	2.0550740121634345	2.0478886307328956	0.0	0	486.4301891066134	13.569810893386602	2.343331683288323	28	16	22	16.26572075642645	1.7377377169530583	0	0	16
388	1.0	25.0	[1]	{0}	1.70973908478219	1.557945685988382	1.557945685988382	0.0	0	463.43568433076143	36.56431566923857	0.1709408646894569	32	0	16	11.54290041936934	0.0	0	0	0
327	1.0	25.0	[3]	{0}	4.902560018024616	3.8125372948064147	3.7893640939865074	0.0	0	830.2127816714346	330.21278167143464	0.3054996152743934	69	3	36	21.66731880322844	0.9697292150527574	0	0	3
79	1.0	25.0	[1]	{0}	4.479271377553026	3.0598362775905388	3.0598362775905388	0.0	0	256.10570376738906	243.89429623261094	0.0	3	1	2	1.83	0.0	0	0	1
203	1.0	25.0	[1]	{1}	4.0296401261367105	3.0223258005620934	3.0223258005620934	0.0	0	375.8787917904556	124.12120820954442	1.3416407864998738	4	0	2	1.8607575835809111	0.0	0	0	0
265	1.0	25.0	[3]	{0}	2.3893459711574354	1.9733694323720319	1.9435054343236149	0.0	0	559.9696880672127	59.9696880672127	3.1508844790846853	45	13	29	20.655090935798363	1.709952529855899	0	0	13
141	1.0	25.0	[3]	{1}	3.3113397812957315	2.721768046260565	2.7267840605582596	0.0	0	479.5085343066603	20.491465693339705	1.8742531770658915	52	20	36	26.878051205839977	2.1910193270564196	0	0	20
451	1.0	25.0	[1]	{0}	3.1520485360561934	2.684124550542965	2.684124550542965	0.0	0	529.2890768032521	29.2890768032521	0.48291213938658145	42	0	21	16.57355461598374	0.0	0	0	0
17	1.0	25.0	[2]	{2}	0.6751004173531213	0.5273187884891273	0.5279351955810112	0.0	0	421.9597515184432	78.04024848155677	1.091089451179962	8	2	5	3.414798757592216	0.19828356621291648	0	0	2
389	1.0	25.0	[1]	{2}	2.1133577554103717	1.7281219312971157	1.7281219312971157	0.0	0	371.44262809306383	128.55737190693617	0.8997354108424374	16	2	9	6.6775573719069365	0.0	0	0	2
328	1.0	25.0	[2]	{0}	1.1439006067113227	0.9230466194473341	0.9248007882184833	0.0	0	260.94275969080627	239.05724030919373	0.7071067811865475	14	8	11	7.953599317835643	0.36018834574032765	0	0	8
204	1.0	25.0	[1]	{0}	3.1316451853256835	2.9386767800651246	2.9386767800651246	0.0	0	184.956249082461	315.043750917539	1.6345388253930133	21	3	11	7.322781245412305	0.0	0	0	1
80	1.0	25.0	[2]	{1}	3.384815696029068	2.5967651558740457	2.9086203863548175	0.0	0	997.669817181304	497.669817181304	0.9523809523809523	62	50	56	29.513490237846973	1.8428433279008272	0	0	50
266	1.0	25.0	[3]	{1}	3.040520712180113	2.6049939486030196	2.5676372227907676	0.0	0	660.5677248444408	160.56772484444082	3.036600909407433	57	25	40	29.066593650933363	2.530627523920227	0	0	23
452	1.0	25.0	[2]	{1}	1.0607213501572785	0.8710947175488981	0.8926006209331556	0.0	0	909.4280784484	409.4280784484	0.9511127086814605	25	11	18	10.992294587928802	0.4147666398364188	0	0	11
142	1.0	25.0	[1]	{2}	1.49031374704001	1.0507434156815312	1.0507434156815312	0.0	0	693.0839708074927	193.08397080749273	nan	0	0	0	0.0	0.0	0	0	0
18	1.0	25.0	[1]	{2}	2.8511734602917826	2.1510185413154215	2.1510185413154215	0.0	0	882.5799096375704	382.5799096375704	nan	1	1	1	0.9655799096375703	0.0	0	0	1
390	1.0	25.0	[3]	{2}	1.4084170317492957	1.06646399559208	1.112469264965208	0.0	0	837.5441723037511	337.5441723037511	2.0207259421636903	15	9	12	6.951646621569991	0.5855460001889272	0	0	9
329	1.0	25.0	[1]	{1}	3.748738763162283	3.5758129273485775	3.5758129273485775	0.0	0	24.87225667573512	475.1277433242649	1.4936172574470261	69	15	42	23.14663478038088	0.0	0	0	15
205	1.0	25.0	[1]	{1}	1.7812961687522453	1.2588343154937658	1.2588343154937658	0.0	0	867.5496308133006	367.5496308133006	1.0	2	0	1	0.5904503691866994	0.0	0	0	0
267	1.0	25.0	[3]	{0}	2.9575398169578806	2.550061228484532	2.601943264328632	0.0	0	863.1669471506029	363.16694715060294	3.1346775286392936	43	35	39	23.27215853263251	3.213167228781248	0	0	35
81	1.0	25.0	[2]	{2}	1.8071694692798213	1.6770453112179753	1.6025163805214302	0.0	0	940.2829119935632	440.2829119935632	1.091089451179962	23	21	22	12.208341760128736	0.868206738478424	0	0	21
453	1.0	25.0	[1]	{0}	1.5914050781488005	1.2097101813771989	1.2097101813771989	0.0	0	313.6746124364436	186.32538756355638	0.3380617018914066	19	1	10	6.324746124364437	0.0	0	0	1
143	1.0	25.0	[2]	{1}	3.3984211771828687	3.24278809572978	3.199768544263784	0.0	0	65.3841991443187	434.6158008556813	0.2249121608399084	69	49	59	32.6766677495148	1.5995408996456206	0	0	49
391	1.0	25.0	[1]	{2}	2.5662357401604785	2.3058321256125183	2.3058321256125183	0.0	0	399.6885123196989	100.31148768030113	0.835517624587703	55	3	29	22.376672315204516	0.0	0	0	3
19	1.0	25.0	[1]	{0}	4.086398664812295	3.2120829663641794	3.21208296636418	0.0	0	939.4376468844712	439.4376468844712	nan	0	0	0	0.0	0.0	0	0	0
330	1.0	25.0	[2]	{1}	2.715010896633517	2.1523001811783704	2.0993405595540136	0.0	0	9.526866022497416	490.4731339775026	0.1801874925391118	34	10	22	10.764591052494945	0.8498117116982828	0	0	10
206	1.0	25.0	[3]	{1}	3.39118072904241	2.774775960447908	2.722182738024573	0.0	0	230.21284700371325	269.78715299628675	2.1748291097933956	39	15	27	16.076618399063126	1.6253209208309365	0	0	15
82	1.0	25.0	[1]	{2}	1.347307546105133	0.9472395881275506	0.9472395881275506	0.0	0	208.09468952938917	291.90531047061086	nan	4	4	4	1.8183787581175566	0.0	0	0	4
268	1.0	25.0	[2]	{1}	4.197527200078717	3.2347901585350756	3.2854804615169897	0.0	0	17.821570858359337	482.17842914164066	0.19523741203679054	49	17	33	15.00111183832586	1.2918445484879184	0	0	17
144	1.0	25.0	[3]	{2}	0.730961110847898	0.553168277737115	0.5576259474562214	0.0	0	819.8156878352165	319.8156878352165	0.35355339059327373	7	1	4	2.171368624329567	0.08917916052298683	0	0	1
20	1.0	25.0	[3]	{2}	2.538982727810608	2.192948953845405	2.112121554854244	0.0	0	244.43416530266404	255.56583469733596	3.262363486962221	40	22	31	23.273907487723978	1.9793444772791886	0	0	22
454	1.0	25.0	[1]	{2}	1.8392217514541236	1.2726824915201993	1.2726824915201993	0.0	0	637.4961193650961	137.4961193650961	0.4472135954999579	4	2	3	2.346503880634904	0.0	0	0	2
392	1.0	25.0	[1]	{2}	2.801468029411059	2.3508453042998907	2.3508453042998907	0.0	0	973.771354649216	473.77135464921605	0.22131333406899525	49	23	36	20.490773941926655	0.0	0	0	23
331	1.0	25.0	[2]	{0}	4.273405601734351	3.5919625637088264	3.603352365678951	0.0	0	384.6841612830758	115.31583871692419	0.7524293954825865	64	6	35	25.841262419246142	1.5654200554647	0	0	6
207	1.0	25.0	[1]	{0}	3.6241728157410438	2.9571745717331646	2.9571745717331646	0.0	0	634.9643869325519	134.96438693255186	0.7417470453229207	52	4	28	20.38049858294427	0.0	0	0	4
83	1.0	25.0	[1]	{1}	2.121713566755341	2.028845258645225	2.028845258645225	0.0	0	793.9062584191561	293.9062584191561	nan	1	1	1	0.387093741580844	0.0	0	0	1
269	1.0	25.0	[1]	{0}	3.6326813198177414	3.0053485463335954	3.0053485463335954	0.0	0	498.4091802034527	1.5908197965472937	1.059394261071095	52	4	28	20.237273441627625	0.0	0	0	4
145	1.0	25.0	[1]	{2}	0.6450096462781143	0.5235958989723668	0.5235958989723668	0.0	0	608.7447751779109	108.74477517791092	0.8528028654224417	10	2	6	4.715489550355821	0.0	0	0	2
21	1.0	25.0	[2]	{1}	2.0395199205411787	1.8278077639414159	1.801518476326883	0.0	0	355.79267516732216	144.20732483267784	0.5396044350682824	36	4	20	12.393853503346447	0.9640605429820129	0	0	4
455	1.0	25.0	[2]	{0}	3.2258478838179445	3.0050266613435386	3.0114883549207327	0.0	0	580.4589025210589	80.45890252105892	0.4810702354423639	69	7	38	29.035150729410354	1.478874899169626	0	0	7
393	1.0	25.0	[1]	{2}	1.1682331939458215	0.8452646891491209	0.8452646891491209	0.0	0	414.50552456080914	85.49447543919086	1.224744871391589	3	1	2	1.3060110491216184	0.0	0	0	1
84	1.0	25.0	[3]	{0}	1.200731418155995	1.044646243262009	1.009980181783353	0.0	0	713.6720530688763	213.67205306887627	1.3339459376998313	16	10	13	9.171951522380114	1.0376925128398597	0	0	10
208	1.0	25.0	[1]	{2}	3.1276161532362816	2.6135179052045014	2.6135179052045014	0.0	0	798.9714946597815	298.97149465978146	nan	0	0	0	0.0	0.0	0	0	0
332	1.0	25.0	[2]	{0}	3.447406146170334	2.662297802810964	2.703293380399817	0.0	0	846.5866311453283	346.5866311453283	0.12361284651454937	37	17	27	18.472334221366793	1.0978740895060715	0	0	17
270	1.0	25.0	[3]	{0}	2.0733851103501424	1.6113545017806108	1.593267113844425	0.0	0	643.730693962425	143.730693962425	0.5780059766913394	19	1	10	7.2650772241503	0.43166845700646606	0	0	1
146	1.0	25.0	[3]	{0}	2.1153026481667867	1.7225455685151314	1.728582577240018	0.0	0	866.325419396162	366.32541939616203	0.7846153846153846	38	14	26	16.508840773284437	1.1533246355959483	0	0	14
456	1.0	25.0	[1]	{1}	3.2311257836345777	2.9786382096479613	2.978638209647961	0.0	0	943.09512199834	443.09512199834	0.7027642214999339	14	0	7	2.68333414601162	0.0	0	0	0
22	1.0	25.0	[1]	{1}	3.0158777477117655	2.348788429500262	2.3487884295002623	0.0	0	978.7887800484896	478.78878004848957	1.8418218405447615	29	3	16	5.595379519224168	0.0	0	0	3
394	1.0	25.0	[2]	{0}	1.5770264506340455	1.4167696625656954	1.4416109407113034	0.0	0	650.2746581099927	150.27465810999274	1.5809581181766237	34	12	23	16.24597876079008	0.8184035524398414	0	0	12
85	1.0	25.0	[1]	{1}	4.407430402534039	3.1805862176502715	3.180586217650272	0.0	0	124.74874593317509	375.2512540668249	nan	0	0	0	0.0	0.0	0	0	0
209	1.0	25.0	[1]	{0}	1.2505805748294583	0.8507870090824194	0.8507870090824192	0.0	0	340.96783120185137	159.03216879814863	nan	0	0	0	0.0	0.0	0	0	0
333	1.0	25.0	[2]	{1}	2.5434710626366392	2.215736488533155	2.2434753768980435	0.0	0	618.8876531086862	118.88765310868621	2.3804761428476167	53	17	35	24.49448275363073	1.2050600234078626	0	0	17
271	1.0	25.0	[1]	{2}	5.203195057792325	4.560379815832165	4.560379815832165	0.0	0	787.7524145878851	287.75241458788514	2.6943012562182536	17	5	11	7.718742756236344	0.0	0	0	5
147	1.0	25.0	[1]	{0}	1.1429520560797026	0.8999763568677803	0.8999763568677803	0.0	0	121.59426626749335	378.40573373250663	2.04939015319192	13	1	7	5.124159863872453	0.0	0	0	1
457	1.0	25.0	[2]	{2}	1.9081443139168397	1.4503135973782295	1.4564344168118573	0.0	0	438.2752412930131	61.724758706986904	1.2798703769593942	31	1	16	12.81365144775808	0.6015253762729567	0	0	1
23	1.0	25.0	[2]	{0}	1.1569065417430469	0.9713280412534852	0.9781040791840612	0.0	0	140.40963351726532	359.5903664827347	1.1547005383792517	15	7	11	6.090505968689918	0.4184945776739214	0	0	7
395	1.0	25.0	[1]	{0}	1.7969404896476373	1.5127591038503527	1.5127591038503527	0.0	0	721.7686041258276	221.76860412582755	0.6666666666666666	8	2	5	3.4566941876225172	0.0	0	0	2
210	1.0	25.0	[1]	{0}	2.973635522862818	2.042895500441172	2.042895500441172	0.0	0	157.199174631387	342.800825368613	0.4472135954999579	4	0	2	0.949398349262774	0.0	0	0	0
86	1.0	25.0	[1]	{1}	1.1900205035523514	0.9406771876035898	0.9406771876035898	0.0	0	202.0685605239123	297.9314394760877	0.29277002188455997	6	0	3	2.3819314394760878	0.0	0	0	0
334	1.0	25.0	[1]	{0}	2.7975620825822403	2.3274139663620517	2.3274139663620517	0.0	0	744.664654834196	244.66465483419597	1.1307654312228697	32	6	19	11.90103017748706	0.0	0	0	6
272	1.0	25.0	[1]	{2}	1.100545334372633	0.819518022769664	0.819518022769664	0.0	0	640.3248636052012	140.32486360520124	1.224744871391589	3	1	2	0.9653502727895975	0.0	0	0	1
148	1.0	25.0	[1]	{2}	2.3889898388635555	1.705180496432145	1.705180496432145	0.0	0	279.3551296927035	220.64487030729651	0.3779644730092272	11	1	6	4.291710259385407	0.0	0	0	1
24	1.0	25.0	[3]	{1}	2.431967246969682	2.295004646979259	2.29992167810907	0.0	0	624.7199503704906	124.71995037049055	5.8901561434260294	63	55	59	43.90584014888852	3.8469945187956	0	0	55
458	1.0	25.0	[2]	{1}	3.5655682777013284	2.6769863618093934	2.8079394891466514	0.0	0	249.45546500384808	250.54453499615192	0.3788748982565188	50	14	32	20.66002023008466	1.5478294023932295	0	0	14
396	1.0	25.0	[1]	{1}	2.655858744472108	2.330432931492259	2.330432931492259	0.0	0	540.8983901143074	40.898390114307404	0.8660254037844386	24	6	15	11.729898390114307	0.0	0	0	6
87	1.0	25.0	[1]	{1}	1.1153389152799116	0.9311480002249699	0.93114800022497	0.0	0	811.1495338380337	311.1495338380337	0.7406560798180412	19	11	15	9.354056060105563	0.0	0	0	11
211	1.0	25.0	[1]	{1}	1.8387525565658973	1.3263027916442525	1.3263027916442525	0.0	0	763.9678670093417	263.9678670093417	0.2	14	0	7	5.0420963989719745	0.0	0	0	0
335	1.0	25.0	[2]	{2}	0.9177054803530806	0.7719758409249637	0.7495621371649681	0.0	0	89.6875555627048	410.3124444372952	0.9899494936611665	14	6	10	5.422875555627049	0.34533533891113466	0	0	6
273	1.0	25.0	[2]	{1}	1.9234476724166498	1.7279202989441251	1.7385300366461665	0.0	0	253.91785334795716	246.08214665204284	0.4058331485532075	37	7	22	14.050357066959142	0.8199208182448922	0	0	7
149	1.0	25.0	[1]	{1}	2.060465409363697	1.684884297926579	1.684884297926579	0.0	0	611.2224240787327	111.22242407873273	nan	1	1	1	0.6252224240787327	0.0	0	0	1
25	1.0	25.0	[1]	{2}	3.9269898436079194	2.9772614492654608	2.9772614492654608	0.0	0	424.1340570151806	75.86594298481941	0.6712486220795378	28	0	15	11.907793486863374	0.0	0	0	2
459	1.0	25.0	[1]	{0}	3.123943559285745	2.530177716440701	2.530177716440701	0.0	0	964.3406886607409	464.34068866074085	0.6487021501721796	30	2	16	7.207548981428145	0.0	0	0	2
397	1.0	25.0	[2]	{1}	2.8984111472321406	2.522310162668912	2.633726418086045	0.0	0	237.22949670627716	262.77050329372287	1.3936380056371536	55	21	38	22.263802888013416	1.6085267888989552	0	0	21
212	1.0	25.0	[3]	{2}	1.7076411194307717	1.4198754920786625	1.391555172579444	0.0	0	94.61395558901133	405.3860444109887	1.0237854491849028	22	4	13	7.795981422657146	0.9564547884673091	0	0	4
88	1.0	25.0	[1]	{1}	1.616867981575394	1.4352183562013583	1.4352183562013583	0.0	0	143.36166810244322	356.6383318975568	1.224744871391589	3	1	2	1.4347233362048863	0.0	0	0	1
150	1.0	25.0	[3]	{1}	1.7196846347207841	1.369968597173736	1.417880449219871	0.0	0	915.7895902171732	415.7895902171732	1.6182022326857377	28	14	21	13.005997785873708	1.1401667897052246	0	0	14
274	1.0	25.0	[3]	{2}	2.5531565444194344	2.171231963565458	2.279710924324415	0.0	0	995.4952471889555	495.49524718895555	0.4472135954999579	48	42	45	21.643713876497003	3.1376785040497848	0	0	42
336	1.0	25.0	[1]	{2}	2.027825094014106	1.6966801255260953	1.696680125526095	0.0	0	35.64281947910786	464.35718052089214	0.0	3	1	2	1.5572856389582157	0.0	0	0	1
26	1.0	25.0	[1]	{2}	1.3931275722237815	1.0334365297539008	1.0334365297539008	0.0	0	651.7591816373169	151.75918163731694	0.42857142857142855	13	1	7	4.348240818362682	0.0	0	0	1
460	1.0	25.0	[1]	{1}	2.198950827716431	1.7640591131580057	1.7640591131580057	0.0	0	761.5200392901897	261.52003929018974	1.1548218240828978	27	9	18	11.194799607098101	0.0	0	0	9
398	1.0	25.0	[2]	{0}	1.4336339790151635	1.218386568184536	1.2230366138912347	0.0	0	435.7364783063531	64.26352169364691	1.4444444444444444	26	8	17	12.379682391531768	0.5785786483547661	0	0	8
213	1.0	25.0	[3]	{2}	2.2164363093599353	2.012613821661082	1.9663648705628196	0.0	0	334.89851793274283	165.10148206725717	4.810203214863955	42	32	37	27.058695553798227	2.7124254931708265	0	0	32
89	1.0	25.0	[3]	{2}	3.6152367847218003	3.349331066982758	3.2027463672250134	0.0	0	85.36842931061983	414.63157068938017	2.063465488588483	69	47	58	34.151210889667276	4.28408023084867	0	0	47
151	1.0	25.0	[3]	{0}	2.0677272930649924	1.6661041930077016	1.6691812480890573	0.0	0	702.4706536903977	202.47065369039774	0.3746343246326776	18	4	11	7.174705424167216	0.9622837624852535	0	0	4
275	1.0	25.0	[3]	{0}	1.2798007753301535	1.1207760287920603	1.0862707561670146	0.0	0	303.4638981334865	196.5361018665135	1.8250011974323115	24	8	16	10.818711185067892	1.1869284931576836	0	0	8
337	1.0	25.0	[3]	{2}	1.2874895667207822	1.0170236158441615	1.0632402618666825	0.0	0	885.0266283843666	385.02662838436663	1.7566201313073597	9	7	8	4.2968402296938	0.9010196288585193	0	0	7
461	1.0	25.0	[1]	{1}	2.8159647372692582	2.139706484003309	2.139706484003309	0.0	0	668.9660125412047	168.9660125412047	0.7745966692414834	4	2	3	2.1420339874587953	0.0	0	0	2
27	1.0	25.0	[1]	{2}	2.881221271108484	2.757283458662803	2.757283458662803	0.0	0	785.6477312743664	285.6477312743664	0.347894032090795	61	11	36	22.513977136671546	0.0	0	0	11
399	1.0	25.0	[2]	{2}	1.0223301699572616	0.8128758656230657	0.833828819228984	0.0	0	90.2652656659484	409.7347343340516	0.5222329678670935	15	5	10	4.889652656659484	0.37380158479156556	0	0	5
214	1.0	25.0	[1]	{0}	2.2081893580721914	1.798397332357197	1.798397332357197	0.0	0	510.57079806923866	10.570798069238663	0.4472135954999579	4	2	3	2.5955707980692386	0.0	0	0	2
338	1.0	25.0	[3]	{1}	2.0222219363441685	1.5703142273609383	1.6988855509263825	0.0	0	878.8742085453123	378.8742085453123	1.853123291652753	25	21	23	14.153390037639069	1.7971037418933167	0	0	21
276	1.0	25.0	[3]	{1}	1.907891637842574	1.4957231128332693	1.4766699020520093	0.0	0	306.7197341006249	193.28026589937508	0.6367145399670133	36	6	21	15.425917075106874	0.4645875380019382	0	0	6
90	1.0	25.0	[1]	{0}	1.6972429145789938	1.471676223678398	1.4716762236783982	0.0	0	853.7021188531071	353.7021188531071	0.30905754998184354	18	2	10	7.210383049175143	0.0	0	0	2
152	1.0	25.0	[2]	{2}	1.973687397528798	1.646228639853901	1.634795389531451	0.0	0	373.9355430006981	126.06445699930191	0.5490799884779067	30	2	16	12.80364456999302	0.7386453771128656	0	0	2
28	1.0	25.0	[3]	{0}	1.9959670336791935	1.616755980501987	1.6020792115062013	0.0	0	631.2517046462744	131.25170464627445	1.5877683720748896	31	13	22	16.446489772122355	0.95265303953329	0	0	13
462	1.0	25.0	[3]	{0}	2.180503895933097	2.1389686025799035	2.12654758050235	0.0	0	643.275378504768	143.275378504768	5.43630309165593	45	43	44	31.703347728971394	4.016050615226768	0	0	43
400	1.0	25.0	[3]	{1}	2.312195448141514	2.1889565668490905	2.1478302331418915	0.0	0	767.5490276888013	267.5490276888013	2.975337221046947	37	31	35	23.182568473912777	3.463184306789286	0	0	33
215	1.0	25.0	[2]	{2}	2.1777683599134035	1.8142779681779913	1.7597547963943558	0.0	0	650.3703177440912	150.37031774409115	1.8290499382174579	30	2	16	10.856	1.0334632650508322	0	0	2
339	1.0	25.0	[1]	{1}	0.8210978614021469	0.8087357638192826	0.8087357638192826	0.0	0	77.10108975879848	422.8989102412015	0.8783100656536799	17	3	10	4.924010897587985	0.0	0	0	3
277	1.0	25.0	[2]	{1}	3.8295211520912513	3.520405936967336	3.3234669568270134	0.0	0	74.07171768136322	425.9282823186368	1.5871201710386595	69	23	46	24.600299013342713	1.8710822978447974	0	0	23
91	1.0	25.0	[2]	{2}	2.7732713200789636	2.1328770433255526	2.1337108104410962	0.0	0	484.8440489731729	15.155951026827097	0.7813167767624177	45	11	28	20.758623804107312	0.8020876741335733	0	0	11
153	1.0	25.0	[1]	{2}	5.533811412702199	3.872291350115556	3.872291350115555	0.0	0	311.56549602746964	188.43450397253036	0.8088223218897317	30	4	17	12.454827480137348	0.0	0	0	4
29	1.0	25.0	[3]	{0}	1.7556373188741174	1.5348614823577882	1.5419482300599827	0.0	0	993.14300599508	493.14300599508	0.23354968324845687	39	27	33	18.734280802162356	1.8161325005091227	0	0	27
463	1.0	25.0	[2]	{0}	1.6369894814631776	1.5294177286748456	1.4301541353697238	0.0	0	158.15702336840332	341.8429766315967	1.6460821565661337	27	7	17	11.00435535052605	0.902037141413076	0	0	7
401	1.0	25.0	[1]	{2}	3.662840010106179	3.184587855583665	3.184587855583665	0.0	0	948.134240694344	448.13424069434404	0.26578871697687523	34	8	21	12.751449426807463	0.0	0	0	8
278	1.0	25.0	[3]	{0}	2.22817125993037	1.7895274649946655	1.8060565537384352	0.0	0	711.0194608103484	211.0194608103484	0.020739033894608506	30	2	16	11.606883235137909	1.157754559351552	0	0	2
216	1.0	25.0	[1]	{1}	2.6989143503489665	2.2106135369161652	2.2106135369161652	0.0	0	388.0105768330395	111.98942316696048	2.23606797749979	8	6	7	4.483031730499119	0.0	0	0	6
340	1.0	25.0	[1]	{0}	3.1112319271891007	2.788394411242646	2.788394411242646	0.0	0	682.80711886473	182.80711886473	2.1650738217180785	56	16	36	25.0278576227054	0.0	0	0	16
92	1.0	25.0	[1]	{0}	1.2418404008255193	1.01867621728345	1.01867621728345	0.0	0	980.3418316878378	480.34183168783784	0.0	21	5	13	5.746556188058108	0.0	0	0	5
154	1.0	25.0	[2]	{1}	2.5285877312005685	2.231944241560656	2.1712128110903715	0.0	0	919.3076859228312	419.3076859228312	0.6908492797077574	41	23	32	19.67476942231506	1.051756334617892	0	0	23
30	1.0	25.0	[2]	{1}	2.2679725136947413	2.0183217796340065	2.0265190185234205	0.0	0	548.1938917655498	48.19389176554978	0.2447607691223871	38	2	20	15.926673298813403	1.062621513364575	0	0	2
464	1.0	25.0	[1]	{2}	2.466393854223165	2.0795090117336104	2.0795090117336104	0.0	0	156.8687364924699	343.1312635075301	0.4472135954999579	4	2	3	2.46913126350753	0.0	0	0	2
402	1.0	25.0	[2]	{0}	1.6657838774400098	1.3367875513333627	1.337064390947892	0.0	0	496.6059275902808	3.394072409719172	0.44762825817179447	21	3	12	9.333423710361123	0.5857380704912576	0	0	3
217	1.0	25.0	[3]	{2}	1.4430721023739468	1.097172592739814	1.1198529392191132	0.0	0	825.6211881525815	325.62118815258145	0.7253185207353657	22	8	15	10.21665168293193	0.3700434507082945	0	0	8
279	1.0	25.0	[1]	{2}	4.819255418075073	3.4434385821094433	3.4434385821094433	0.0	0	585.7165823690593	85.71658236905932	1.275810451318027	25	9	17	12.415550758678467	0.0	0	0	9
93	1.0	25.0	[3]	{2}	2.7617637015385865	2.1459725592416743	2.1589648978327474	0.0	0	870.9241775795817	370.92417757958174	0.37121293493384755	37	3	20	13.788213158726691	0.7361639125635553	0	0	3
341	1.0	25.0	[2]	{0}	1.4708274281480662	1.2438408534089902	1.2456106526176538	0.0	0	512.9059324972332	12.905932497233152	2.4665765749313358	29	15	22	17.169316945038737	0.647327611514592	0	0	15
155	1.0	25.0	[1]	{0}	4.57545353857041	3.348118061327744	3.3481180613277433	0.0	0	577.1252517588437	77.12525175884366	0.6230853024407228	16	0	8	6.153	0.0	0	0	0
465	1.0	25.0	[3]	{2}	1.517308019578616	1.363559752752764	1.2662047213576746	0.0	0	120.6426329445094	379.3573670554906	1.0502100630210074	23	9	16	8.20528212711215	1.2824211039681972	0	0	9
31	1.0	25.0	[2]	{1}	2.0200088893970847	1.5633401423872557	1.552019002426402	0.0	0	956.137565895915	456.13756589591503	0.2027779108258124	24	2	13	7.1762116433531045	0.5668341314865297	0	0	2
403	1.0	25.0	[2]	{0}	1.422651488661268	1.0680378316446733	1.1414159171521436	0.0	0	875.5802104715258	375.5802104715258	0.7262730392025629	25	13	19	12.884296842927112	0.6254627815522708	0	0	13
280	1.0	25.0	[3]	{0}	0.5214223308097774	0.4903850042345309	0.4908056360866757	0.0	0	625.1622722484171	125.16227224841714	nan	4	4	4	2.913350911006331	0.8012717958754703	0	0	4
218	1.0	25.0	[2]	{0}	1.286930495741458	1.0410611782118022	1.0333589591407777	0.0	0	557.555471546948	57.555471546947956	0.9185586535436917	24	4	14	10.037778113812209	0.5237162456704811	0	0	4
94	1.0	25.0	[1]	{2}	2.6649014534076834	2.281450454301904	2.281450454301904	0.0	0	655.0422138534486	155.04221385344863	1.5275252316519465	44	16	30	20.063324578344822	0.0	0	0	16
342	1.0	25.0	[1]	{1}	4.8077573153371596	3.5678500203598635	3.5678500203598644	0.0	0	611.5088546648622	111.50885466486216	0.260132990857236	34	4	19	14.088438017345965	0.0	0	0	4
156	1.0	25.0	[1]	{2}	4.6503544276865085	3.1364513958243134	3.1364513958243134	0.0	0	579.8668609932065	79.8668609932065	nan	1	1	1	0.7761331390067935	0.0	0	0	1
466	1.0	25.0	[1]	{1}	2.2966144068827	2.0407430725004287	2.0407430725004287	0.0	0	618.169688154012	118.16968815401196	0.7071067811865475	7	1	4	3.755660623691976	0.0	0	0	1
32	1.0	25.0	[2]	{0}	3.4391652514553153	2.964013153670747	2.8956429389812612	0.0	0	57.82903218641877	442.1709678135812	0.4147625489698558	54	28	41	23.00367419089749	1.330684247582803	0	0	28
404	1.0	25.0	[1]	{1}	1.3953188632419424	1.0696719011755471	1.0696719011755471	0.0	0	238.71211614459756	261.28788385540247	0.7071067811865475	5	1	3	1.5061363484337926	0.0	0	0	1
281	1.0	25.0	[1]	{2}	1.2334166457950184	1.085926382717144	1.085926382717144	0.0	0	376.5301154926419	123.46988450735807	1.0	2	0	1	0.6125301154926419	0.0	0	0	0
219	1.0	25.0	[1]	{1}	3.9133285347288904	3.0344052855234254	3.0344052855234254	0.0	0	569.8474491946399	69.84744919463992	1.3416407864998738	4	2	3	2.41384744919464	0.0	0	0	2
95	1.0	25.0	[1]	{1}	2.9818876364077154	2.504292979394459	2.504292979394459	0.0	0	715.8128661103547	215.81286611035466	0.8503003896789487	30	2	16	10.193122803337872	0.0	0	0	2
343	1.0	25.0	[3]	{2}	2.635865483314083	1.930782419858528	2.191563903072529	0.0	0	849.1047250572592	349.1047250572592	3.2457764764482677	43	39	41	27.956962973339493	2.4643190511145185	0	0	39
157	1.0	25.0	[3]	{0}	2.792283045909876	2.1047295308291836	2.1301135728706857	0.0	0	65.2546021156013	434.7453978843987	0.3	35	3	19	10.153837440196424	0.34559860135598286	0	0	3
467	1.0	25.0	[1]	{1}	0.6154221950291541	0.4256514344652813	0.4256514344652813	0.0	0	335.4601771570742	164.5398228429258	nan	0	0	0	0.0	0.0	0	0	0
33	1.0	25.0	[2]	{1}	2.013389927706492	1.8778828130519467	1.834191157760252	0.0	0	771.3335561566055	271.3335561566055	1.8014417303072303	38	14	26	16.590327539928257	0.9885218182734846	0	0	14
405	1.0	25.0	[2]	{2}	2.1030417119796274	2.057411379973356	1.9479108072659674	0.0	0	929.8839520197362	429.88395201973617	0.47863442113047944	32	14	23	13.809669103546067	1.151111189863729	0	0	14
220	1.0	25.0	[3]	{2}	2.1869481204913046	1.820932820838669	1.8314962063893052	0.0	0	268.5372589621693	231.4627410378307	2.147731430207445	40	14	27	18.743760812735186	1.575918448500436	0	0	14
282	1.0	25.0	[1]	{1}	2.370468943347435	2.1409334259137136	2.1409334259137136	0.0	0	663.7199923861772	163.71999238617718	0.6999132392733555	37	1	19	14.325640098979695	0.0	0	0	1
96	1.0	25.0	[3]	{2}	1.9597068885208841	1.7044297877791472	1.635286133972891	0.0	0	833.4445136133581	333.44451361335814	1.0084338842837277	28	14	21	14.754221323026346	1.5314095384483581	0	0	14
344	1.0	25.0	[1]	{1}	2.243632099410208	1.7576701049786556	1.7576701049786558	0.0	0	454.9326170235872	45.06738297641277	1.4924050144892729	10	2	6	3.789865234047175	0.0	0	0	2
158	1.0	25.0	[1]	{0}	0.6841108248208572	0.5367736252792833	0.5367736252792834	0.0	0	892.9574883077294	392.95748830772936	0.4472135954999579	8	2	5	2.7621275350768117	0.0	0	0	2
468	1.0	25.0	[1]	{1}	1.759823497297169	1.6490866566563782	1.6490866566563782	0.0	0	234.58265024237332	265.41734975762665	1.2179969144117253	12	4	8	5.734165300484746	0.0	0	0	4
34	1.0	25.0	[1]	{2}	2.315002917505649	1.7811298713681527	1.7811298713681527	0.0	0	347.9143809527159	152.08561904728413	nan	2	2	2	0.9008287619054317	0.0	0	0	2
406	1.0	25.0	[1]	{2}	3.6377247251787805	2.7359561212826184	2.7359561212826193	0.0	0	795.4266048036516	295.42660480365157	1.414213562373095	29	11	20	13.967733951963485	0.0	0	0	11
221	1.0	25.0	[1]	{2}	2.2534402108887104	1.8346104885598882	1.8346104885598882	0.0	0	250.4981397651136	249.5018602348864	2.1541010921383226	23	7	15	9.520494419295337	0.0	0	0	7
283	1.0	25.0	[1]	{2}	1.642738304947103	1.4840405490782225	1.4840405490782225	0.0	0	468.52473565377295	31.47526434622705	0.06324555320336758	29	5	17	12.770871034806593	0.0	0	0	5
97	1.0	25.0	[1]	{2}	1.1663937683929966	0.9209135473301018	0.9209135473301018	0.0	0	979.05134386383	479.05134386382997	0.0	3	1	2	1.21289731227234	0.0	0	0	1
159	1.0	25.0	[1]	{1}	0.8997978225438598	0.7710218761338118	0.7710218761338118	0.0	0	893.4172973968089	393.41729739680886	nan	0	0	0	0.0	0.0	0	0	0
345	1.0	25.0	[1]	{2}	2.621478293206774	2.229255725441604	2.229255725441604	0.0	0	288.41185197234154	211.58814802765846	nan	0	0	0	0.0	0.0	0	0	0
469	1.0	25.0	[1]	{0}	6.038721012483387	4.1900178543844815	4.190017854384482	0.0	0	474.6686788275838	25.33132117241621	0.35540932665545544	18	0	9	6.469331321172416	0.0	0	0	0
35	1.0	25.0	[1]	{0}	1.5755548404119681	1.2311321874741927	1.2311321874741927	0.0	0	21.54785254970193	478.45214745029807	0.8496617760555311	16	6	11	4.441026378046721	0.0	0	0	6
407	1.0	25.0	[1]	{1}	4.314858661909896	3.109306387175878	3.109306387175878	0.0	0	69.52192727476358	430.4780727252364	1.4638501094227998	6	6	6	4.7520877090990545	0.0	0	0	6
98	1.0	25.0	[3]	{2}	2.1103406303538685	1.8987628839870143	1.881836509151451	0.0	0	197.1571950707585	302.84280492924154	4.216624817598623	45	31	38	25.578200730990613	2.4485399106351076	0	0	31
284	1.0	25.0	[3]	{2}	2.3924792011397944	2.1349591164201014	2.1443024670419337	0.0	0	318.32037633284926	181.67962366715074	3.762326679172919	49	37	43	30.27008715032413	2.850972149354338	0	0	37
222	1.0	25.0	[1]	{0}	2.5517577467400017	2.105444683602127	2.105444683602127	0.0	0	182.99509538337588	317.0049046166241	0.5773502691896258	5	1	3	2.2429852861501276	0.0	0	0	1
160	1.0	25.0	[2]	{0}	1.9327479613136207	1.58441408975775	1.5921278392119482	0.0	0	539.8040493018925	39.80404930189252	0.09526610232449337	24	6	15	12.212628345113249	0.8195469421606127	0	0	6
346	1.0	25.0	[2]	{2}	2.9352837783917285	2.3658538390936816	2.2987567357569563	0.0	0	315.7822201028466	184.21777989715338	1.8186686216998291	24	10	17	12.248782220102845	1.1953419226564876	0	0	10
470	1.0	25.0	[1]	{1}	1.5535677062990758	1.2898023413325204	1.2898023413325204	0.0	0	194.8207337409258	305.1792662590742	0.8783100656536799	6	4	5	3.354103668704629	0.0	0	0	4
36	1.0	25.0	[3]	{0}	1.2590832064986022	1.0731039437137664	1.0379842708812579	0.0	0	29.170668218284845	470.82933178171515	0.14907119849998599	24	8	16	7.802389355055988	0.8239660175719437	0	0	8
408	1.0	25.0	[2]	{1}	1.9031076420577446	1.6460847233750682	1.6412651589813116	0.0	0	427.5391239207238	72.4608760792762	0.7443873683187767	47	9	28	21.471608760792765	0.7562239811129167	0	0	9
99	1.0	25.0	[1]	{0}	2.1157862041872875	1.6987957584242017	1.6987957584242017	0.0	0	353.1528254970908	146.84717450290918	0.0	4	2	3	2.4691528254970905	0.0	0	0	2
285	1.0	25.0	[2]	{0}	1.5422413820403336	1.1820844994560094	1.1866307887938194	0.0	0	425.9249283932149	74.07507160678512	0.7442084075352507	23	1	12	9.365849856786427	0.47688417732828803	0	0	1
223	1.0	25.0	[1]	{1}	1.656518256171773	1.3482613822864404	1.3482613822864404	0.0	0	398.875524289906	101.12447571009398	1.0	2	0	1	0.627875524289906	0.0	0	0	0
347	1.0	25.0	[1]	{1}	0.9519155376647097	0.8358990196651243	0.8358990196651243	0.0	0	410.1683930493891	89.83160695061088	1.5	7	7	7	5.514841965246945	0.0	0	0	7
161	1.0	25.0	[1]	{2}	0.9184543889473553	0.7680447373012729	0.7680447373012729	0.0	0	578.8770436774939	78.87704367749393	0.7333333333333333	14	2	8	6.103	0.0	0	0	2
471	1.0	25.0	[2]	{2}	0.9562294206473082	0.8156945519630902	0.8180466082425956	0.0	0	282.8891915269196	217.1108084730804	0.7216878364870323	15	5	10	6.656113532215357	0.35076533498293316	0	0	5
37	1.0	25.0	[1]	{0}	4.534204140688198	3.33749030472887	3.3374903047288695	0.0	0	658.9488782919943	158.94887829199433	nan	2	2	2	1.5711022434160113	0.0	0	0	2
409	1.0	25.0	[2]	{0}	2.4512880948412605	2.0510840605251457	2.0385153383949484	0.0	0	148.11862143687904	351.88137856312096	0.3293417709356397	46	10	29	16.755202778795734	0.8485899248546349	0	0	12
286	1.0	25.0	[3]	{0}	2.9618457372137406	2.71816287800249	2.713247131406547	0.0	0	517.7907254546881	17.790725454688072	5.759918400828704	58	50	54	39.93525564727187	4.211212135890951	0	0	50
224	1.0	25.0	[1]	{1}	1.1397186903618388	0.8794492875801951	0.8794492875801951	0.0	0	409.607999259606	90.392000740394	0.09622504486493763	17	3	10	7.646000000000001	0.0	0	0	3
100	1.0	25.0	[2]	{1}	3.4412422588801466	2.9105842234129513	2.764030901616923	0.0	0	63.9109225012362	436.0890774987638	2.133027561097681	46	4	25	13.959307527523489	1.3794725844733664	0	0	4
348	1.0	25.0	[1]	{1}	0.9131332183367862	0.743381020560143	0.743381020560143	0.0	0	507.4951236601919	7.495123660191894	0.0	4	2	3	2.386495123660192	0.0	0	0	2
162	1.0	25.0	[2]	{0}	2.099980741816042	1.6400410892602275	1.720719645722801	0.0	0	289.27348204888403	210.72651795111597	0.6261585997769192	38	16	27	17.533290087124335	1.053588334258306	0	0	16
38	1.0	25.0	[3]	{1}	3.1627752424377134	2.7218871208144737	2.723423550694301	0.0	0	664.9546069093049	164.95460690930486	4.78436583610783	58	38	48	33.983453930906954	2.8200512096118686	0	0	38
472	1.0	25.0	[2]	{0}	1.5427454715271192	1.4181201637562695	1.4180897528823668	0.0	0	498.74812830239534	1.2518716976046562	0.49884659592632397	30	4	17	13.465221924535928	0.6710093419319036	0	0	4
410	1.0	25.0	[2]	{0}	2.226886285021317	1.8041847561137787	1.7877701138649427	0.0	0	819.1218781284988	319.1218781284988	0.9209109202723808	29	3	15	11.089659340586513	0.7257638779841282	0	0	1
287	1.0	25.0	[1]	{2}	0.5940110487295556	0.4387795731689471	0.4387795731689471	0.0	0	751.7300434410572	251.7300434410572	0.7453559924999299	8	2	5	3.197349782794714	0.0	0	0	2
101	1.0	25.0	[3]	{1}	1.8819044389441408	1.4828970362290292	1.5415644296947892	0.0	0	376.4528112951666	123.54718870483339	2.5780135465419582	31	25	28	20.21596184849367	1.515946986267189	0	0	25
225	1.0	25.0	[1]	{1}	4.505697471138072	3.1545362922382023	3.1545362922382023	0.0	0	459.1828281991184	40.817171800881624	0.5163977794943222	9	1	5	3.7595484845973552	0.0	0	0	1
349	1.0	25.0	[1]	{1}	2.4364825095806273	2.2012292241884444	2.2012292241884444	0.0	0	790.5648564919829	290.56485649198294	0.0	7	3	5	3.771305430524051	0.0	0	0	3
163	1.0	25.0	[1]	{2}	5.980071942076937	4.923613965897695	4.923613965897695	0.0	0	763.714283471927	263.71428347192705	1.7942107746024003	70	8	39	24.792000047089534	0.0	0	0	8
39	1.0	25.0	[1]	{2}	4.623833648360672	3.4923580034929573	3.4923580034929573	0.0	0	963.6732186190784	463.6732186190784	1.3416407864998738	4	2	3	2.239980344142765	0.0	0	0	2
473	1.0	25.0	[1]	{1}	3.2704852026420284	2.6072853651668133	2.6072853651668133	0.0	0	887.5023904256523	387.50239042565227	0.14907119849998599	8	2	5	2.5754880478717386	0.0	0	0	2
411	1.0	25.0	[1]	{1}	1.6126039725707169	1.3435270207262147	1.3435270207262147	0.0	0	517.389222048223	17.38922204822302	0.23372319715296225	22	2	12	8.745886223614216	0.0	0	0	2
288	1.0	25.0	[1]	{1}	2.40053022552129	1.7796305812750801	1.7796305812750801	0.0	0	54.91340160369873	445.08659839630127	0.5773502691896258	5	1	3	1.7857402048110962	0.0	0	0	1
102	1.0	25.0	[1]	{1}	4.6037125463404935	3.354876286350188	3.354876286350188	0.0	0	436.8935041129589	63.10649588704109	0.5222329678670935	10	2	6	4.468	0.0	0	0	2
226	1.0	25.0	[2]	{1}	3.643104845999719	3.1732867889460645	3.172912906143066	0.0	0	510.3242115583271	10.324211558327079	0.3984861462977211	59	1	30	22.782484231166542	1.387574658035512	0	0	1
350	1.0	25.0	[1]	{1}	2.191512918774161	2.0475099774511296	2.0475099774511296	0.0	0	95.41716729290783	404.58283270709217	nan	2	2	2	1.6248343345858158	0.0	0	0	2
164	1.0	25.0	[2]	{0}	0.8675481504185797	0.7346727799323575	0.7378460561404773	0.0	0	404.1705648414791	95.82943515852088	1.9595917942265424	15	7	11	7.2715116945244365	0.33718577527705273	0	0	7
474	1.0	25.0	[3]	{1}	1.1486586716253626	1.1174746517688707	1.1093900362583011	0.0	0	216.46474953740835	283.53525046259165	0.9797958971132712	15	11	13	8.973253246761857	2.0116818772185843	0	0	11
40	1.0	25.0	[1]	{0}	1.938674098498867	1.3426218481963987	1.3426218481963987	0.0	0	442.91357742622495	57.08642257377505	1.224744871391589	3	1	2	1.416	0.0	0	0	1
412	1.0	25.0	[3]	{1}	5.32747090462553	4.661464200006634	4.39549232835352	0.0	0	38.277613231912255	461.72238676808774	0.19979199162338795	89	23	56	30.30832543513179	3.775156031901078	0	0	23
103	1.0	25.0	[3]	{0}	2.7505198515751177	2.4019204616478667	2.3189718469349248	0.0	0	773.282730486244	273.28273048624396	2.2364487346903785	42	18	30	22.155303617082534	2.3521824002842875	0	0	18
289	1.0	25.0	[1]	{2}	2.518073949853494	2.067797825269847	2.0677978252698463	0.0	0	684.0959591791034	184.09595917910337	0.6831300510639733	27	1	14	10.265424244925379	0.0	0	0	1
227	1.0	25.0	[3]	{0}	3.8661068722509144	3.2596509770086817	3.1997567447781523	0.0	0	797.2396332770586	297.2396332770586	1.5249340080192189	58	18	38	27.958124400675295	2.6029142256138	0	0	18
351	1.0	25.0	[3]	{1}	0.7238464436345827	0.5695521672266775	0.5931210081283159	0.0	0	268.05011997930706	231.94988002069294	0.0	8	6	7	4.454250599896536	0.5035011863315548	0	0	6
165	1.0	25.0	[2]	{1}	2.2549587279104015	1.9488016023770691	1.9669231212527496	0.0	0	623.5301985871047	123.53019858710468	1.013756727574571	47	9	29	21.304047021193426	0.9861408328543575	0	0	11
475	1.0	25.0	[1]	{1}	1.6270845392191426	1.3240652970931492	1.3240652970931492	0.0	0	894.5621529128402	394.56215291284025	1.1986582537134605	28	4	16	8.778005553394557	0.0	0	0	4
41	1.0	25.0	[1]	{0}	1.4962394170469722	1.3581819193658364	1.3581819193658364	0.0	0	482.0279735140503	17.972026485949698	0.1649572197684645	20	2	11	8.32613986757025	0.0	0	0	2
413	1.0	25.0	[1]	{2}	4.870888485393647	3.916829291514157	3.9168292915141567	0.0	0	759.5545463263988	259.55454632639885	0.8155724192496482	25	7	16	12.383345444083215	0.0	0	0	7
104	1.0	25.0	[2]	{1}	2.1423065399357704	1.756865833266794	1.8310757370838966	0.0	0	789.7941321134567	289.7941321134567	1.513265640834086	44	18	31	17.761558432936663	1.0160004742029476	0	0	18
290	1.0	25.0	[2]	{0}	1.8249879759852248	1.7086005352612954	1.6692791356371925	0.0	0	29.39312462694943	470.60687537305057	1.4342743312012722	47	27	37	17.462545611197132	0.8403398122315197	0	0	27
228	1.0	25.0	[1]	{0}	0.6489090485520285	0.4902392650455947	0.4902392650455947	0.0	0	807.207552716136	307.207552716136	nan	0	0	0	0.0	0.0	0	0	0
352	1.0	25.0	[3]	{2}	2.576822494674581	1.9908727535033872	2.0746017935899976	0.0	0	968.1984751950948	468.19847519509483	2.1590021590032387	30	8	19	9.56962592168339	1.3147117445577527	0	0	8
166	1.0	25.0	[1]	{1}	0.8837020616116316	0.7856488737613667	0.7856488737613667	0.0	0	622.5595853757113	122.55958537571132	1.4814874939752933	10	0	5	3.0154404146242886	0.0	0	0	0
476	1.0	25.0	[1]	{0}	2.4051815253997963	2.0274532373417316	2.0274532373417316	0.0	0	312.85858852788806	187.14141147211194	1.7056057308448833	10	6	8	5.738717177055776	0.0	0	0	6
42	1.0	25.0	[2]	{1}	1.3233522624104503	1.0077615775543276	1.017078214299202	0.0	0	306.2931434251368	193.7068565748632	0.5275043787166296	22	6	14	11.266413713149724	0.40349866010530167	0	0	6
414	1.0	25.0	[3]	{0}	1.4635932665596894	1.240208202124137	1.233504406096192	0.0	0	401.3141840696335	98.68581593036652	1.7371980724307585	23	11	17	13.570827656626701	1.1544063440582912	0	0	11
105	1.0	25.0	[1]	{1}	3.2093937837128443	2.582134580744791	2.582134580744791	0.0	0	777.2815665230155	277.2815665230155	1.0256451881367414	10	6	8	4.356310600861907	0.0	0	0	6
229	1.0	25.0	[2]	{2}	1.2824430994367977	1.0820269471434365	1.081506117733342	0.0	0	453.648230060935	46.35176993906498	1.7953312467938292	20	4	12	9.29140707975626	0.45152101941214157	0	0	4
291	1.0	25.0	[1]	{0}	1.9498773416780124	1.824120505520531	1.824120505520531	0.0	0	403.4845486748964	96.51545132510358	0.0	21	1	11	8.264515451325103	0.0	0	0	1
353	1.0	25.0	[2]	{2}	4.014632008913603	3.182829180563519	3.2208848219887507	0.0	0	236.7229023948312	263.2770976051688	0.8684962373468951	54	10	32	20.44379546226562	1.3581147798332456	0	0	10
167	1.0	25.0	[3]	{2}	2.4189181389140777	2.217091839506465	2.1499720754234186	0.0	0	781.6891819238663	281.6891819238663	2.542643302753055	38	18	28	18.211729816913607	2.9245437435296835	0	0	18
477	1.0	25.0	[2]	{2}	2.1582173434128835	1.7371259872974492	1.718327044347274	0.0	0	580.1894192118198	80.18941921181977	1.3363062095621219	23	7	15	11.204947096059099	0.8736500861380672	0	0	7
43	1.0	25.0	[2]	{2}	1.5704861041978535	1.260541960213047	1.2339889583705477	0.0	0	153.71735533699393	346.28264466300607	0.3169833889962083	18	4	11	6.340456198032947	0.5254260467630394	0	0	4
415	1.0	25.0	[2]	{2}	5.381786229353443	4.564030299557591	4.703439309922922	0.0	0	679.7457779757679	179.74577797576785	1.6135783197226272	81	41	61	40.861473767284295	2.7881360974698075	0	0	41
106	1.0	25.0	[2]	{1}	2.542722367394201	2.04743814891179	2.1445650866037544	0.0	0	134.45479795336723	365.54520204663277	1.5796858755182013	50	34	42	22.212282322227956	1.1389082184007844	0	0	34
230	1.0	25.0	[1]	{0}	1.2716963445503628	1.0223820474974987	1.0223820474974987	0.0	0	573.5568082891405	73.55680828914046	0.0	10	2	6	4.4647727668434385	0.0	0	0	2
292	1.0	25.0	[1]	{1}	2.5963786858517945	1.8101541827177472	1.8101541827177472	0.0	0	76.75777189433575	423.24222810566425	nan	1	1	1	0.6877577718943357	0.0	0	0	1
354	1.0	25.0	[1]	{2}	2.104235659907006	1.5648638680170595	1.5648638680170595	0.0	0	419.45882281288505	80.54117718711495	nan	1	1	1	0.6084588228128851	0.0	0	0	1
168	1.0	25.0	[3]	{1}	3.9429963535449963	3.169642823613975	3.191414464391359	0.0	0	625.5134036764503	125.51340367645025	4.594074144088155	59	31	45	32.396406174264854	2.0467982772593576	0	0	31
478	1.0	25.0	[2]	{1}	0.7956904407964228	0.7221896486897899	0.7150376032385982	0.0	0	273.7341176252812	226.26588237471879	0.8164965809277261	11	1	6	4.657531764749438	0.34880141455179225	0	0	1
44	1.0	25.0	[1]	{2}	3.945104716305595	3.090611003816384	3.090611003816384	0.0	0	81.10859664157033	418.89140335842967	1.18	49	1	25	15.307063336189833	0.0	0	0	1
416	1.0	25.0	[2]	{0}	1.459012574580773	1.3273963332143446	1.3481964783725235	0.0	0	137.79646065086126	362.20353934913874	0.41602514716892186	25	13	19	10.366132752366365	0.6761168666898792	0	0	13
107	1.0	25.0	[3]	{2}	1.0102944315844622	0.7748687781008554	0.7747778660907305	0.0	0	497.8696655016393	2.130334498360696	0.1690308509457033	13	5	9	7.013348327508197	0.17913133236910095	0	0	5
293	1.0	25.0	[1]	{1}	3.179759286345633	2.60880472394148	2.60880472394148	0.0	0	763.6360093019903	263.63600930199027	0.0	3	1	2	1.613	0.0	0	0	1
231	1.0	25.0	[1]	{2}	1.560618820668416	1.4592959126579823	1.4592959126579823	0.0	0	699.4603369385004	199.4603369385004	0.50709255283711	19	5	12	8.654317304491995	0.0	0	0	5
169	1.0	25.0	[3]	{0}	1.9761828381110471	1.659588880839411	1.6369493243838316	0.0	0	101.50534915737808	398.4946508426219	1.1470786693528088	29	13	21	11.879590935675429	1.2953102649128894	0	0	13
355	1.0	25.0	[2]	{2}	1.5660845377776342	1.2159696939579863	1.2234243946178551	0.0	0	303.635923191905	196.36407680809498	1.0734900802433864	29	1	15	10.344995155110956	0.4783457939368152	0	0	1
479	1.0	25.0	[2]	{2}	2.3974896658432625	1.8530933726925043	1.8358344041229002	0.0	0	876.0840967297554	376.0840967297554	1.9460249194224073	34	12	23	12.90157035559416	0.6829808192483933	0	0	12
45	1.0	25.0	[1]	{2}	1.7701207731693591	1.3014550427635343	1.3014550427635339	0.0	0	539.6094936877489	39.60949368774891	0.0	5	1	3	2.541390506312251	0.0	0	0	1
417	1.0	25.0	[1]	{0}	1.1141341813928975	1.0533890746053363	1.0533890746053363	0.0	0	339.0368320979178	160.9631679020822	0.769800358919501	17	5	11	8.876963167902082	0.0	0	0	5
108	1.0	25.0	[1]	{1}	7.534432837126663	6.113586918047373	6.113586918047373	0.0	0	329.54314025118947	170.45685974881053	0.6396021490668313	10	4	7	5.080629420753568	0.0	0	0	4
294	1.0	25.0	[3]	{1}	3.896490180793759	2.978882736234701	3.000668795300473	0.0	0	708.3149554673582	208.31495546735823	0.4541156242322552	45	5	25	17.578905578924342	0.7309915867553116	0	0	5
232	1.0	25.0	[1]	{2}	2.5931702230992117	2.3347096644719505	2.3347096644719505	0.0	0	894.8781411163509	394.8781411163509	0.19166296949998196	14	2	8	4.946487435534596	0.0	0	0	2
170	1.0	25.0	[3]	{0}	0.5644312529118295	0.5099926590660645	0.5188260037920999	0.0	0	790.4642971698195	290.4642971698195	2.3547940345293354	12	10	11	7.99660710849054	0.7944316333102424	0	0	10
356	1.0	25.0	[1]	{0}	4.1839217532925845	3.5490213221572056	3.5490213221572056	0.0	0	359.9415854550898	140.0584145449102	0.0	6	2	4	2.982	0.0	0	0	2
480	1.0	25.0	[3]	{1}	0.39707890613105284	0.3117707151133245	0.3338893369570161	0.0	0	805.4935939144343	305.4935939144343	nan	1	1	1	0.8624935939144343	0.3610441579299041	0	0	1
46	1.0	25.0	[2]	{1}	3.151167337033332	2.7298535468569702	2.6811382792988137	0.0	0	217.1291201375425	282.8708798624575	1.8839674448708854	65	7	36	23.890873604126273	1.2777719404056282	0	0	7
418	1.0	25.0	[1]	{0}	1.866083836949631	1.6444426608154006	1.6444426608154006	0.0	0	829.2115363292396	329.2115363292396	nan	0	0	0	0.0	0.0	0	0	0
109	1.0	25.0	[3]	{2}	2.827271845157366	2.4716772525998083	2.5733680682630444	0.0	0	164.2190341372043	335.7809658627957	4.217180976033088	49	45	47	27.792790058253324	3.926162135452563	0	0	45
295	1.0	25.0	[2]	{0}	0.8733898378265079	0.7535129629031228	0.7431966654977964	0.0	0	996.4806959033012	496.48069590330124	0.0	16	12	14	6.911270257353782	0.3272805955719273	0	0	12
233	1.0	25.0	[3]	{0}	0.5518184334493438	0.45672875449866135	0.444270573300394	0.0	0	621.4895248413086	121.4895248413086	0.7745966692414834	9	3	6	4.045041900634765	0.345799297449319	0	0	3
171	1.0	25.0	[3]	{1}	5.41270730090727	4.59346556309777	4.55583805608169	0.0	0	366.6816321201623	133.3183678798377	5.102053741480226	103	71	88	64.49981222784518	4.2526986244758795	0	0	73
357	1.0	25.0	[2]	{0}	1.1961899011174304	1.00414320899666	0.9494452920791198	0.0	0	171.9098831526935	328.0901168473065	2.4875037829173268	16	2	9	5.0055494157634675	0.518066478669384	0	0	2
481	1.0	25.0	[1]	{1}	2.37744931612817	1.6754104215720451	1.6754104215720451	0.0	0	97.55692351609468	402.4430764839053	0.3872983346207417	7	5	6	2.6832276940643793	0.0	0	0	5
47	1.0	25.0	[1]	{1}	2.5659919890308913	2.114785192236399	2.114785192236399	0.0	0	876.8711425364017	376.87114253640175	0.9330475326390961	43	9	26	16.303577149271963	0.0	0	0	9
419	1.0	25.0	[1]	{0}	1.9620001327110597	1.4798748981094305	1.47987489810943	0.0	0	438.0794572643936	61.920542735606375	1.2172890852574152	16	8	12	8.379158914528787	0.0	0	0	8
110	1.0	25.0	[1]	{0}	1.1794935392139176	1.0358956193050233	1.0358956193050233	0.0	0	941.7352012824268	441.73520128242683	0.43301270189221935	15	7	11	5.797912785893304	0.0	0	0	7
234	1.0	25.0	[2]	{2}	1.659575147722729	1.4822261436272512	1.458994311147991	0.0	0	621.9212890136987	121.9212890136987	2.232994343088163	34	6	20	14.344685156054794	0.8197545297779757	0	0	6
296	1.0	25.0	[1]	{1}	2.7609184865192447	2.244613795991228	2.244613795991228	0.0	0	401.33922128006816	98.66077871993184	nan	0	0	0	0.0	0.0	0	0	0
172	1.0	25.0	[1]	{1}	2.707468145303707	1.9626655916789835	1.9626655916789835	0.0	0	597.8401936590672	97.84019365906715	0.7745966692414834	14	2	8	6.6296803873181345	0.0	0	0	2
358	1.0	25.0	[1]	{0}	1.6062700663474285	1.1489880625668158	1.148988062566816	0.0	0	397.63598470017314	102.36401529982686	nan	1	1	1	0.4716359847001731	0.0	0	0	1
482	1.0	25.0	[1]	{2}	1.2016875080325478	1.1536081342783062	1.1536081342783062	0.0	0	577.7120324783027	77.71203247830272	1.224744871391589	3	3	3	1.9207120324783027	0.0	0	0	3
48	1.0	25.0	[1]	{0}	2.7497469749860333	2.1105356149079886	2.1105356149079886	0.0	0	278.71123631484807	221.28876368515193	0.23570226039551587	15	3	9	6.867133708944545	0.0	0	0	3
111	1.0	25.0	[1]	{0}	2.8056090468289137	2.081199244553431	2.081199244553431	0.0	0	804.696015547961	304.696015547961	0.8666666666666667	14	2	8	4.2714318756163125	0.0	0	0	2
420	1.0	25.0	[2]	{2}	0.9649569048001345	0.7206531323145138	0.7555157133542014	0.0	0	993.1936576031148	493.19365760311484	0.9258200997725514	13	5	9	5.564257081571966	0.3437246684303723	0	0	5
235	1.0	25.0	[2]	{2}	2.396940930690052	2.073150940087709	2.065765515039461	0.0	0	374.3517939001322	125.64820609986782	0.6880104279501184	51	15	33	24.07638767190278	0.9260736449286391	0	0	15
297	1.0	25.0	[2]	{2}	0.6451143724110342	0.5573515910930842	0.5476859671355816	0.0	0	345.36375501193106	154.63624498806894	1.224744871391589	3	1	2	1.898727510023862	0.2876343336111216	0	0	1
173	1.0	25.0	[2]	{2}	2.3290160768163286	1.786911147798725	1.8514029472513742	0.0	0	319.2334366030991	180.7665633969009	2.144443856990039	35	19	27	15.667902168665083	1.0436633191108062	0	0	19
359	1.0	25.0	[1]	{0}	1.8143541271082748	1.4009648138305941	1.4009648138305941	0.0	0	70.20845683291554	429.79154316708446	1.4433756729740645	8	0	4	1.4708338273316621	0.0	0	0	0
483	1.0	25.0	[1]	{1}	2.556944227452763	2.0523622144591203	2.0523622144591203	0.0	0	289.7619307041168	210.23806929588318	1.6621367009660826	39	9	24	15.71261930704117	0.0	0	0	9
49	1.0	25.0	[1]	{1}	3.20148301945457	2.7412451831611504	2.7412451831611504	0.0	0	180.504186777398	319.495813222602	1.4992681141306183	40	18	29	17.358596295880155	0.0	0	0	18
112	1.0	25.0	[1]	{2}	2.91597334668863	2.1103832444346304	2.1103832444346304	0.0	0	715.9336628392339	215.93366283923388	0.07106690545187015	21	1	11	7.658199011482299	0.0	0	0	1
421	1.0	25.0	[2]	{1}	1.3038542073370434	1.0597536046520817	1.030014939794346	0.0	0	256.7844530567527	243.21554694324732	0.6880329612324521	16	2	9	6.858922265283763	0.5003607139557716	0	0	2
236	1.0	25.0	[3]	{2}	1.7239961266780934	1.5423055712307205	1.5476355709481242	0.0	0	580.7301008608192	80.73010086081922	2.354833517059535	36	22	29	22.173429092252626	2.103130265813527	0	0	22
298	1.0	25.0	[2]	{2}	2.1122270944678565	1.7620475105610678	1.771009640215324	0.0	0	827.6802606415004	327.68026064150035	0.5956833971812706	43	13	28	19.545673744603985	0.7422463204156363	0	0	13
174	1.0	25.0	[2]	{1}	2.764201159546891	2.156636016146515	2.1472807360943253	0.0	0	538.190855877474	38.19085587747395	0.4682393835430248	34	4	20	14.924618288245053	1.0101414130731212	0	0	6
360	1.0	25.0	[3]	{0}	2.0767827906359564	1.84257664413871	1.816249475599187	0.0	0	767.7004730794579	267.7004730794579	3.183357698055032	39	31	35	25.3486910114903	2.1676446792602784	0	0	31
484	1.0	25.0	[1]	{2}	1.2923380917618763	1.1512252071555698	1.1512252071555698	0.0	0	15.590541064739227	484.4094589352608	0.9071147352221454	20	2	11	5.443314869582652	0.0	0	0	2
50	1.0	25.0	[1]	{1}	7.180868984207082	4.861958621138603	4.861958621138601	0.0	0	634.3714692629874	134.37146926298738	1.3416407864998738	4	2	3	1.8838855922110378	0.0	0	0	2
113	1.0	25.0	[3]	{1}	4.092692842954593	3.018138403475292	3.2638106126214104	0.0	0	28.44748552888632	471.5525144711137	1.977783584464373	53	33	43	22.40924187774211	2.0753137389963223	0	0	33
237	1.0	25.0	[3]	{1}	2.3626540611855282	1.8194893832774837	1.8795537417920802	0.0	0	675.0387419015169	175.03874190151691	1.289533220821321	33	11	22	16.121845032393935	1.2036545059218042	0	0	11
422	1.0	25.0	[2]	{2}	5.199061839935691	3.9821058301410157	4.159079394274187	0.0	0	249.3830993771553	250.6169006228447	0.4730593686213277	67	11	38	25.297726782560353	2.2657002290098296	0	0	9
175	1.0	25.0	[1]	{1}	3.2634231099939424	2.256173753389006	2.256173753389006	0.0	0	222.40809258073568	277.5919074192643	nan	1	1	1	0.7654080925807357	0.0	0	0	1
299	1.0	25.0	[1]	{2}	2.5872473566724885	2.3858017022523947	2.3858017022523947	0.0	0	177.4088095407933	322.5911904592067	1.3727314999735665	42	6	24	18.073817619081588	0.0	0	0	6
361	1.0	25.0	[1]	{1}	1.3221019386049149	0.9783501188156686	0.9783501188156686	0.0	0	701.9600220955908	201.96002209559083	1.414213562373095	7	1	4	1.8680799558088184	0.0	0	0	1
485	1.0	25.0	[1]	{2}	1.7906199303441614	1.6146818386121222	1.6146818386121222	0.0	0	19.28030722774565	480.71969277225435	0.04376881095324085	35	21	28	13.644848602376882	0.0	0	0	21
51	1.0	25.0	[2]	{2}	1.0479318697319506	0.922327216321794	0.8788780193144977	0.0	0	135.59086248278618	364.4091375172138	0.6269355057278587	21	9	15	8.298862937241791	0.47414399313040567	0	0	9
114	1.0	25.0	[1]	{0}	3.6581610157589397	3.5275087319621363	3.5275087319621363	0.0	0	748.0171136558056	248.0171136558056	1.492007693184502	59	15	37	25.240709067851302	0.0	0	0	15
238	1.0	25.0	[2]	{0}	5.612364602022593	5.0485796816651405	5.0037707224022085	0.0	0	118.197460193187	381.802539806813	2.227992804278001	106	38	72	43.9578222135231	2.314950027433669	0	0	38
423	1.0	25.0	[2]	{1}	1.4065216210827498	1.076907589770374	1.104075688799599	0.0	0	266.4505993016064	233.54940069839358	1.6438525696907011	26	8	17	12.092055393714455	0.5171418692416443	0	0	8
176	1.0	25.0	[2]	{2}	0.5617023401926624	0.43213646703544983	0.4309640059996872	0.0	0	186.81087344884872	313.1891265511513	1.7320508075688774	5	1	3	1.6788108734488487	0.15385645576868723	0	0	1
300	1.0	25.0	[2]	{2}	2.506259827962329	1.9959821189697193	2.0958620004683324	0.0	0	797.4054794758558	297.4054794758558	2.219956109522242	38	26	32	20.275079451531173	1.178569481529922	0	0	26
362	1.0	25.0	[3]	{2}	1.2244776352548004	0.9434583030417039	0.9674379430083646	0.0	0	796.1659377906471	296.16593779064715	0.5095246653650681	15	9	12	6.538340622093529	0.47360463962252086	0	0	9
486	1.0	25.0	[1]	{1}	1.1776498783948228	1.1104473637526036	1.1104473637526036	0.0	0	294.05219038017094	205.94780961982906	0.753778361444409	23	15	19	10.465991617223251	0.0	0	0	15
52	1.0	25.0	[3]	{0}	0.2798921675064402	0.2445452380675689	0.2439758703331462	0.0	0	655.3762266412377	155.37622664123774	2.1213203435596424	7	5	6	4.974	0.2761184032546062	0	0	5
115	1.0	25.0	[3]	{2}	4.984618967518268	3.902193629667673	3.9588269690927618	0.0	0	736.2486887723207	236.24868877232075	0.41057145554136565	66	12	39	28.32827491332591	2.002621116950987	0	0	12
424	1.0	25.0	[3]	{0}	2.0212290772655703	1.545172536042828	1.565673607517875	0.0	0	320.54879353381693	179.45120646618307	0.2449489742783178	24	6	15	9.144036728871988	0.5122575486507055	0	0	6
239	1.0	25.0	[2]	{1}	0.6568542210573332	0.5545722684671844	0.5496741458792397	0.0	0	293.30468527041376	206.69531472958624	0.4	19	3	11	7.060132796892897	0.24494434360525136	0	0	3
301	1.0	25.0	[1]	{0}	1.64447704699396	1.366079551781985	1.366079551781985	0.0	0	151.51977026835084	348.48022973164916	0.0	5	1	3	1.2635593108050525	0.0	0	0	1
177	1.0	25.0	[1]	{1}	3.8807811932894687	3.198206543852553	3.198206543852553	0.0	0	900.544973090291	400.544973090291	1.161895003862225	7	3	5	2.468275134548545	0.0	0	0	3
363	1.0	25.0	[1]	{2}	6.998280135529468	4.966202695427765	4.966202695427765	0.0	0	783.1080867908895	283.1080867908895	0.5773502691896258	5	1	3	2.3038919132091107	0.0	0	0	1
487	1.0	25.0	[2]	{2}	1.753934063453182	1.5117435663255472	1.5357258049816427	0.0	0	228.30560035072267	271.69439964927733	0.0729396808625797	34	16	25	15.19664000876807	0.747027941434644	0	0	16
53	1.0	25.0	[1]	{1}	4.428246750496326	3.355506871975936	3.355506871975936	0.0	0	189.0783431008458	310.9216568991542	0.457276046265797	30	4	18	12.92778343100846	0.0	0	0	6
116	1.0	25.0	[1]	{0}	2.7020184339418245	2.255087372246101	2.255087372246101	0.0	0	508.8194718118757	8.819471811875701	0.7027642214999339	14	2	8	5.9030000000000005	0.0	0	0	2
425	1.0	25.0	[1]	{2}	1.8966117143757613	1.5342731413916249	1.5342731413916249	0.0	0	464.48552096262574	35.51447903737426	0.4930493313022979	26	0	13	9.306514479037375	0.0	0	0	0
240	1.0	25.0	[2]	{0}	0.5206362561627919	0.4450326558568831	0.44800701603855375	0.0	0	567.5804736092687	67.58047360926867	1.3587324409735149	12	4	8	5.260678105562926	0.23170101191573741	0	0	4
302	1.0	25.0	[3]	{2}	2.829018114516259	2.1440557495294903	2.137745768107361	0.0	0	54.47074491530657	445.52925508469343	0.8736977528572243	32	4	18	9.247531918644908	0.14202034684238563	0	0	4
178	1.0	25.0	[1]	{0}	0.9803945372871932	0.8871956539355159	0.8871956539355159	0.0	0	699.1205061785877	199.12050617858768	1.4638501094227998	6	2	4	3.114241012357175	0.0	0	0	2
364	1.0	25.0	[1]	{1}	2.1319924483648967	1.914598572411323	1.9145985724113233	0.0	0	996.7787954956292	496.7787954956292	1.0	2	0	1	0.9372212045043709	0.0	0	0	0
488	1.0	25.0	[2]	{0}	0.9866001049773859	0.7478412834584957	0.7637493925243429	0.0	0	826.8443853594363	326.8443853594363	2.038098661460272	17	5	11	6.625711761046201	0.3191211538358257	0	0	5
54	1.0	25.0	[1]	{2}	3.8087850819602727	2.7962214510671997	2.7962214510671997	0.0	0	916.3924101740122	416.3924101740122	0.0	3	1	2	0.8632151796519757	0.0	0	0	1
117	1.0	25.0	[2]	{1}	2.4454251685217305	1.977601099155174	1.9756059372707513	0.0	0	569.2919914145023	69.29199141450226	0.47007644804613713	33	3	18	13.612664068683982	0.7816868952893681	0	0	3
426	1.0	25.0	[1]	{2}	3.4972195849276506	2.839963656126131	2.839963656126131	0.0	0	479.3536462821066	20.64635371789342	nan	0	0	0	0.0	0.0	0	0	0
241	1.0	25.0	[1]	{1}	1.6275693074553987	1.204137457160431	1.204137457160431	0.0	0	847.295434679836	347.29543467983603	0.7071067811865475	5	1	3	2.340295434679836	0.0	0	0	1
303	1.0	25.0	[1]	{2}	3.530425715820701	3.187282187233137	3.187282187233137	0.0	0	247.7115076035261	252.2884923964739	0.7407785326716213	62	30	46	29.54019125851989	0.0	0	0	30
179	1.0	25.0	[1]	{0}	1.15547397981613	1.0016227761613379	1.001622776161338	0.0	0	817.6121115684509	317.6121115684509	0.6396021490668313	10	2	6	3.484327330589294	0.0	0	0	2
365	1.0	25.0	[1]	{0}	3.6464104239404533	2.712228724187974	2.7122287241879746	0.0	0	741.2426853552461	241.24268535524607	0.8189230248533256	23	3	13	8.962786573223768	0.0	0	0	3
489	1.0	25.0	[1]	{0}	3.1981434787248753	2.5968665756474443	2.5968665756474443	0.0	0	611.8038445711136	111.80384457111359	1.0231897640384615	34	6	20	14.535176932573316	0.0	0	0	6
55	1.0	25.0	[3]	{0}	1.408128439317852	1.1757783968572526	1.1705813126142557	0.0	0	479.935263749212	20.064736250787973	1.913336597508849	26	12	20	15.178388417504726	1.1748956914817201	0	0	14
118	1.0	25.0	[1]	{0}	2.299370787688728	1.5666205211082167	1.5666205211082167	0.0	0	476.5464598312974	23.453540168702602	nan	1	1	1	0.6294535401687026	0.0	0	0	1
427	1.0	25.0	[2]	{1}	4.443851768480788	3.290186693907967	3.6729940657306708	0.0	0	921.8198561575264	421.8198561575264	0.4178554470186725	65	41	53	32.93346676059626	2.3585820555639208	0	0	41
242	1.0	25.0	[2]	{0}	0.4276556634487693	0.3429564143588211	0.34300475643511535	0.0	0	517.935274168849	17.93527416884899	0.0	5	3	4	3.456129451662302	0.13187228781692786	0	0	3
304	1.0	25.0	[2]	{0}	1.5589732329282682	1.3035411843845315	1.346609296711026	0.0	0	800.6849349476397	300.6849349476397	0.3120938919661796	27	9	18	11.621410910733044	0.7103560362312686	0	0	9
180	1.0	25.0	[2]	{1}	1.3053624283791965	1.1364528866062928	1.0733738810456108	0.0	0	951.4884671662004	451.4884671662004	1.6994116628998404	24	8	16	8.815161459673194	0.5604061039601802	0	0	8
366	1.0	25.0	[3]	{2}	0.9242140380723365	0.7144557129972047	0.7054992169844612	0.0	0	97.07910963334145	402.92089036665857	0.48038446141526137	12	0	6	2.951474657800049	0.12093842688189299	0	0	0
490	1.0	25.0	[2]	{2}	4.22765008400988	3.7624783652637523	3.759923964305898	0.0	0	479.3003483209759	20.6996516790241	2.0045917014084518	73	19	46	34.864190943654634	1.7695020112738282	0	0	19
56	1.0	25.0	[2]	{2}	1.9965560865334249	1.5434623761879978	1.69062131850896	0.0	0	179.212094983086	320.787905016914	0.21081851067789195	39	29	34	20.203787039458753	1.151085453546018	0	0	29
119	1.0	25.0	[2]	{0}	1.8460727076281689	1.380341102636092	1.4004424192201226	0.0	0	171.8944541644305	328.1055458355695	0.9847319278346618	23	1	12	6.712155633315445	0.5386708530305186	0	0	1
243	1.0	25.0	[1]	{0}	3.255545432073789	2.772806405131754	2.772806405131754	0.0	0	931.9860239047556	431.9860239047556	1.5031839369648459	37	7	22	9.78627952190489	0.0	0	0	7
428	1.0	25.0	[1]	{0}	1.6989275581097192	1.2838272574746634	1.2838272574746634	0.0	0	597.2744897007942	97.27448970079422	1.4694160994998617	14	4	9	6.334176530897617	0.0	0	0	4
305	1.0	25.0	[1]	{0}	7.105428801471676	5.190329257667782	5.190329257667782	0.0	0	131.19458174332976	368.80541825667024	nan	0	0	0	0.0	0.0	0	0	0
181	1.0	25.0	[2]	{2}	1.4999866024184885	1.3871928438019479	1.2587987419122662	0.0	0	858.2573127932847	358.25731279328465	0.7977240352174656	20	4	12	6.728426872067153	0.867190593789249	0	0	4
367	1.0	25.0	[1]	{2}	1.234888452832613	1.1548571236391227	1.1548571236391227	0.0	0	872.8319078218192	372.8319078218192	0.6880329612324521	20	8	14	6.747353290494532	0.0	0	0	8
491	1.0	25.0	[1]	{2}	1.33406124001197	0.9866304415645057	0.9866304415645057	0.0	0	140.95703302882612	359.0429669711739	1.7008401285415224	11	1	6	4.466742198172957	0.0	0	0	1
57	1.0	25.0	[2]	{0}	4.987212719382249	4.443998217982144	4.340088964520898	0.0	0	950.42914734222	450.42914734221995	0.5707138387268051	89	51	70	35.94981798072906	2.077172057487018	0	0	51
120	1.0	25.0	[2]	{0}	0.745295763729948	0.6524170712658535	0.6690947495642725	0.0	0	705.3070436231792	205.3070436231792	0.16984155512168936	15	3	9	6.313850694637746	0.3776797275374114	0	0	3
429	1.0	25.0	[3]	{0}	3.8312801005578647	3.1539034789034117	3.2945258052066135	0.0	0	882.9649933613837	382.9649933613837	2.3972127583396423	63	41	52	27.30640026554465	3.735719521124927	0	0	41
244	1.0	25.0	[1]	{1}	5.829830860605774	4.500558097111028	4.500558097111029	0.0	0	900.0784959644079	400.0784959644079	0.6495945324954477	36	2	19	13.435665568605064	0.0	0	0	2
306	1.0	25.0	[1]	{1}	2.1688262866174326	1.9357575144302126	1.9357575144302126	0.0	0	680.9410979039967	180.9410979039967	0.29184818148727604	38	10	24	17.081060237728057	0.0	0	0	10
182	1.0	25.0	[3]	{0}	2.341915401468298	1.9190379394185475	1.9252917025700855	0.0	0	472.5406097713858	27.45939022861421	2.394603721730797	39	21	30	23.20008121954277	1.5785870975652632	0	0	21
368	1.0	25.0	[1]	{2}	3.7704944494205255	3.1364055586096065	3.1364055586096065	0.0	0	707.2794903069735	207.27949030697346	0.0	3	1	2	1.9060000000000001	0.0	0	0	1
492	1.0	25.0	[3]	{0}	3.506816165978689	3.227227470987106	3.2053557681164793	0.0	0	716.1800358444452	216.18003584444523	5.170114625058248	77	57	67	49.71329946233331	4.703122704634297	0	0	57
58	1.0	25.0	[2]	{2}	1.2418779159358697	1.014500699508136	1.0786181028655017	0.0	0	253.0871699564159	246.9128300435841	0.1259881576697424	20	12	16	10.593220379389823	0.717355417475415	0	0	12
121	1.0	25.0	[3]	{1}	1.8031484759397283	1.4350432109159863	1.407613859099863	0.0	0	674.6644312515855	174.66443125158548	0.8528028654224418	21	1	11	7.847348981238902	0.5990603007464587	0	0	1
245	1.0	25.0	[3]	{0}	1.3214975969873368	1.088155519020456	1.0616375996787837	0.0	0	170.22444657050073	329.77555342949927	1.0741723110591492	12	8	10	5.955795572564007	0.6445272383681618	0	0	8
430	1.0	25.0	[1]	{1}	1.4874722386799555	1.3539576058289995	1.3539576058289995	0.0	0	50.23697204887867	449.76302795112133	1.0	7	3	5	1.3791848602443935	0.0	0	0	3
183	1.0	25.0	[3]	{0}	1.1775339498746198	1.0881008093125626	1.115860460033136	0.0	0	0.8439971134066582	499.15600288659334	0.06666666666666667	26	24	25	9.574099927835167	1.9172931571788119	0	0	24
307	1.0	25.0	[3]	{1}	2.673935372307374	2.3757858875111153	2.3825339934883276	0.0	0	534.6270955633372	34.62709556333721	5.046841424918405	57	41	49	34.527118713309996	3.211539066991898	0	0	41
369	1.0	25.0	[1]	{2}	2.09666243761284	1.93116982367534	1.93116982367534	0.0	0	374.4353929068893	125.56460709311068	1.2346266729083417	30	10	20	15.41987078581378	0.0	0	0	10
493	1.0	25.0	[1]	{1}	0.7761849767690763	0.5761797882059327	0.5761797882059327	0.0	0	891.2869417108595	391.28694171085954	0.0	3	1	2	1.814	0.0	0	0	1
59	1.0	25.0	[1]	{1}	2.2275095474595976	1.7561850989378527	1.7561850989378525	0.0	0	381.7123388871551	118.28766111284489	0.0	6	0	3	2.183712338887155	0.0	0	0	0
122	1.0	25.0	[1]	{2}	3.6837191764566066	2.885029252784755	2.885029252784755	0.0	0	624.436178477481	124.43617847748101	0.672411148135389	38	2	20	14.87012764304504	0.0	0	0	2
431	1.0	25.0	[3]	{1}	2.50804634498374	1.8948437705737509	1.9880832278392746	0.0	0	201.2758161872625	298.72418381273746	2.4094886471883736	43	25	34	23.4774130589962	1.1685133265616636	0	0	25
246	1.0	25.0	[2]	{0}	0.9363578698722878	0.8190477849791461	0.8085956519332802	0.0	0	297.6672211661935	202.33277883380651	1.0415476122441203	15	5	10	7.847334442332388	0.39207484726208536	0	0	5
308	1.0	25.0	[3]	{0}	1.0057467481949567	0.836095482441908	0.8567092169092207	0.0	0	382.6373284682632	117.3626715317368	0.24359938288234503	12	0	6	4.889725343063473	0.9948345654287862	0	0	0
184	1.0	25.0	[1]	{1}	2.61672578302586	2.0894270167874303	2.0894270167874303	0.0	0	671.7124003916979	171.71240039169788	0.0	9	1	5	3.740287599608302	0.0	0	0	1
370	1.0	25.0	[3]	{0}	2.703512466816908	2.2988455582084866	2.2987927532753067	0.0	0	730.9835895430297	230.98358954302967	1.8774664413056281	46	22	34	22.53022974639759	2.1694958343259327	0	0	22
494	1.0	25.0	[3]	{2}	2.032172499293744	1.5752439539602365	1.6577363392901097	0.0	0	796.8885905575007	296.8885905575007	0.8132500607904443	26	18	22	13.348005369964985	1.346712086076504	0	0	18
60	1.0	25.0	[3]	{0}	2.721439655167746	2.201948448796525	2.200472706261384	0.0	0	434.1728433500976	65.8271566499024	1.6954090894214462	46	20	33	25.607790096549312	1.2975621647572488	0	0	20
432	1.0	25.0	[1]	{2}	2.1042085133550295	1.5220655474964577	1.5220655474964577	0.0	0	112.92280163615942	387.0771983638406	0.11396057645963795	10	4	7	4.2546140081807975	0.0	0	0	4
123	1.0	25.0	[2]	{2}	4.83182686986117	3.8403027270135475	3.929002538467735	0.0	0	615.3013010043651	115.30130100436509	2.247454349047173	53	21	37	26.571275280917064	2.282376272732482	0	0	21
247	1.0	25.0	[1]	{0}	1.9909591349314562	1.4789314610188897	1.4789314610188897	0.0	0	972.3465209826828	472.3465209826828	1.224744871391589	9	1	5	2.894267395086586	0.0	0	0	1
309	1.0	25.0	[3]	{0}	1.8947969970113652	1.4968082319561762	1.4976495319938086	0.0	0	520.8635109011084	20.863510901108384	0.16993235521110622	32	4	18	14.238	0.6527382654491797	0	0	4
185	1.0	25.0	[1]	{1}	2.91800613514809	2.0795690989005795	2.0795690989005795	0.0	0	157.71206887438893	342.28793112561107	0.6454972243679028	14	4	9	6.925136206623165	0.0	0	0	4
371	1.0	25.0	[1]	{2}	2.43951069432131	1.723823287048321	1.723823287048321	0.0	0	100.5646139383316	399.4353860616684	nan	1	1	1	0.8895646139383316	0.0	0	0	1
495	1.0	25.0	[1]	{0}	1.4698160859809861	1.3975714022554002	1.3975714022554002	0.0	0	0.5910764448344707	499.40892355516553	nan	0	0	0	0.0	0.0	0	0	0
61	1.0	25.0	[3]	{1}	3.832236294185486	3.2088746743087855	3.264782248968688	0.0	0	902.0812495145948	402.0812495145948	1.0601943963513065	62	40	51	32.00166876990162	3.263885692515429	0	0	40
433	1.0	25.0	[2]	{2}	1.2544496940400676	1.040395231812186	0.9958638091024528	0.0	0	248.20801173336804	251.79198826663196	0.34549007977865903	28	4	16	10.342496140800415	0.5454969432131664	0	0	4
