iter	recomb_rate	mut_rate	recomb_type	recomb_node	ARG_length_1	ARG_length_2	ARG_length_3	ARG_length_4	root_height_change	bp	bp_pos_deviation	rank_stat	info_sites_global	confounding_info_sites	consistent_info_sites	weighted_consistent_info_sites	rf_dist	no_neu_recurr_mut	no_adv_recurr_mut	info_sites_imbalance
248	1.0	37.5	[1]	{0}	2.296879016345535	2.108139154495065	2.108139154495065	0.0	0	383.9371646754444	116.06283532455558	0.0	35	7	21	15.797057470131666	0.0	0	0	7
372	1.0	37.5	[3]	{2}	1.7241833245330094	1.3906448662947	1.3795644196529344	0.0	0	567.7474814001471	67.74748140014708	1.1418030853497838	39	7	23	17.05524244420044	0.8549705180938528	0	0	7
186	1.0	37.5	[1]	{0}	1.903501448797123	1.8558041210193315	1.8558041210193315	0.0	0	155.2278206218034	344.7721793781966	0.23883257361061286	50	26	38	21.294201542384922	0.0	0	0	26
310	1.0	37.5	[2]	{0}	4.328725337744716	3.650845714795749	3.715693387053376	0.0	0	347.4604897201061	152.53951027989388	1.7473955057144486	95	39	67	47.082563996285195	1.9764512141013078	0	0	39
124	1.0	37.5	[1]	{2}	1.9147883221785547	1.463329592827804	1.4633295928278043	0.0	0	302.5715397670865	197.4284602329135	1.721892064184557	18	4	11	7.7477146193012585	0.0	0	0	4
434	1.0	37.5	[2]	{1}	1.8637242930302584	1.5991128168493356	1.5136601883585996	0.0	0	293.7889874447137	206.2110125552863	2.0679254796712776	37	5	21	15.478944937223572	0.9961921492766298	0	0	5
62	1.0	37.5	[1]	{2}	1.6616316645570226	1.4612444478316116	1.4612444478316116	0.0	0	288.1741162855178	211.8258837144822	0.6546536707079772	29	1	15	9.237218813998625	0.0	0	0	1
0	1.0	37.5	[3]	{0}	3.115184586706661	2.5083041706109626	2.524809974698871	0.0	0	869.8925694916397	369.89256949163973	0.9886098308181855	82	26	54	33.34708235931768	1.5519955151483704	0	0	26
496	1.0	37.5	[1]	{0}	1.502697481227539	1.060428651668035	1.060428651668035	0.0	0	409.02557829394937	90.97442170605063	0.42857142857142855	13	1	7	4.529076734881849	0.0	0	0	1
373	1.0	37.5	[3]	{0}	5.3745627464691585	4.704684256241324	4.624723347544905	0.0	0	280.0012349616736	219.99876503832638	5.153435236504103	144	86	115	75.56406298304537	5.113871017710078	0	0	86
125	1.0	37.5	[1]	{2}	2.885331584922909	2.152833904972293	2.152833904972293	0.0	0	821.0392585024238	321.03925850242376	1.0	2	2	2	1.903	0.0	0	0	2
435	1.0	37.5	[3]	{2}	1.1574251542939538	0.9472948485466359	0.9017896330851007	0.0	0	51.74021003767848	448.2597899623215	0.22188007849009164	25	9	17	10.42362273048982	0.3712814130516661	0	0	9
249	1.0	37.5	[1]	{2}	2.5718981131140692	2.2581471438106675	2.2581471438106675	0.0	0	755.9122263919562	255.9122263919562	0.2807714302062651	70	14	42	28.519808755457404	0.0	0	0	14
63	1.0	37.5	[3]	{0}	1.5156336510660982	1.3680262291323007	1.3677808549945447	0.0	0	513.8255606871098	13.825560687109828	4.752304596401845	45	37	41	31.43561658969335	1.8661927951698074	0	0	37
311	1.0	37.5	[1]	{2}	3.0506430947408236	2.8506399174447035	2.8506399174447035	0.0	0	738.4266138542444	238.42661385424435	0.29821603968282906	79	13	46	32.21105481208115	0.0	0	0	13
187	1.0	37.5	[1]	{0}	2.9283716307967023	2.274549564065156	2.274549564065156	0.0	0	574.0109956823289	74.01099568232894	nan	0	0	0	0.0	0.0	0	0	0
497	1.0	37.5	[1]	{2}	1.1738842399374805	0.9692333430685973	0.9692333430685973	0.0	0	892.39970035851	392.39970035851	0.4042260417272216	26	8	17	10.084803895339368	0.0	0	0	8
1	1.0	37.5	[2]	{0}	1.2001065621038958	0.9715463935095691	0.9639986681688865	0.0	0	564.8235525004566	64.82355250045657	0.24209101306752098	25	5	15	11.471235132496805	0.48038031006611603	0	0	5
126	1.0	37.5	[3]	{2}	0.9570641477528272	0.8764545741312205	0.8765742051265983	0.0	0	419.6357082109898	80.36429178901022	3.5058392848088586	29	25	27	21.996821458945053	1.2716973633383162	0	0	25
64	1.0	37.5	[3]	{0}	5.070891901266864	4.607563717463796	4.516688899521897	0.0	0	949.184934142977	449.184934142977	2.149816213826543	147	99	124	68.14476684913042	5.910470264804196	0	0	101
374	1.0	37.5	[1]	{1}	4.467272870321074	3.144191910001303	3.144191910001303	0.0	0	747.8880523703992	247.88805237039924	1.267731382092775	19	3	11	8.293335842888803	0.0	0	0	3
312	1.0	37.5	[3]	{1}	1.8731744592717696	1.6091611373094783	1.6105248447388962	0.0	0	787.7334363292903	287.73343632929027	2.406579175321775	56	28	42	28.280864400755615	1.6498914842358476	0	0	28
188	1.0	37.5	[3]	{1}	1.2164702675156815	0.9461173926295476	0.9511936271607757	0.0	0	451.93509804084897	48.06490195915103	0.8000946913656627	23	7	15	11.165805294122546	0.4163394976082506	0	0	7
250	1.0	37.5	[1]	{1}	1.7550238628181298	1.3839099537994	1.3839099537994	0.0	0	147.6377071812749	352.3622928187251	1.3297230032251537	34	4	19	12.609841022081673	0.0	0	0	4
436	1.0	37.5	[1]	{0}	4.945388061623267	3.9536714835929754	3.9536714835929754	0.0	0	304.45410404354334	195.54589595645666	1.070725850912041	90	6	48	32.72499028895794	0.0	0	0	6
498	1.0	37.5	[1]	{2}	3.083920355253225	2.9215713237923575	2.9215713237923575	0.0	0	763.4639460593462	263.4639460593462	1.3759326021948715	96	40	68	42.07316323643923	0.0	0	0	40
2	1.0	37.5	[1]	{0}	1.6446437262961218	1.2884792798682283	1.2884792798682283	0.0	0	948.2383043505253	448.23830435052525	0.6599120175960898	30	8	19	10.06747221734002	0.0	0	0	8
127	1.0	37.5	[1]	{2}	1.575699018315074	1.2179532244074092	1.2179532244074092	0.0	0	782.7130458317697	282.7130458317697	1.8516401995451028	6	4	5	2.656860862504691	0.0	0	0	4
65	1.0	37.5	[3]	{2}	3.8435286811160383	3.47476733675214	3.1529269342599204	0.0	0	876.0111476294696	376.01114762946963	1.8281809915326475	80	34	56	37.60662098059804	3.018176527986105	0	0	32
313	1.0	37.5	[2]	{0}	3.083557598549342	2.4901430169010568	2.4764034208452887	0.0	0	458.3150546532124	41.68494534678757	2.1634865419175724	65	15	40	30.277219344161452	1.2642303327323976	0	0	15
375	1.0	37.5	[2]	{2}	1.6599953405171897	1.3153868237270476	1.3116835888361973	0.0	0	327.74065691046417	172.25934308953583	0.30304576336566325	35	7	21	15.956109853656963	0.5031839390880225	0	0	7
189	1.0	37.5	[1]	{0}	1.3125883419225504	1.1437773169318024	1.1437773169318024	0.0	0	792.4697778653353	292.46977786533535	1.3456278407175908	34	4	20	12.905241777077316	0.0	0	0	6
251	1.0	37.5	[2]	{2}	6.172978135916493	5.251115504765666	5.251188065879888	0.0	0	492.6270183641464	7.372981635853591	1.9777607509524948	139	17	78	59.6439354123473	2.1745404864545415	0	0	17
437	1.0	37.5	[1]	{1}	1.633881356232775	1.229030361808342	1.229030361808342	0.0	0	156.33623441681266	343.66376558318734	nan	0	0	0	0.0	0.0	0	0	0
3	1.0	37.5	[3]	{0}	3.765156722178682	2.8639831305050003	2.896615757843669	0.0	0	709.3798131681979	209.37981316819787	0.04598004898717029	85	25	55	38.547466165449464	0.7378394714725858	0	0	25
499	1.0	37.5	[1]	{0}	2.9965413759243713	2.5509199739633273	2.5509199739633273	0.0	0	314.28070296533406	185.71929703466594	0.4898979485566356	9	1	5	3.098842108896002	0.0	0	0	1
66	1.0	37.5	[3]	{0}	1.0162070177768527	0.8577100564253709	0.8872387865573995	0.0	0	150.61936085112393	349.38063914887607	2.16234091233847	32	22	27	19.35829041276686	1.0851855483055248	0	0	22
128	1.0	37.5	[1]	{1}	2.236145268818044	1.6624206455441748	1.662420645544175	0.0	0	500.4375441931188	0.43754419311881065	1.4433756729740645	8	2	5	3.552562455806881	0.0	0	0	2
190	1.0	37.5	[3]	{0}	4.763995972299711	3.877944347266099	3.881807813215622	0.0	0	78.60842323862016	421.39157676137984	1.038364012012678	110	36	74	47.74772224079445	2.4796550230817505	0	0	38
438	1.0	37.5	[3]	{1}	0.8976930380449915	0.7221347208445444	0.7096633935505001	0.0	0	63.81392502225936	436.18607497774065	1.02469507659596	13	3	8	4.598511400178075	0.31974067949886115	0	0	3
376	1.0	37.5	[1]	{1}	1.886642415340528	1.417623057261757	1.4176230572617574	0.0	0	171.81862518191338	328.1813748180866	1.6865480854231356	17	3	10	6.589186251819133	0.0	0	0	3
314	1.0	37.5	[1]	{1}	1.5453712610275956	1.2207795412643234	1.2207795412643234	0.0	0	812.8276781644672	312.8276781644672	0.35575623676894264	31	1	16	10.423033931013196	0.0	0	0	1
252	1.0	37.5	[1]	{0}	3.5105290834438976	2.5713907356963346	2.5713907356963346	0.0	0	725.1836806535721	225.18368065357208	1.2792042981336627	10	4	7	5.355183680653572	0.0	0	0	4
4	1.0	37.5	[1]	{1}	8.157499203377332	6.480018496035553	6.480018496035553	0.0	0	243.0554162710905	256.9445837289095	1.362907642277829	49	1	25	16.77238791389764	0.0	0	0	1
67	1.0	37.5	[1]	{1}	2.0596531064492964	1.6579987591718268	1.6579987591718268	0.0	0	915.6357776373624	415.63577763736237	0.5400617248673216	20	4	12	5.866370668351651	0.0	0	0	4
129	1.0	37.5	[3]	{2}	3.429641912452608	2.6600442818295806	2.7620831278090328	0.0	0	683.1153694074601	183.1153694074601	1.1006661671306206	73	31	52	35.26584670133144	2.0760515682987313	0	0	31
191	1.0	37.5	[3]	{0}	2.980150360648071	2.848939604932216	2.8470809587266688	0.0	0	551.108070416376	51.108070416375995	7.2335729664643065	80	74	77	55.25645964791813	4.932112486529067	0	0	74
377	1.0	37.5	[3]	{0}	3.152102156696662	2.611916423399232	2.611850228204311	0.0	0	441.8992118444294	58.100788155570626	3.7033271573859143	83	37	61	46.80490709340013	1.983328202097585	0	0	39
439	1.0	37.5	[1]	{0}	0.6263973543629867	0.4928976387719349	0.4928976387719349	0.0	0	172.9428619146347	327.0571380853653	0.4216370213557839	17	5	11	6.6673714810609805	0.0	0	0	5
315	1.0	37.5	[2]	{0}	0.789171031056376	0.681595261260757	0.6795891696987513	0.0	0	485.2910910267383	14.708908973261714	3.1843917593777595	18	14	16	10.714835635893047	0.4213898107272853	0	0	14
253	1.0	37.5	[1]	{2}	1.8840878436857582	1.667126106295585	1.6671261062955853	0.0	0	241.02609953843057	258.97390046156943	0.2449489742783178	9	1	5	3.4380782986152925	0.0	0	0	1
5	1.0	37.5	[1]	{1}	2.1974162404738165	2.049568393780805	2.049568393780805	0.0	0	601.0054068174213	101.00540681742132	1.3008410740747696	47	1	25	19.26301622045226	0.0	0	0	3
68	1.0	37.5	[1]	{1}	2.60405046198178	2.1724103631851874	2.1724103631851874	0.0	0	83.59015453606844	416.40984546393156	1.1589658124319133	35	7	21	12.166032627113163	0.0	0	0	7
130	1.0	37.5	[2]	{2}	3.4007686598652747	2.9083285657443825	2.7056899445549516	0.0	0	893.1023294571787	393.1023294571787	0.9221481946955402	60	4	32	17.053725457370284	1.5207912935529058	0	0	4
192	1.0	37.5	[2]	{1}	1.7995833787506224	1.7387497075759981	1.7230170098837525	0.0	0	831.1862610280514	331.1862610280514	0.10585122480499262	67	43	55	32.95512816551327	0.8707293976504367	0	0	43
378	1.0	37.5	[1]	{1}	3.8617903648785465	2.834164835654154	2.8341648356541533	0.0	0	846.9598088413477	346.9598088413477	0.42640143271122083	10	2	6	4.378160764634609	0.0	0	0	2
440	1.0	37.5	[1]	{2}	2.567619574970747	1.8684614663070958	1.8684614663070962	0.0	0	915.246682241559	415.24668224155903	1.4102204808154215	37	1	19	11.927286495342852	0.0	0	0	1
316	1.0	37.5	[1]	{1}	2.210411603345478	1.6633376939350557	1.6633376939350557	0.0	0	164.89637619815767	335.10362380184233	0.7745966692414834	7	5	6	3.9215855047926302	0.0	0	0	5
254	1.0	37.5	[1]	{0}	0.4219543793360431	0.3907997011894245	0.3907997011894245	0.0	0	532.6465012039989	32.64650120399892	0.6546536707079772	8	4	6	5.330413995184004	0.0	0	0	4
6	1.0	37.5	[1]	{1}	1.3034782033071728	1.1855692871263996	1.1855692871263996	0.0	0	682.1766896173358	182.1766896173358	1.1965860528261985	32	10	21	14.019349655739965	0.0	0	0	10
193	1.0	37.5	[3]	{0}	2.482078979131251	1.996040690389887	1.9994676177974389	0.0	0	611.3202045671642	111.32020456716418	2.42525204377451	56	20	38	27.728999999999996	1.134051482881898	0	0	20
441	1.0	37.5	[3]	{2}	1.1761423814351435	1.061301244330922	1.033571926357009	0.0	0	773.5872468911111	273.58724689111114	2.0609402581042344	21	11	16	10.825825506217775	1.3130756930046772	0	0	11
379	1.0	37.5	[1]	{2}	2.035906804324804	1.632972130028182	1.632972130028182	0.0	0	106.25695413909853	393.7430458609015	0.3892494720807615	21	9	15	8.832854312086479	0.0	0	0	9
131	1.0	37.5	[2]	{2}	1.5399229477060055	1.2904981298996308	1.2961520215907103	0.0	0	402.396900812164	97.603099187836	1.3623731522826652	39	11	25	18.505747313806786	0.5841179264595524	0	0	11
69	1.0	37.5	[2]	{0}	3.1443655822675294	2.6538784556345028	2.599253928927505	0.0	0	781.9027816876769	281.9027816876769	1.992721382049913	78	4	41	30.89109721831232	1.2208419348748296	0	0	4
317	1.0	37.5	[1]	{1}	1.2008500070836436	0.9429188259873693	0.9429188259873695	0.0	0	466.5111235808581	33.48887641914189	1.224744871391589	9	5	6	5.068	0.0	0	0	3
255	1.0	37.5	[2]	{0}	1.854942877847322	1.46073084443177	1.4425828365023707	0.0	0	988.3253939915448	488.32539399154484	0.5698028822981898	32	4	18	9.224142908152194	0.5522751579579488	0	0	4
7	1.0	37.5	[3]	{1}	0.8054910820719867	0.6624652139928084	0.6640599988908908	0.0	0	537.4052752740681	37.40527527406812	2.5701584164627453	20	10	15	11.141405275274069	0.5221687924177462	0	0	10
442	1.0	37.5	[3]	{1}	1.28117694059311	1.0023733134075927	0.9908839401305958	0.0	0	399.33941001072526	100.66058998927474	1.2220201853215575	29	11	20	14.7483576400429	0.3541496145790544	0	0	11
194	1.0	37.5	[1]	{1}	4.884482325920345	4.34591110668311	4.34591110668311	0.0	0	342.9181291721761	157.08187082782388	0.09189536012895384	28	2	15	11.06442690420523	0.0	0	0	2
132	1.0	37.5	[1]	{2}	2.2188394405216556	1.9425992495594764	1.9425992495594764	0.0	0	111.8800425902009	388.1199574097991	1.3231403100624077	16	4	10	6.162280255541205	0.0	0	0	4
70	1.0	37.5	[1]	{0}	0.6898914937358384	0.5845555429643994	0.5845555429643994	0.0	0	347.2420887555927	152.7579112444073	1.224744871391589	3	1	2	1.375	0.0	0	0	1
318	1.0	37.5	[3]	{0}	2.2767108776727216	2.0201786117951066	1.85346031491693	0.0	0	982.1798733901232	482.17987339012325	0.36656138047749687	51	13	32	17.945963545076552	1.5131768050323844	0	0	13
380	1.0	37.5	[2]	{1}	2.57121244755928	2.22317999709773	2.2348414613114445	0.0	0	455.8586187195033	44.14138128049672	1.6685446305212168	73	17	45	32.1446171803046	1.2134196349255224	0	0	17
256	1.0	37.5	[2]	{1}	2.3092309179158326	1.6986788279811411	1.791645848128654	0.0	0	33.505350118502975	466.494649881497	0.8451346043197734	45	19	32	16.923171203792094	0.8363188915600555	0	0	19
8	1.0	37.5	[1]	{2}	1.7902245796590988	1.5214277010687849	1.5214277010687849	0.0	0	271.8397609423846	228.1602390576154	0.5185449728701348	35	21	28	19.58247474073246	0.0	0	0	21
443	1.0	37.5	[1]	{0}	1.7400033770928949	1.2728520851860434	1.2728520851860434	0.0	0	19.532191567122936	480.46780843287706	0.5786375623578446	15	1	8	2.8972575325369836	0.0	0	0	1
195	1.0	37.5	[1]	{0}	3.441060374020987	2.4586865661305977	2.4586865661305977	0.0	0	311.89073994755745	188.10926005244255	0.035245368842512066	22	2	12	7.1811259195804595	0.0	0	0	2
133	1.0	37.5	[2]	{0}	0.7950529244211106	0.6195942349978747	0.63990266430677	0.0	0	115.28252204880118	384.7174779511988	0.6480740698407861	19	7	13	7.659107742536813	0.2951641061369858	0	0	7
319	1.0	37.5	[1]	{0}	4.686956433939888	3.2940122080388674	3.2940122080388674	0.0	0	66.02247292175889	433.9775270782411	0.4264014327112209	26	16	21	12.594426985513422	0.0	0	0	16
381	1.0	37.5	[2]	{0}	1.7875306026747277	1.555281270344449	1.5272873350803362	0.0	0	223.6211965791881	276.3788034208119	0.48181205582971576	55	9	32	21.928908717900512	0.734810319666584	0	0	9
71	1.0	37.5	[1]	{2}	3.3247784218740724	2.2786597435154605	2.278659743515461	0.0	0	77.7694508433342	422.2305491566658	nan	3	1	2	1.3565389016866685	0.0	0	0	1
257	1.0	37.5	[3]	{1}	3.047291632438613	2.5176160814951536	2.546529547552529	0.0	0	97.61322103440762	402.3867789655924	1.7668545570588976	74	42	58	33.53966105172038	2.160341496458592	0	0	42
9	1.0	37.5	[3]	{0}	1.0566755216658001	0.8297197268335361	0.9259062105354745	0.0	0	80.13813034631312	419.8618696536869	1.8257418583505538	23	21	22	11.760486346233636	1.2962873354577529	0	0	21
444	1.0	37.5	[1]	{1}	5.728255305086314	4.225658598974281	4.225658598974281	0.0	0	487.35542548820376	12.644574511796236	1.3295400586957762	32	10	21	16.925933723535387	0.0	0	0	10
196	1.0	37.5	[2]	{1}	3.703494166076431	2.97298715993349	2.932860939333101	0.0	0	694.472081726417	194.47208172641695	0.45040376343024374	61	3	32	23.317558365471665	1.287447949313124	0	0	3
134	1.0	37.5	[2]	{0}	1.267438681475563	1.0902835100943205	1.099167052416365	0.0	0	445.5222769174725	54.47772308252752	3.640728218472826	44	26	35	26.096878707597032	0.628515142169151	0	0	26
72	1.0	37.5	[1]	{0}	1.3802185344092135	1.1352782580269938	1.1352782580269938	0.0	0	841.6246464475989	341.62464644759893	1.238459330218414	24	4	14	7.416254949733616	0.0	0	0	4
320	1.0	37.5	[1]	{2}	2.6701857596827954	2.2675502764071753	2.2675502764071753	0.0	0	74.52753558754921	425.4724644124508	1.224744871391589	3	1	2	1.1550550711750984	0.0	0	0	1
382	1.0	37.5	[1]	{0}	5.494917007149724	4.024165901221984	4.024165901221984	0.0	0	868.6484349891543	368.64843498915434	0.14907119849998599	8	0	4	2.0007031300216913	0.0	0	0	0
258	1.0	37.5	[2]	{1}	2.9767995243873098	2.5435970765072433	2.4540003527159127	0.0	0	961.2366568762808	461.2366568762808	0.639362013091006	73	21	47	24.610877126814803	1.1598538495717943	0	0	21
10	1.0	37.5	[1]	{2}	0.8716300090337232	0.7519351201037683	0.7519351201037683	0.0	0	759.1210703831166	259.1210703831166	0.10502100630210073	16	2	9	6.457878929616884	0.0	0	0	2
445	1.0	37.5	[1]	{2}	2.4996242641220756	2.386758468402231	2.386758468402231	0.0	0	512.6538765616715	12.653876561671495	0.49292515315367125	21	3	12	8.835307753123343	0.0	0	0	3
197	1.0	37.5	[1]	{0}	1.3392813815986293	1.14433138958206	1.14433138958206	0.0	0	291.2457480560988	208.75425194390118	0.8436994203083891	36	12	24	15.250423465009783	0.0	0	0	12
383	1.0	37.5	[2]	{1}	2.629841798198746	2.045545323361961	2.1628482464332874	0.0	0	693.3850564528257	193.38505645282567	1.8184824186332698	44	24	34	23.90752875803784	1.4545043250123406	0	0	24
321	1.0	37.5	[1]	{2}	1.851322052636944	1.492160760543593	1.492160760543593	0.0	0	852.9591709375381	352.95917093753815	0.3779644730092272	11	1	6	5.0010816581249244	0.0	0	0	1
135	1.0	37.5	[2]	{1}	4.370172449748965	3.91934268660699	3.9120154547596964	0.0	0	985.0524545181544	485.0524545181544	0.9826575006312209	115	93	105	52.343492275593775	1.7420352906401733	0	0	95
73	1.0	37.5	[2]	{1}	2.9929576530112065	2.2366696521506517	2.347791324083473	0.0	0	73.32840282469988	426.6715971753001	0.6543616101666926	58	18	38	18.852165696039798	1.1117509065755193	0	0	18
11	1.0	37.5	[1]	{1}	0.8131691391833562	0.7494843686243127	0.7494843686243127	0.0	0	39.44542957469821	460.5545704253018	nan	2	2	2	1.4068908591493963	0.0	0	0	2
259	1.0	37.5	[2]	{2}	2.4638555489757517	1.985674287040371	2.0867707012345864	0.0	0	124.6615417767316	375.3384582232684	0.16198477414681164	55	35	45	21.74244629639946	1.1241902637416281	0	0	35
198	1.0	37.5	[3]	{1}	1.387920076272476	1.3287431095192066	1.2949639404734625	0.0	0	987.2937600594014	487.2937600594014	2.3117196237968867	47	41	44	23.005249597623948	2.101510995555647	0	0	41
446	1.0	37.5	[2]	{0}	3.4146896501072774	2.893575303333373	2.933686139690507	0.0	0	283.2918220665306	216.70817793346941	0.362030053499966	83	21	52	35.53725652679427	1.4114327899085042	0	0	21
74	1.0	37.5	[2]	{0}	0.6560584044613581	0.6159382493279552	0.614417933294091	0.0	0	469.5681082084775	30.431891791522503	0.6746171945133973	18	4	11	9.302887026123702	0.3363467173851055	0	0	4
136	1.0	37.5	[3]	{1}	2.466732324927355	2.1230718699589968	2.1330418918563265	0.0	0	403.84019864723086	96.15980135276914	4.975070368854494	58	44	51	38.17824218511954	2.367622991582583	0	0	44
322	1.0	37.5	[2]	{1}	2.5249629165118668	2.237860690441683	2.122219789830836	0.0	0	130.7376348413527	369.2623651586473	0.20689756831240166	52	10	31	18.136965601351115	1.1729056389477064	0	0	10
384	1.0	37.5	[2]	{2}	2.8710307355979383	2.2067953464473415	2.271824610146683	0.0	0	217.52357692457736	282.47642307542264	0.17971268936194615	63	17	40	25.57775446158648	1.0665205392458543	0	0	17
260	1.0	37.5	[3]	{1}	1.1470613029946897	1.0030321446109536	0.9868108032978214	0.0	0	832.4668719433248	332.4668719433248	1.2172233373794739	27	21	24	15.721530048906804	1.0609094585172292	0	0	21
12	1.0	37.5	[2]	{2}	2.0581141204887197	1.6372696445036616	1.615717964302228	0.0	0	64.70122025348246	435.29877974651754	1.2329800809664242	45	19	32	18.914829286083588	0.6361709904724997	0	0	19
137	1.0	37.5	[3]	{1}	2.441147272873931	2.072716203311006	2.0005523467140156	0.0	0	831.8918112199754	331.89181121997535	2.8594728700495655	61	21	41	26.319488341940573	1.5749670047985476	0	0	21
199	1.0	37.5	[1]	{0}	2.1002965580360033	1.51634681016331	1.51634681016331	0.0	0	111.54340812936424	388.45659187063575	0.23145502494313785	15	5	10	6.646260448776185	0.0	0	0	5
261	1.0	37.5	[3]	{1}	1.9983775610811314	1.6498412482855631	1.7272178090232275	0.0	0	120.07772945798934	379.92227054201066	2.9357866111030924	56	48	52	29.060264637235555	2.031141293711164	0	0	48
447	1.0	37.5	[1]	{1}	5.1191598966840886	4.487945466500866	4.487945466500866	0.0	0	861.3589114975184	361.3589114975184	0.358921268038777	53	7	30	17.38038612405956	0.0	0	0	7
75	1.0	37.5	[1]	{0}	1.4941440636640222	1.1725587503556727	1.1725587503556727	0.0	0	766.1430798470974	266.1430798470974	0.083141099321054	30	0	15	10.25199844107032	0.0	0	0	0
385	1.0	37.5	[2]	{2}	1.3569227928917604	1.1609343722306418	1.178665217896683	0.0	0	683.6492547299713	183.6492547299713	1.2909944487358056	41	9	25	16.598067141210656	0.5967511539848316	0	0	9
323	1.0	37.5	[1]	{2}	2.8030213771208405	1.8801883378749895	1.8801883378749895	0.0	0	320.95646671950817	179.04353328049183	nan	0	0	0	0.0	0.0	0	0	0
13	1.0	37.5	[1]	{2}	0.8426601595992593	0.73548277997564	0.73548277997564	0.0	0	707.8147353604436	207.8147353604436	nan	0	0	0	0.0	0.0	0	0	0
200	1.0	37.5	[3]	{2}	3.113809486153227	2.841033902995162	2.8176510314339662	0.0	0	856.4059864729643	356.4059864729643	3.554112554112554	98	72	85	54.11579890631138	3.9239587386046813	0	0	72
138	1.0	37.5	[2]	{2}	1.2713273667586025	1.032519699360684	1.0318470168930918	0.0	0	538.9889131765813	38.98891317658126	1.2777777777777777	26	6	16	12.014955652706323	0.4134365066029101	0	0	6
448	1.0	37.5	[2]	{0}	1.9567538771824826	1.4522053732238787	1.6011671802428977	0.0	0	863.5370954871178	363.53709548711777	1.0327955589886446	41	29	35	20.770350039899352	1.0325470694092729	0	0	29
386	1.0	37.5	[1]	{1}	2.9516278527022335	2.3900931530553313	2.3900931530553313	0.0	0	564.9801134131849	64.98011341318488	1.3416407864998738	4	2	3	2.5539801134131848	0.0	0	0	2
324	1.0	37.5	[3]	{2}	1.2823696667597673	1.0622416207996486	1.0511370170736973	0.0	0	198.50054872222245	301.49945127777755	3.7424059428255987	33	27	30	20.68700658466667	0.7517093928670626	0	0	27
262	1.0	37.5	[1]	{2}	1.6721008161837032	1.2144732610470284	1.2144732610470284	0.0	0	676.6500975936651	176.65009759366512	nan	1	1	1	0.8426500975936652	0.0	0	0	1
76	1.0	37.5	[2]	{2}	0.7632121410601067	0.6423621623728057	0.6303426107786816	0.0	0	778.9636021479964	278.9636021479964	0.7041787902195303	21	1	11	7.329254784964025	0.29182299131813916	0	0	1
14	1.0	37.5	[1]	{1}	2.1243843922347536	1.8101708796254776	1.8101708796254776	0.0	0	899.1758124902844	399.17581249028444	1.7056057308448833	10	2	6	4.385648375019431	0.0	0	0	2
201	1.0	37.5	[3]	{0}	2.843838162841713	2.2756613428533137	2.2874187208080454	0.0	0	592.7949538454413	92.79495384544134	3.598846775455652	52	34	43	32.900845415391025	1.3630235622212639	0	0	34
449	1.0	37.5	[3]	{1}	1.1375398830051735	0.9260595429880812	0.9583545949228124	0.0	0	102.45966468937696	397.54033531062305	0.6041958553142742	24	12	18	9.713273964408788	0.9228346316866326	0	0	12
263	1.0	37.5	[3]	{2}	3.2692737516442114	3.090642984921313	2.891850257121193	0.0	0	30.98015603609383	469.01984396390617	0.7018052847820747	64	32	48	24.16812686558813	3.9430067048706268	0	0	32
77	1.0	37.5	[1]	{2}	2.29616927662347	1.662602728763209	1.662602728763209	0.0	0	452.744868118316	47.25513188168401	0.07106690545187015	21	1	11	8.687255131881683	0.0	0	0	1
15	1.0	37.5	[2]	{1}	0.6586737799747284	0.5141580982016046	0.5058519373214695	0.0	0	893.8421509228647	393.8421509228647	1.2179969144117253	12	0	6	3.3836313963085414	0.1976051232964468	0	0	0
202	1.0	37.5	[2]	{0}	2.0251685406841937	1.926602063788064	1.9119207190004799	0.0	0	945.5800752621144	445.5800752621144	0.09695723311274393	73	51	62	35.344035333748906	0.9322852845751328	0	0	51
450	1.0	37.5	[3]	{1}	2.282941399485085	1.9552706818789178	1.9001318770292337	0.0	0	342.36037847585976	157.63962152414024	1.5289775310073805	57	15	36	28.23488302780688	1.8531841962838616	0	0	15
78	1.0	37.5	[3]	{1}	2.991282345402541	2.218943987910321	2.4283869967609073	0.0	0	50.67584780044854	449.32415219955146	0.09065192181986731	65	45	55	27.692171629024664	1.9455308818866586	0	0	45
139	1.0	37.5	[1]	{1}	0.9629859992013051	0.8230558304190678	0.8230558304190678	0.0	0	545.0374283827841	45.03742838278413	0.8736977528572243	32	8	20	15.591850286468864	0.0	0	0	8
325	1.0	37.5	[2]	{1}	2.2019881121819207	1.7498300201541142	1.7925122783726186	0.0	0	634.0785017237067	134.07850172370672	0.0	40	6	23	16.63329348448664	1.009856044302216	0	0	6
387	1.0	37.5	[1]	{2}	3.2300103683951127	2.727191746870624	2.727191746870624	0.0	0	520.4737724270672	20.47377242706716	0.3357395924521123	38	4	21	15.769578682718798	0.0	0	0	4
140	1.0	37.5	[3]	{2}	1.5849378769208657	1.444421021384894	1.4104920351433903	0.0	0	159.16014066897333	340.8398593310267	2.226922466874271	41	29	35	25.59204267271049	1.8738542615079476	0	0	29
388	1.0	37.5	[1]	{0}	2.7016711390149957	2.447141129063768	2.447141129063768	0.0	0	890.8547789324075	390.8547789324075	0.7325617082736926	77	33	55	33.06140627444722	0.0	0	0	33
326	1.0	37.5	[1]	{2}	1.4555149130435754	1.236828773236359	1.236828773236359	0.0	0	117.68810148350894	382.31189851649106	1.1547005383792515	17	1	9	3.863192913351581	0.0	0	0	1
264	1.0	37.5	[2]	{1}	3.1129911000662966	2.4866192495019668	2.7081097617517074	0.0	0	22.492581978440285	477.5074180215597	0.5848019731371271	96	80	88	40.410347214102735	1.6154614817095352	0	0	80
16	1.0	37.5	[2]	{0}	1.1566087719009757	0.8958216626335205	0.895334080914185	0.0	0	590.1874911505729	90.1874911505729	0.835400486236258	26	2	14	9.83712508849427	0.322436007004483	0	0	2
203	1.0	37.5	[2]	{1}	2.6336822381430274	2.0355211481292455	2.0096722283662944	0.0	0	810.5303137563169	310.5303137563169	0.20385887657505022	43	5	24	14.392393724873662	0.7760723215625	0	0	5
451	1.0	37.5	[2]	{0}	4.226926827373014	3.28108582342086	3.291948812089507	0.0	0	951.4583968557416	451.4583968557416	0.8529704521166871	78	16	47	23.837455347780143	1.2025473911454188	0	0	16
141	1.0	37.5	[1]	{1}	0.7795265194851961	0.6315228185694659	0.6315228185694659	0.0	0	834.6483802888542	334.64838028885424	1.9379255804998177	8	0	4	2.7707032394222915	0.0	0	0	0
327	1.0	37.5	[3]	{2}	1.9778056212147026	1.6763223119449011	1.6420043121060754	0.0	0	320.3894149046391	179.61058509536088	2.636499159785353	37	11	24	17.161778829809283	1.4602696857971738	0	0	11
79	1.0	37.5	[2]	{0}	2.154107642352626	1.853245877293512	1.8502739412373503	0.0	0	248.6619206611067	251.3380793388933	0.010566197226822232	52	16	34	22.468886095866555	0.7850445760447027	0	0	16
265	1.0	37.5	[2]	{1}	2.0653952695799718	1.8800789212613094	1.7507424993271838	0.0	0	249.8760053422302	250.1239946577698	3.0693770164020586	49	3	26	16.819008042737842	1.2351340870689624	0	0	3
389	1.0	37.5	[1]	{2}	2.431170016917645	2.169995887415109	2.169995887415109	0.0	0	88.82193034514785	411.17806965485215	nan	1	1	1	0.5548219303451478	0.0	0	0	1
17	1.0	37.5	[3]	{0}	3.0568843531230905	2.275293983199835	2.5220353486610483	0.0	0	9.229290066286922	490.7707099337131	0.03636363636363636	65	47	56	28.742381663579494	2.337739693010044	0	0	47
204	1.0	37.5	[1]	{2}	2.3064033061353473	1.6476968353070993	1.6476968353070993	0.0	0	333.4000564645976	166.59994353540242	0.21757131728816848	25	1	13	9.454800395252184	0.0	0	0	1
452	1.0	37.5	[2]	{2}	0.5339360863183691	0.45141553825712366	0.466043435817898	0.0	0	238.54178935289383	261.45821064710617	0.5222329678670935	10	4	7	5.70070894676447	0.2550227561955879	0	0	4
328	1.0	37.5	[1]	{0}	2.0060612646036224	1.3812464491640002	1.3812464491640002	0.0	0	438.9655394479632	61.03446055203682	1.0	2	2	2	1.5899999999999999	0.0	0	0	2
142	1.0	37.5	[1]	{1}	3.320895480033729	2.2858595484340025	2.2858595484340025	0.0	0	371.6384340077639	128.36156599223608	1.0	2	2	2	1.741	0.0	0	0	2
80	1.0	37.5	[2]	{1}	2.6141260187794844	2.2241939060134444	2.1955620799163618	0.0	0	421.6078782919794	78.39212170802062	1.6870182195624104	57	1	29	21.74452909537218	1.2537376362555133	0	0	1
390	1.0	37.5	[3]	{2}	3.4815948915145687	3.0179937581674423	3.0256111365342777	0.0	0	142.30474107898772	357.6952589210123	3.505424368033063	95	71	83	49.86680817013421	3.3366154639906416	0	0	71
18	1.0	37.5	[1]	{2}	4.54699611805655	3.747235692258812	3.747235692258812	0.0	0	868.90127370134	368.90127370133996	1.0801234497346432	20	6	13	8.78288853668794	0.0	0	0	6
266	1.0	37.5	[1]	{0}	3.552876370672691	2.589515015715377	2.589515015715376	0.0	0	127.99603072926402	372.003969270736	0.2581988897471611	14	0	7	3.7579722151048482	0.0	0	0	0
205	1.0	37.5	[2]	{2}	0.8664748772735155	0.7581167308054718	0.7190289626213379	0.0	0	183.4549012128264	316.54509878717363	0.6	19	7	13	8.004913715766744	0.4092739861484133	0	0	7
143	1.0	37.5	[3]	{0}	2.525866537946394	2.052429033067778	2.0197602128684675	0.0	0	733.1158039160073	233.11580391600728	2.532695294453214	49	15	32	22.684305176503955	1.1430223527488175	0	0	15
453	1.0	37.5	[1]	{1}	1.1147090317807269	0.933694267346267	0.933694267346267	0.0	0	815.5992608517408	315.59926085174084	nan	2	2	2	1.8188014782965185	0.0	0	0	2
329	1.0	37.5	[1]	{0}	2.1486979362925003	1.6349758680697941	1.6349758680697946	0.0	0	820.6709418445826	320.67094184458256	0.5773502691896258	5	1	3	1.5563290581554174	0.0	0	0	1
81	1.0	37.5	[3]	{0}	1.0634264537024123	0.8042553695121807	0.8080619092579481	0.0	0	210.77910810709	289.22089189291	2.4688535993934706	26	4	15	8.604011972963809	0.09709791000983681	0	0	4
391	1.0	37.5	[1]	{2}	1.0627353084594762	0.8296704143272973	0.8296704143272972	0.0	0	175.68288347683847	324.31711652316153	0.0	4	0	2	0.9583657669536769	0.0	0	0	0
267	1.0	37.5	[1]	{2}	2.4897730576277843	2.3093280225726827	2.3093280225726827	0.0	0	280.4017465095967	219.5982534904033	1.1081451799066968	67	3	35	24.79384715575911	0.0	0	0	3
19	1.0	37.5	[1]	{1}	1.287655750825278	1.2553178633886524	1.2553178633886524	0.0	0	421.77532776258886	78.22467223741114	1.131370849898476	14	2	8	5.552651966575533	0.0	0	0	2
206	1.0	37.5	[3]	{0}	2.068693052815194	1.792498999138767	1.8017861202401826	0.0	0	159.41502549685538	340.5849745031446	3.652826610476756	60	50	55	32.74235594338364	2.0293987918854635	0	0	50
454	1.0	37.5	[1]	{2}	3.927060089902956	2.8437562036353103	2.84375620363531	0.0	0	70.03735797479749	429.9626420252025	0.1956463952178074	43	7	25	14.755859233420344	0.0	0	0	7
144	1.0	37.5	[1]	{0}	2.570780092118523	1.806397965937168	1.806397965937168	0.0	0	424.57554070279	75.42445929720998	nan	2	0	1	0.92557554070279	0.0	0	0	0
330	1.0	37.5	[1]	{1}	4.383211145230161	3.372907765599249	3.372907765599249	0.0	0	343.08600472286344	156.91399527713656	1.9619921988998386	44	14	29	21.626430023614315	0.0	0	0	14
82	1.0	37.5	[1]	{0}	4.135671244557743	3.8364190816953383	3.8364190816953383	0.0	0	623.2483421918005	123.24834219180048	0.6484859377373594	77	1	39	27.672764920273796	0.0	0	0	1
392	1.0	37.5	[1]	{2}	4.129139034080374	3.6153175179064907	3.6153175179064907	0.0	0	599.4067527353764	99.40675273537636	1.0583005244258363	20	0	10	7.916372989058494	0.0	0	0	0
268	1.0	37.5	[2]	{0}	1.3105091561055076	1.1516365675120548	1.123353763100286	0.0	0	178.70634514838457	321.29365485161543	1.3997354247354246	39	5	22	13.643126902967692	0.5561270809760428	0	0	5
20	1.0	37.5	[1]	{0}	1.2754665705281578	0.8749305936190597	0.8749305936190597	0.0	0	814.1175829805434	314.1175829805434	0.0	5	3	4	3.1027648340389136	0.0	0	0	3
207	1.0	37.5	[1]	{1}	3.687570004734349	3.0158857141983892	3.0158857141983892	0.0	0	651.9205938093364	151.92059380933642	0.31583188145633273	72	2	37	27.750714655715974	0.0	0	0	2
455	1.0	37.5	[1]	{1}	0.8980617248485752	0.7432471671509466	0.7432471671509466	0.0	0	127.90639838203788	372.0936016179621	1.224744871391589	3	1	2	0.5248127967640758	0.0	0	0	1
83	1.0	37.5	[1]	{0}	7.405767619804935	5.56407502772762	5.56407502772762	0.0	0	989.8493844084442	489.84938440844417	1.7320508075688774	5	1	3	2.0764518467746673	0.0	0	0	1
145	1.0	37.5	[1]	{2}	4.0168000323336965	3.137689106947559	3.137689106947559	0.0	0	769.1432912833989	269.14329128339887	1.3093073414159544	29	1	15	10.51299696101621	0.0	0	0	1
331	1.0	37.5	[1]	{1}	2.922471472879457	2.2827971558837095	2.2827971558837095	0.0	0	469.9300962965936	30.069903703406396	0.30429764723753533	51	7	29	22.21606990370341	0.0	0	0	7
269	1.0	37.5	[3]	{2}	3.2725829972487532	2.588358412885698	2.6945240363759457	0.0	0	56.14586477167904	443.85413522832096	0.7461875660054245	70	38	54	31.842001509040596	2.1598846519637602	0	0	38
21	1.0	37.5	[3]	{0}	0.4663153460690696	0.3903162276384563	0.38448133779153587	0.0	0	387.2645692899823	112.73543071001768	1.414213562373095	7	1	4	3.3225291385799647	0.3297159998878078	0	0	1
393	1.0	37.5	[1]	{1}	1.4136120954396647	1.3274909201463816	1.3274909201463816	0.0	0	24.39355431124568	475.6064456887543	0.5272196186749782	31	5	18	10.789083977602422	0.0	0	0	5
208	1.0	37.5	[2]	{2}	2.8198651075070416	2.1283193028957332	2.159697667182738	0.0	0	686.3709739409387	186.3709739409387	0.5939464132507559	72	20	46	31.962096625417473	0.9181301953059076	0	0	20
332	1.0	37.5	[3]	{0}	1.9555930878286718	1.5924796544652298	1.5899090298578444	0.0	0	784.2535206582397	284.2535206582397	2.0569699453626824	51	13	32	22.45543662815168	0.9947571341197003	0	0	13
146	1.0	37.5	[1]	{2}	3.2094585649163756	2.521662718017309	2.521662718017309	0.0	0	230.31394137069583	269.68605862930417	0.6357618739251574	45	3	24	15.767767296448351	0.0	0	0	3
456	1.0	37.5	[2]	{1}	2.79455907431285	2.2883751594473116	2.3125461496165025	0.0	0	429.0592414326966	70.94075856730342	1.646936410660032	66	16	41	29.751362552952028	1.2559873864881625	0	0	16
84	1.0	37.5	[2]	{0}	2.116708646248248	1.6196662853507164	1.695035738662995	0.0	0	48.97667933255434	451.02332066744566	0.015145142274197894	40	20	30	14.583347021311523	0.8037890790644369	0	0	20
22	1.0	37.5	[2]	{2}	1.9122353926977091	1.5452952730776734	1.556775937814712	0.0	0	269.931303570047	230.06869642995298	0.10006255865485199	46	12	29	20.29255737497099	0.6505592706592571	0	0	12
394	1.0	37.5	[2]	{2}	2.065027038100332	1.7255523052112216	1.7572649550365842	0.0	0	150.92072286643088	349.0792771335691	1.2645359755248502	67	37	52	30.329877589054412	0.8155979912038108	0	0	37
270	1.0	37.5	[1]	{0}	2.1799574600651193	1.9602707964285724	1.9602707964285724	0.0	0	589.0482284594327	89.04822845943272	0.4226287209335079	77	3	40	30.252061026107526	0.0	0	0	3
209	1.0	37.5	[2]	{0}	1.1984026652969595	1.0165981797268195	1.0217893628444872	0.0	0	483.1916603725404	16.80833962745959	2.721703912683624	36	18	27	19.243258226333186	0.7314337123231542	0	0	18
147	1.0	37.5	[3]	{0}	1.9810311876776967	1.4486342251966375	1.593011541645434	0.0	0	873.1796676293015	373.17966762930155	1.3779186088844422	45	37	41	27.214070968233045	1.2447894051726651	0	0	37
85	1.0	37.5	[3]	{0}	1.5511707912954962	1.115790809612243	1.2214712553794755	0.0	0	14.845010824501514	485.1549891754985	0.46209242772924325	39	29	34	21.581730368033053	0.682573511245583	0	0	29
333	1.0	37.5	[1]	{2}	3.016752740187782	2.2976656253645884	2.297665625364589	0.0	0	739.7267059423029	239.72670594230294	0.4785018904838489	42	6	24	18.285639764346183	0.0	0	0	6
23	1.0	37.5	[3]	{0}	2.112145471328929	1.700660678150873	1.6506555570493193	0.0	0	270.72025393135846	229.27974606864154	2.452557357939863	37	15	26	18.127881015725432	0.7504681762363432	0	0	15
457	1.0	37.5	[1]	{0}	5.468152394986927	4.225627707717804	4.225627707717804	0.0	0	360.8146854676306	139.18531453236938	1.1971039433732016	21	7	14	9.814258741870521	0.0	0	0	7
395	1.0	37.5	[1]	{0}	1.2698530467474853	1.1113504705670147	1.1113504705670147	0.0	0	2.377563389018178	497.6224366109818	1.826692518065248	31	23	28	14.96981664811447	0.0	0	0	25
271	1.0	37.5	[2]	{0}	3.716636317748453	3.363846196178144	3.365206333149302	0.0	0	116.86322186142206	383.13677813857794	0.08882335965124738	106	56	81	45.88546808332949	1.5104381779520035	0	0	56
210	1.0	37.5	[2]	{2}	2.2429255109259483	1.6954871183154843	1.697132152263783	0.0	0	530.5532778147608	30.553277814760804	0.9654197822441798	51	5	28	21.076999999999995	0.6295108850454569	0	0	5
334	1.0	37.5	[3]	{2}	2.8300553226629375	2.389871954015638	2.363453814433243	0.0	0	607.2524758055806	107.25247580558062	3.749824364136913	67	37	52	39.198495048388835	2.1736158731821624	0	0	37
24	1.0	37.5	[3]	{1}	1.7882588972456324	1.3440916934774794	1.3892037706670912	0.0	0	924.7039558831602	424.70395588316023	1.429629237993359	41	19	30	15.408105058804155	0.49029683600818885	0	0	19
458	1.0	37.5	[3]	{2}	1.6408548830110297	1.4417766870533244	1.438883838622715	0.0	0	546.5931664220989	46.593166422098875	4.148289031250409	52	36	44	33.141441001467406	1.7280288081188657	0	0	36
86	1.0	37.5	[1]	{0}	0.41124391722467857	0.3783435804095246	0.3783435804095246	0.0	0	282.1692540310323	217.83074596896768	0.0	4	0	2	1.3450000000000002	0.0	0	0	0
148	1.0	37.5	[1]	{2}	3.794037226879394	3.3574361947686766	3.3574361947686766	0.0	0	162.2494796756655	337.7505203243345	1.0009223785131096	48	2	25	15.358742195134983	0.0	0	0	2
396	1.0	37.5	[1]	{0}	0.82106509985104	0.7850938899948817	0.7850938899948817	0.0	0	101.8176085781306	398.1823914218694	0.7378647873726218	17	1	9	5.820358477203175	0.0	0	0	1
272	1.0	37.5	[2]	{0}	1.0137834194633293	0.7621411040691386	0.8031265399898451	0.0	0	934.9656766280532	434.9656766280532	2.2909489747632845	22	14	18	12.261411880463363	0.39046165808154865	0	0	14
211	1.0	37.5	[2]	{0}	3.2892715536718984	2.8462229458762605	2.915949148454944	0.0	0	1.5640899073332548	498.43591009266675	0.1661805207599349	102	78	90	41.97476809165998	1.4112033778701907	0	0	78
459	1.0	37.5	[3]	{2}	1.0564643144791206	0.833257118683611	0.895450105774315	0.0	0	898.9001079462469	398.90010794624686	1.5322617553657476	22	16	19	9.610498380806296	0.980726140720342	0	0	16
149	1.0	37.5	[3]	{1}	2.4980608479074737	2.328683961564743	2.2286899656620767	0.0	0	783.1608483102173	283.16084831021726	3.4313262741977772	55	31	43	31.854265578726306	3.1942896015990137	0	0	31
335	1.0	37.5	[1]	{1}	1.2288888624749448	1.0351396746180468	1.0351396746180468	0.0	0	313.5826038196683	186.4173961803317	0.5222329678670935	10	4	7	5.7765826038196675	0.0	0	0	4
25	1.0	37.5	[1]	{0}	2.6793679737408906	1.9508133076278493	1.9508133076278493	0.0	0	25.22848453372717	474.77151546627283	0.3872983346207417	7	1	4	1.8619139381349088	0.0	0	0	1
87	1.0	37.5	[1]	{0}	1.7699377198345438	1.4834329864441143	1.4834329864441143	0.0	0	755.4257940500975	255.42579405009747	0.566640168961821	36	8	22	14.417335707098246	0.0	0	0	8
397	1.0	37.5	[2]	{1}	1.246258703640658	1.0336043169668012	1.0421722364757642	0.0	0	197.57385994307697	302.42614005692303	1.9183606352512867	30	10	20	10.777477198861538	0.4473735028597686	0	0	10
273	1.0	37.5	[1]	{2}	1.9868946224811008	1.574747651827268	1.5747476518272685	0.0	0	967.6243350841104	467.6243350841104	1.7146428199482247	15	5	10	6.938756649158896	0.0	0	0	5
212	1.0	37.5	[1]	{0}	1.7840136016483608	1.734891495901556	1.734891495901556	0.0	0	385.476638097316	114.52336190268397	0.45184805705753195	23	1	12	9.006906552389266	0.0	0	0	1
460	1.0	37.5	[2]	{0}	0.7961452950912891	0.6271128193452133	0.6414368756074831	0.0	0	319.5894511882216	180.41054881177843	1.726949026803186	19	3	11	7.060126158317551	0.3227612276087656	0	0	3
150	1.0	37.5	[3]	{2}	3.8622788831189814	3.738126489967156	3.651705104845087	0.0	0	755.2501244936138	255.25012449361384	7.907857518083883	111	105	108	75.82249477126823	6.378542830826857	0	0	105
26	1.0	37.5	[1]	{0}	0.8257261884458228	0.7110277280596727	0.7110277280596727	0.0	0	626.5620081685483	126.56200816854835	0.23145502494313785	15	1	8	5.498	0.0	0	0	1
336	1.0	37.5	[1]	{1}	5.085108378610638	3.934629522975283	3.934629522975283	0.0	0	473.5884526744485	26.41154732555151	0.09759000729485333	27	3	15	10.767411547325551	0.0	0	0	3
88	1.0	37.5	[3]	{0}	2.236799710995156	2.065269761480587	2.032703674039129	0.0	0	637.1830508578569	137.18305085785687	3.59133654921377	50	34	42	30.428535593137138	3.078222606104425	0	0	34
274	1.0	37.5	[3]	{2}	2.1774690670238384	1.794574740608765	1.8193769388997267	0.0	0	11.915587820112703	488.0844121798873	0.61181159887806	60	22	41	23.17453910062462	1.5410164960494042	0	0	22
398	1.0	37.5	[1]	{1}	2.7598972067757623	2.656955615855537	2.656955615855537	0.0	0	640.8010583836585	140.80105838365853	1.1470588235294117	67	15	41	28.26757565717585	0.0	0	0	15
213	1.0	37.5	[3]	{2}	2.665030516511372	2.4067842729834155	2.405867744922288	0.0	0	626.3043370563537	126.30433705635369	4.324482126549697	77	49	63	44.10678289947845	3.2640153653714785	0	0	49
461	1.0	37.5	[1]	{1}	3.4958889490449634	2.6985717042111874	2.6985717042111874	0.0	0	318.12836322933435	181.87163677066565	0.7071067811865476	15	3	9	6.433385089688004	0.0	0	0	3
151	1.0	37.5	[2]	{0}	2.371920037782049	1.9590415693812726	1.9297313977704273	0.0	0	901.4575246255844	401.45752462558437	0.29116161578269606	50	8	29	15.82656188436039	0.8167807754231128	0	0	8
337	1.0	37.5	[2]	{2}	1.5355232244626078	1.4193307781892388	1.364144478400269	0.0	0	754.890407435596	254.890407435596	0.6250541102117805	43	13	28	18.628630221545695	0.8128927785826514	0	0	13
27	1.0	37.5	[1]	{2}	1.128679492868493	0.9766372166707029	0.9766372166707029	0.0	0	28.885945212095976	471.114054787904	1.3416407864998738	4	2	3	2.0806578356362877	0.0	0	0	2
89	1.0	37.5	[2]	{0}	2.467248006341718	1.9698380417385435	1.98138282861863	0.0	0	525.5156396888196	25.515639688819647	2.3870131919031747	59	25	42	32.04681232373416	1.2002180630323624	0	0	25
275	1.0	37.5	[3]	{1}	0.540809069476355	0.4437617265032492	0.4424274448351635	0.0	0	160.14946554787457	339.85053445212543	0.7348469228349533	9	1	5	3.8761494655478748	0.2984912255947883	0	0	1
399	1.0	37.5	[2]	{2}	0.9709438411161297	0.8030316640006678	0.8141933760597475	0.0	0	612.6274501439184	112.6274501439184	0.5330017908890261	35	9	22	17.21798039884865	0.4278244010519634	0	0	9
214	1.0	37.5	[1]	{1}	2.045157905847204	1.6635685391208934	1.6635685391208934	0.0	0	273.5572042874992	226.4427957125008	1.0859713208775323	34	2	18	12.606	0.0	0	0	2
152	1.0	37.5	[3]	{1}	2.406772894227829	1.967355639399642	1.9579880431402759	0.0	0	458.629444707185	41.37055529281503	2.7748873851023217	69	31	50	36.8537766682431	1.449698464492715	0	0	31
462	1.0	37.5	[3]	{1}	1.392842816191787	1.1299920398559933	1.1275473817339203	0.0	0	342.6396830473095	157.36031695269048	2.41522945769824	34	18	26	19.497838098283854	0.6788575735869402	0	0	18
28	1.0	37.5	[1]	{0}	3.6052756699120727	3.4769176837647957	3.4769176837647957	0.0	0	51.15185654722154	448.84814345277846	0.6	14	0	7	5.120455569641665	0.0	0	0	0
338	1.0	37.5	[3]	{0}	2.7275852919989907	2.2374888737618366	2.2625793164199237	0.0	0	181.30556703545156	318.69443296454847	1.291793578771314	56	12	34	20.51394474292174	1.8138516182243227	0	0	12
90	1.0	37.5	[2]	{0}	1.280594337735023	0.99308951843879	1.0372586913848758	0.0	0	208.37054797448215	291.6294520255178	2.088931871468374	21	5	13	9.473370547974483	0.5484180117001537	0	0	5
276	1.0	37.5	[1]	{2}	2.314368360615854	2.0218806294826215	2.0218806294826215	0.0	0	235.6669125147164	264.3330874852836	0.6415029025857747	27	5	16	10.447669125147163	0.0	0	0	5
400	1.0	37.5	[3]	{1}	0.870276442905256	0.8149101601623905	0.7759394742051882	0.0	0	195.41963818483052	304.58036181516945	0.36313651960128146	25	15	20	11.84387493458763	1.1138059170340302	0	0	15
215	1.0	37.5	[1]	{0}	1.1505704854700527	0.9852060233617985	0.9852060233617985	0.0	0	887.5298406928778	387.52984069287777	2.008385781013735	27	1	14	9.166582230299714	0.0	0	0	1
153	1.0	37.5	[3]	{2}	2.9514540509936964	2.4996824910644175	2.450594658582772	0.0	0	10.417134733870624	489.5828652661294	0.62725004818718	60	20	40	20.025685389354827	1.9962975674568684	0	0	20
463	1.0	37.5	[2]	{0}	1.6196542436857073	1.25093957952709	1.2793574007563853	0.0	0	844.4179953075945	344.41799530759454	0.8073408085876409	38	4	21	13.741730070386083	0.5520399666083226	0	0	4
29	1.0	37.5	[1]	{1}	2.31678958764769	1.8214153896915555	1.8214153896915555	0.0	0	147.18542946502566	352.81457053497434	1.120946804772838	22	8	15	11.70529800625518	0.0	0	0	8
339	1.0	37.5	[1]	{0}	1.5543849310242752	1.1913920276646905	1.1913920276646905	0.0	0	380.227473564446	119.77252643555403	1.224744871391589	3	1	2	1.033454947128892	0.0	0	0	1
91	1.0	37.5	[1]	{2}	4.550449401923521	3.441488989643337	3.4414889896433367	0.0	0	867.8619698621333	367.86196986213326	0.09440686400617013	32	0	16	10.508380301378669	0.0	0	0	0
277	1.0	37.5	[1]	{1}	7.5592682738393115	5.5829038853217945	5.5829038853217945	0.0	0	685.4503997601569	185.45039976015687	0.3956282840374722	22	6	14	9.703198400959371	0.0	0	0	6
401	1.0	37.5	[2]	{2}	3.582124650375558	2.82418005277541	2.7752098739790094	0.0	0	194.3529930431396	305.6470069568604	0.6417616600696096	76	10	43	29.57923679825105	1.14436563593681	0	0	10
154	1.0	37.5	[3]	{0}	2.380512253179269	2.110227586978559	2.0950336313717948	0.0	0	976.4080347958952	476.4080347958952	0.3457170297823857	61	43	52	25.94378219061345	2.509088267740769	0	0	43
216	1.0	37.5	[1]	{0}	1.889587740310045	1.471129265765394	1.471129265765394	0.0	0	625.5217287689447	125.52172876894474	0.24771684715343112	19	1	10	7.719043457537889	0.0	0	0	1
30	1.0	37.5	[3]	{0}	0.8785397786215492	0.7637585077605156	0.7692694001389788	0.0	0	556.2368731480092	56.23687314800918	3.6303482713685433	24	20	22	16.66952625370398	0.9809108180045066	0	0	20
340	1.0	37.5	[3]	{0}	2.9319726404016366	2.520660319395124	2.5053448038369144	0.0	0	550.2873410005122	50.28734100051224	3.994165705600416	68	36	51	38.044563294997445	2.7554826476064704	0	0	34
464	1.0	37.5	[1]	{1}	1.455011813765711	1.1916476122204747	1.1916476122204747	0.0	0	986.8217569310218	486.8217569310218	0.6897007348075542	42	22	32	15.0397037782073	0.0	0	0	22
92	1.0	37.5	[3]	{1}	0.588568380928077	0.46253299024893446	0.4890330546870628	0.0	0	896.1763838306069	396.17638383060694	0.9428090415820635	11	9	10	5.427588929355145	0.4477437130419578	0	0	9
278	1.0	37.5	[2]	{0}	1.3198228450858005	1.0833133021819052	1.0740402219412735	0.0	0	404.2586314026266	95.74136859737342	0.15839698777049716	30	4	17	11.662362208234146	0.5109843214833831	0	0	4
402	1.0	37.5	[1]	{0}	0.8530484042295838	0.6825309631162892	0.6825309631162892	0.0	0	312.05528462305665	187.94471537694335	0.4472135954999579	4	0	2	1.729	0.0	0	0	0
155	1.0	37.5	[1]	{2}	3.153980298735111	2.336753787885203	2.336753787885203	0.0	0	31.98132012039423	468.01867987960577	1.4933288183626277	37	1	19	11.77664508228749	0.0	0	0	1
217	1.0	37.5	[1]	{1}	2.6181757626282716	2.022988178796931	2.022988178796931	0.0	0	228.6364275496453	271.3635724503547	0.17604469755488258	54	12	33	20.96636497854254	0.0	0	0	12
465	1.0	37.5	[1]	{0}	2.838684017236183	2.3108556087296463	2.3108556087296463	0.0	0	976.9972553476692	476.99725534766924	0.25176535214317947	52	10	31	17.016085084222254	0.0	0	0	10
341	1.0	37.5	[1]	{0}	0.8224641184840241	0.6768839189301418	0.6768839189301418	0.0	0	719.284160528332	219.284160528332	1.0540925533894598	17	3	10	6.942295036830008	0.0	0	0	3
31	1.0	37.5	[1]	{2}	5.5044540204413686	4.667436263356279	4.667436263356279	0.0	0	687.9403786733747	187.94037867337465	0.7071067811865475	7	5	6	4.270119242653251	0.0	0	0	5
93	1.0	37.5	[3]	{1}	3.341429470477911	2.682310358609529	2.6164132067174855	0.0	0	829.1453737765551	329.14537377655506	1.8784966292592582	67	3	35	24.230110140904777	1.0829356608696041	0	0	3
279	1.0	37.5	[1]	{1}	2.331176183787791	1.694480318943394	1.694480318943394	0.0	0	292.2683167271316	207.7316832728684	1.9699526617178247	22	0	11	8.560414850544184	0.0	0	0	0
403	1.0	37.5	[2]	{2}	0.9910037532914037	0.8705758073837624	0.8719656210471517	0.0	0	322.19247333705425	177.80752666294575	0.565752381856018	32	0	16	12.449230106651784	0.3842801382823673	0	0	0
156	1.0	37.5	[1]	{1}	4.5069645113845365	3.8455972808502943	3.8455972808502947	0.0	0	965.4929873067886	465.49298730678856	0.582091796408936	106	40	73	41.530955825058754	0.0	0	0	40
218	1.0	37.5	[3]	{0}	5.413904988724306	4.169758879683006	4.192499032276329	0.0	0	251.21099990792567	248.78900009207433	1.5454113622398993	81	17	49	33.538430998066445	1.147965694120251	0	0	17
32	1.0	37.5	[2]	{1}	1.034867111064306	0.9135979421193655	0.9135543656900751	0.0	0	538.4240879211575	38.42408792115748	0.3651483716701107	23	1	12	8.620392703369259	0.39725490160024796	0	0	1
342	1.0	37.5	[1]	{0}	4.31828615962381	3.3114211567939247	3.3114211567939247	0.0	0	567.0148250646889	67.01482506468892	0.3715752707301467	31	3	17	11.993044475194068	0.0	0	0	3
466	1.0	37.5	[1]	{0}	3.861931054409127	3.381848635374031	3.381848635374031	0.0	0	798.3743730001152	298.37437300011516	0.3779644730092272	11	3	7	4.1363793889991936	0.0	0	0	3
94	1.0	37.5	[1]	{1}	1.494749908803694	1.3954357376245237	1.3954357376245237	0.0	0	171.16104974411428	328.8389502558857	0.0764540293979072	46	22	34	17.69047569129988	0.0	0	0	22
280	1.0	37.5	[1]	{0}	4.424221989077368	3.4292293949714505	3.4292293949714505	0.0	0	170.40350614115596	329.59649385884404	0.45946930347238985	36	2	19	13.274438567552714	0.0	0	0	2
404	1.0	37.5	[1]	{2}	1.4489981015889368	1.1573704710179098	1.1573704710179096	0.0	0	720.1355458237231	220.13554582372308	1.414213562373095	5	1	3	1.9625933625288305	0.0	0	0	1
157	1.0	37.5	[1]	{1}	4.504285198390426	3.2830077447585166	3.2830077447585166	0.0	0	581.1608834192157	81.16088341921568	1.091089451179962	6	0	3	1.6038391165807844	0.0	0	0	0
219	1.0	37.5	[1]	{1}	3.5135572983884904	2.422393953249299	2.4223939532492986	0.0	0	538.6782088316977	38.6782088316977	0.4629100498862757	6	2	4	2.696	0.0	0	0	2
467	1.0	37.5	[3]	{2}	1.2266896716108393	1.0378264369706265	1.0387568215957017	0.0	0	508.2063032314181	8.206303231418076	1.7435595774162693	29	17	23	18.373555877380074	1.0632909333513683	0	0	17
33	1.0	37.5	[3]	{0}	3.6228730921276195	2.891761981729679	2.9455862247691575	0.0	0	222.0588398631662	277.9411601368338	1.4616704459956498	80	38	59	39.78964779384248	2.021104617968203	0	0	38
343	1.0	37.5	[2]	{2}	2.163080504657076	1.9875557035508147	2.0005236136120583	0.0	0	735.4211937636137	235.4211937636137	0.053747389675841736	66	32	49	30.69220389311016	0.9740672297064488	0	0	32
95	1.0	37.5	[2]	{0}	3.2486597468832454	2.769413474962396	2.690492728488328	0.0	0	209.4531210605055	290.5468789394945	1.0995712745376405	87	11	49	31.766484205601742	1.3377911264021973	0	0	11
281	1.0	37.5	[1]	{0}	0.6874119809318697	0.6277864147259602	0.6277864147259602	0.0	0	575.4766007885337	75.47660078853369	1.224744871391589	3	1	2	1.4260000000000002	0.0	0	0	1
405	1.0	37.5	[1]	{0}	0.8919919982068929	0.8488413983470853	0.8488413983470853	0.0	0	135.04384085536003	364.95615914463997	1.0887992794669465	30	16	23	13.110920657962561	0.0	0	0	16
34	1.0	37.5	[3]	{0}	3.3500453508752086	2.8224600522570364	2.846033962699768	0.0	0	326.02894958108664	173.97105041891336	3.745402718332349	84	40	62	44.64746319329738	2.803504385137717	0	0	40
468	1.0	37.5	[1]	{1}	1.3724621577224636	1.319937075831681	1.319937075831681	0.0	0	735.938023077324	235.93802307732403	1.565118773190568	39	3	21	14.044301515376194	0.0	0	0	3
158	1.0	37.5	[1]	{2}	3.196203564662742	2.207775408172595	2.207775408172595	0.0	0	673.769777175039	173.76977717503905	0.5855400437691199	13	1	7	4.243151114124805	0.0	0	0	1
220	1.0	37.5	[2]	{1}	2.9576135287432654	2.604511022040465	2.5072072160355754	0.0	0	83.45398562960327	416.54601437039673	1.2958026383720402	66	16	41	21.969613410813746	1.2619972276454932	0	0	16
96	1.0	37.5	[3]	{1}	1.5698550359942876	1.354427768483231	1.2946118786653993	0.0	0	783.8193571660668	283.81935716606677	1.2541868877704543	35	11	23	15.7196257855054	1.148518196830297	0	0	11
344	1.0	37.5	[2]	{1}	3.0591796404010267	2.7622603572177855	2.6900168687403694	0.0	0	31.13955585286021	468.8604441471398	0.7532370319422571	85	51	68	34.4434897979945	1.3145101864527327	0	0	51
282	1.0	37.5	[1]	{2}	1.905795571206807	1.5402555768045545	1.5402555768045545	0.0	0	385.17340226098895	114.82659773901105	0.13538259026847058	43	5	24	18.327427631653844	0.0	0	0	5
406	1.0	37.5	[2]	{1}	1.0988332843206547	0.8511007519046068	0.8502795661946745	0.0	0	507.9100271686912	7.910027168691215	0.9601486977992117	26	4	15	11.91991002716869	0.4046787128324716	0	0	4
159	1.0	37.5	[1]	{0}	4.488298484800188	3.67977692135793	3.67977692135793	0.0	0	798.2209008187056	298.22090081870556	0.6546536707079772	6	2	4	2.537558198362589	0.0	0	0	2
35	1.0	37.5	[1]	{1}	2.0626825915752214	1.7220740143375945	1.7220740143375945	0.0	0	732.8129422385246	232.81294223852456	0.1543033499620919	26	0	13	9.801561173284426	0.0	0	0	0
469	1.0	37.5	[1]	{0}	3.483649502629101	3.039993195817435	3.039993195817435	0.0	0	400.3476710058749	99.65232899412513	nan	2	0	1	0.9153476710058749	0.0	0	0	0
221	1.0	37.5	[1]	{1}	1.390134747475003	0.9953408998656057	0.9953408998656057	0.0	0	87.14342629536986	412.85657370463014	0.0	6	2	4	2.24057370518148	0.0	0	0	2
97	1.0	37.5	[1]	{2}	3.079662878154336	2.633449417064046	2.633449417064046	0.0	0	636.6645428352058	136.6645428352058	0.0	5	1	3	2.0806645428352057	0.0	0	0	1
345	1.0	37.5	[3]	{0}	2.1181327609806564	1.678963746520582	1.682574713203641	0.0	0	469.5893255993724	30.410674400627613	1.1776469443221307	50	12	31	23.413410674400627	0.8705412451268815	0	0	12
407	1.0	37.5	[3]	{0}	1.6684037876023097	1.2175653378880762	1.3182088620746781	0.0	0	977.3531942628324	477.3531942628324	0.5635445125120265	38	18	28	14.916110560640695	0.7460847703741375	0	0	18
283	1.0	37.5	[2]	{1}	2.723590698495763	2.3140309156297225	2.2429628640076293	0.0	0	618.4055141638964	118.40551416389644	1.9916492328386208	59	17	38	30.724055141638964	1.4813764841133303	0	0	17
36	1.0	37.5	[3]	{0}	1.9107679917482718	1.7924640952817268	1.7902273587118716	0.0	0	442.740592174232	57.259407825767994	5.212475253631012	52	44	48	36.759405921742335	2.8962741344006715	0	0	44
160	1.0	37.5	[2]	{2}	3.23402097326737	2.5630944749712468	2.577219349128951	0.0	0	879.0865307673812	379.0865307673812	0.48122650318578786	79	27	53	30.677759992398318	0.9974691527227013	0	0	27
470	1.0	37.5	[1]	{0}	2.511028333878903	2.269284101958444	2.269284101958444	0.0	0	651.5489553567022	151.5489553567022	0.6982972487551756	29	7	18	14.86880417857319	0.0	0	0	7
346	1.0	37.5	[3]	{0}	1.8246596255602041	1.4575312380775547	1.4544259578856733	0.0	0	300.6360305007547	199.3639694992453	0.6416613774478488	34	10	22	17.378632366009057	0.7030258445316466	0	0	10
222	1.0	37.5	[1]	{2}	2.7393237905598404	2.342047523661047	2.342047523661047	0.0	0	57.94368241913617	442.05631758086383	0.5380947836188973	58	24	41	23.29091624950804	0.0	0	0	24
98	1.0	37.5	[2]	{2}	1.6892223374529878	1.3348258339584853	1.3632364958073702	0.0	0	673.6201930325478	173.62019303254783	0.485071250072666	33	5	19	13.860937490576877	0.6822621791811325	0	0	5
284	1.0	37.5	[3]	{2}	1.6420294557325765	1.251083932788502	1.3160089330369558	0.0	0	79.56384331919253	420.43615668080747	0.033228888017745054	37	13	25	14.377096082979815	0.8303177004672613	0	0	13
408	1.0	37.5	[1]	{0}	2.4997044144106386	1.7893600604314746	1.7893600604314746	0.0	0	719.3780085071921	219.37800850719213	1.7320508075688774	5	3	4	2.798	0.0	0	0	3
37	1.0	37.5	[2]	{1}	1.6954205203687598	1.3584712435089958	1.3464552739500886	0.0	0	620.4387103207409	120.43871032074094	0.27421126136024665	33	7	20	14.402735476151108	0.5985133484390673	0	0	7
471	1.0	37.5	[1]	{0}	4.317646938387367	3.142959469997944	3.142959469997944	0.0	0	761.2426169216633	261.2426169216633	0.5773502691896258	5	1	3	2.2932426169216633	0.0	0	0	1
347	1.0	37.5	[1]	{1}	1.3916587990094549	0.9769096109860722	0.9769096109860722	0.0	0	874.0804865956306	374.08048659563065	1.224744871391589	3	1	2	0.9078390268087387	0.0	0	0	1
161	1.0	37.5	[1]	{0}	6.713193968840238	4.89900554632603	4.89900554632603	0.0	0	832.684610504657	332.68461050465703	nan	2	2	2	1.8863692210093141	0.0	0	0	2
223	1.0	37.5	[1]	{2}	3.3417501983660856	3.2045113483701373	3.2045113483701373	0.0	0	72.57024804130197	427.42975195869803	0.044151078568834795	18	0	9	5.081132232371717	0.0	0	0	0
99	1.0	37.5	[1]	{0}	1.6479693713737302	1.2154252844898763	1.2154252844898763	0.0	0	456.5506018698216	43.449398130178395	0.0	23	5	14	11.152696388781068	0.0	0	0	5
409	1.0	37.5	[1]	{2}	1.5674567760285603	1.40478450592552	1.40478450592552	0.0	0	37.7568646799773	462.2431353200227	2.253177953390525	33	11	22	7.984651022959502	0.0	0	0	11
285	1.0	37.5	[2]	{2}	4.434552248590608	3.836109067034878	4.022664600220002	0.0	0	863.4926872327924	363.4926872327924	3.708640811415772	112	88	100	56.70865814904868	2.3186189747425416	0	0	88
38	1.0	37.5	[1]	{0}	6.463231095719264	4.498697991502265	4.498697991502264	0.0	0	299.5629096403718	200.4370903596282	1.1547005383792517	5	1	3	1.6916887289211155	0.0	0	0	1
162	1.0	37.5	[3]	{1}	2.6238567071560315	2.2943736215036488	2.4069372237582924	0.0	0	143.65049032494426	356.34950967505574	5.081829787766301	72	66	69	43.028272064622485	3.8282373202138453	0	0	66
224	1.0	37.5	[3]	{0}	1.098369298140892	0.8125029590988628	0.8726404172574975	0.0	0	995.7613092847168	495.76130928471684	0.5309942440535915	18	10	14	7.649341670013965	0.5122107994529347	0	0	10
472	1.0	37.5	[1]	{2}	0.9670716885996617	0.7890692275221948	0.7890692275221948	0.0	0	495.5066225957125	4.493377404287514	1.5666989036012806	15	3	9	7.027519867787137	0.0	0	0	3
348	1.0	37.5	[1]	{2}	4.736826966750526	3.497049814894649	3.497049814894649	0.0	0	341.49884432554245	158.50115567445755	0.22327868781864874	65	1	33	22.586482664883132	0.0	0	0	1
100	1.0	37.5	[3]	{0}	3.613651322168506	3.0148301872469085	2.9843046402033373	0.0	0	531.2429675832391	31.24296758323908	3.3833928287377346	80	26	53	38.124158578582104	3.1695665638983854	0	0	26
286	1.0	37.5	[3]	{0}	1.6871691119188366	1.2750037441643833	1.3603595320672932	0.0	0	42.2984566539526	457.7015433460474	0.3497195779097138	34	10	22	12.606969133079055	0.9463494593700632	0	0	10
410	1.0	37.5	[1]	{2}	4.65959280346557	3.313776766584172	3.313776766584172	0.0	0	173.14124945551157	326.85875054448843	0.21897956058054358	25	1	13	8.268553744010626	0.0	0	0	1
163	1.0	37.5	[3]	{2}	0.5829200840776814	0.4776535292217889	0.4554876220828185	0.0	0	63.41168540529907	436.58831459470093	0.6605782590758164	19	5	12	6.10011685405299	0.19715120150365154	0	0	5
39	1.0	37.5	[1]	{0}	2.7862756787450755	2.2777967585780536	2.2777967585780536	0.0	0	421.6917175799608	78.30828242003918	nan	0	0	0	0.0	0.0	0	0	0
225	1.0	37.5	[3]	{2}	2.9574631322820712	2.745520652509846	2.57799702212657	0.0	0	896.6672059614211	396.66720596142113	3.3661862455563507	78	40	59	35.882644555581734	3.3015252890950517	0	0	40
473	1.0	37.5	[3]	{1}	1.2318640572003057	1.0805662003166048	1.0189588863488548	0.0	0	946.5244309976696	446.5244309976696	0.721750317577707	20	2	11	7.116231259025635	0.8984575050458813	0	0	2
101	1.0	37.5	[3]	{1}	1.048229517238027	0.9236574350350311	0.8988698766776555	0.0	0	197.0704693812877	302.9295306187123	1.387691208149613	28	10	19	11.966775163194164	0.9834080637746199	0	0	10
349	1.0	37.5	[1]	{2}	2.705484490791803	2.139436034581789	2.139436034581789	0.0	0	710.9433654695749	210.94336546957493	0.7242068243779014	48	10	29	21.044283172652126	0.0	0	0	10
287	1.0	37.5	[2]	{1}	2.7970836026005927	2.3261979058028617	2.318175924325861	0.0	0	651.3652137946337	151.36521379463375	0.8452818155555547	74	18	46	31.282043586160988	0.9726316465377012	0	0	18
411	1.0	37.5	[2]	{2}	2.7269450224593164	2.2822851078005235	2.208571952418458	0.0	0	749.0637183655053	249.06371836550534	2.587406448772118	60	6	33	23.011936281634494	1.1410604742361357	0	0	6
40	1.0	37.5	[3]	{0}	2.460600560198259	1.9350831505210777	1.9321991825266633	0.0	0	243.4659949503839	256.5340050496161	1.2871879661182541	56	6	31	21.461125944454224	0.7052321485674646	0	0	6
164	1.0	37.5	[2]	{1}	3.3531922666616314	2.846000988701724	2.7145318541726837	0.0	0	70.0515836942941	429.9484163057059	0.04469901562676742	76	28	52	29.988476017326118	1.3437145760326306	0	0	28
226	1.0	37.5	[1]	{1}	3.6273788689327757	2.625240616442311	2.625240616442311	0.0	0	408.9726358652115	91.02736413478851	0.3915554237491469	28	2	15	11.09586317932606	0.0	0	0	2
474	1.0	37.5	[1]	{2}	1.6977338002659017	1.3163052737138516	1.3163052737138512	0.0	0	939.7948232945056	439.7948232945056	0.5570860145311556	28	4	16	8.46128282728791	0.0	0	0	4
102	1.0	37.5	[1]	{2}	0.7192114225291771	0.5264937533789378	0.5264937533789378	0.0	0	805.811277590692	305.81127759069204	nan	2	2	2	1.120377444818616	0.0	0	0	2
350	1.0	37.5	[2]	{1}	1.6051590798365083	1.4489710285801354	1.4144898973427709	0.0	0	817.0860726386309	317.08607263863087	1.979486637221574	35	13	24	15.01793425667286	0.7206541157057611	0	0	13
412	1.0	37.5	[3]	{0}	1.3438090281731658	0.9941148589578315	1.0656894577672398	0.0	0	159.69727421179414	340.30272578820586	0.9544271444636666	25	15	20	10.701550935812296	0.672987750826149	0	0	15
288	1.0	37.5	[2]	{1}	1.8215455256089703	1.6103966189615802	1.544719656404201	0.0	0	241.53324216604236	258.4667578339577	1.336430511335291	42	8	25	17.373198085486887	0.8880490578694079	0	0	8
41	1.0	37.5	[2]	{0}	2.144265385486717	1.7865952265321254	1.7168257444205295	0.0	0	19.631149480119348	480.36885051988065	0.8710248047709754	39	1	20	11.608360690642147	0.7899345302536602	0	0	1
227	1.0	37.5	[1]	{2}	0.81618651482683	0.5758096630341506	0.5758096630341506	0.0	0	853.0004313215613	353.00043132156134	1.3416407864998738	4	4	4	3.6739991373568777	0.0	0	0	4
165	1.0	37.5	[1]	{2}	0.8955816482098531	0.764131841295259	0.764131841295259	0.0	0	810.1761708967388	310.17617089673877	1.3416407864998738	4	2	3	1.9614714873097838	0.0	0	0	2
475	1.0	37.5	[1]	{0}	3.13461293811246	2.365260752902358	2.365260752902358	0.0	0	803.9920870214701	303.99208702147007	1.224744871391589	3	1	2	1.744	0.0	0	0	1
103	1.0	37.5	[1]	{0}	0.6538119998963663	0.5264745758182697	0.5264745758182697	0.0	0	437.8008956555277	62.19910434447229	0.08119979429411502	12	2	7	5.341597313033417	0.0	0	0	2
351	1.0	37.5	[3]	{2}	3.429557738857314	3.2486882100517818	3.257357241440073	0.0	0	539.0975761692971	39.0975761692971	7.66713305977912	90	82	86	62.77978060935438	5.7032396011816875	0	0	82
413	1.0	37.5	[2]	{0}	1.7905894436558916	1.605500395795162	1.5551150412465133	0.0	0	344.69466493465006	155.30533506534994	1.4560348845937257	42	8	25	20.113137345457446	0.9842480316246369	0	0	8
289	1.0	37.5	[2]	{1}	4.1088215150038065	3.36643165883497	3.5162097223433975	0.0	0	40.87757971137762	459.1224202886224	1.5945017439243356	117	75	96	44.89024765229226	1.788025820446305	0	0	75
228	1.0	37.5	[3]	{0}	1.9403213702883664	1.5356161133061303	1.587706514962808	0.0	0	734.8882425576448	234.88824255764484	0.8043888488276942	39	15	27	20.17445284675061	1.281490645807225	0	0	15
166	1.0	37.5	[1]	{1}	1.8968077542524484	1.8069521497171526	1.8069521497171526	0.0	0	156.1686706263572	343.8313293736428	1.4387664092853312	40	4	22	14.650036071274426	0.0	0	0	4
42	1.0	37.5	[1]	{2}	4.90727670862222	3.727149363841865	3.7271493638418645	0.0	0	850.269083166495	350.26908316649497	0.5626864207579296	46	10	28	17.3426183366701	0.0	0	0	10
476	1.0	37.5	[2]	{1}	2.3660766071214456	1.8427747691256724	1.9089289230496145	0.0	0	721.583022037521	221.583022037521	0.07134772412317411	47	19	33	23.614590493137012	1.0244430686595694	0	0	19
104	1.0	37.5	[2]	{2}	1.690679381722572	1.3749087611243271	1.3534406518460695	0.0	0	746.2234783452004	246.22347834520042	0.3046358979224712	32	10	21	14.088647824821994	0.5952904906857641	0	0	10
352	1.0	37.5	[1]	{1}	3.9404239293689605	3.0322870948126335	3.032287094812634	0.0	0	443.4798522852361	56.52014771476388	0.5	7	1	4	3.0550805908590553	0.0	0	0	1
414	1.0	37.5	[1]	{0}	0.9136587207490217	0.9077184033884809	0.9077184033884809	0.0	0	20.32540226355195	479.67459773644805	0.4895354638983791	25	1	13	6.8202302294261745	0.0	0	0	1
290	1.0	37.5	[1]	{0}	1.4803247809790976	1.1416094938943133	1.1416094938943133	0.0	0	926.369121996686	426.369121996686	0.7612020568998559	24	2	13	9.210939658036454	0.0	0	0	2
229	1.0	37.5	[3]	{0}	0.9266043869320464	0.7608256341117552	0.7342111042801023	0.0	0	686.7862569633871	186.78625696338713	1.0524696231684352	29	5	17	11.303351173402742	0.4565490652693235	0	0	5
43	1.0	37.5	[2]	{1}	2.0922691566363367	1.7797721054825557	1.7649322022843021	0.0	0	678.4179229289293	178.41792292892933	0.24886840673530206	49	3	26	19.69983584585786	0.8019725816981824	0	0	3
105	1.0	37.5	[1]	{2}	2.2741584573057985	1.6682622287416187	1.6682622287416184	0.0	0	348.5651700757444	151.4348299242556	1.224744871391589	3	1	2	1.6021303401514886	0.0	0	0	1
167	1.0	37.5	[2]	{1}	2.429597781166803	2.071313908127466	1.9956776584443277	0.0	0	75.67801722325385	424.32198277674615	1.3339459376998315	50	12	31	16.96466249947436	0.9591307857935767	0	0	12
477	1.0	37.5	[1]	{0}	1.5154823646716085	1.1088290455357313	1.1088290455357313	0.0	0	653.5003706812859	153.50037068128586	0.7378647873726218	17	3	10	8.141000741362571	0.0	0	0	3
353	1.0	37.5	[2]	{0}	4.6624858063616585	4.043876621045637	4.02497488060323	0.0	0	591.2239588797092	91.22395887970924	2.0428082238920444	97	3	50	37.04182293087244	1.9009334700404896	0	0	3
415	1.0	37.5	[3]	{2}	2.824671117601511	2.2512117508574923	2.2938125177083677	0.0	0	351.5065717510879	148.4934282489121	5.490266588325594	69	47	58	42.51014457852393	1.6893599828447527	0	0	47
291	1.0	37.5	[1]	{2}	4.934331573774056	4.360344472581245	4.360344472581245	0.0	0	66.36678404174745	433.63321595825255	0.13738298906498764	95	29	62	36.62400704250483	0.0	0	0	29
44	1.0	37.5	[3]	{1}	1.6170673084973797	1.2399175995067406	1.2421557320101877	0.0	0	379.7532687895	120.2467312105	0.414578098794425	32	0	16	11.431519612736999	0.25345483956612025	0	0	0
230	1.0	37.5	[1]	{2}	1.512761713897302	1.2311426113978403	1.2311426113978403	0.0	0	922.426608391106	422.426608391106	0.17770466332772772	18	2	10	5.380733916088939	0.0	0	0	2
106	1.0	37.5	[1]	{0}	3.0779550166150043	2.620901105578743	2.620901105578743	0.0	0	401.3544744811952	98.64552551880479	0.6793662204867574	27	1	14	11.29729105103761	0.0	0	0	1
168	1.0	37.5	[1]	{2}	1.9549876382997717	1.3891942870294764	1.3891942870294764	0.0	0	461.8964153341949	38.1035846658051	0.1690308509457033	13	3	8	6.093621507994832	0.0	0	0	3
478	1.0	37.5	[2]	{1}	1.5003857019006546	1.3805410581876307	1.3820201881540544	0.0	0	574.3019450455904	74.3019450455904	0.35963416786211727	48	0	24	18.217772769361734	0.6517343526326809	0	0	0
354	1.0	37.5	[1]	{2}	3.2909628446840546	2.617869163736245	2.617869163736245	0.0	0	572.9540586471558	72.95405864715576	0.0	4	0	2	1.469	0.0	0	0	0
416	1.0	37.5	[1]	{1}	0.8193271861450762	0.8014908451198854	0.8014908451198854	0.0	0	337.7485750243068	162.25142497569323	0.6825236327899351	22	4	13	8.935240025170147	0.0	0	0	4
292	1.0	37.5	[1]	{2}	3.5159978677141477	2.68601628256372	2.68601628256372	0.0	0	850.7172768004239	350.71727680042386	1.5686609568480063	41	1	21	15.47724084799364	0.0	0	0	1
231	1.0	37.5	[1]	{2}	3.847893047770063	3.2592264801068156	3.259226480106815	0.0	0	11.303897947072985	488.696102052927	nan	4	4	4	1.811215591788292	0.0	0	0	4
45	1.0	37.5	[1]	{0}	4.298129757582601	3.694198905048691	3.694198905048691	0.0	0	326.6824607271701	173.3175392728299	0.8480404147085188	92	14	53	37.82769659672491	0.0	0	0	14
107	1.0	37.5	[3]	{1}	0.9917624980638334	0.754972311300634	0.759661079031143	0.0	0	353.1839468050748	146.8160531949252	1.013889554129062	21	3	12	8.124735787220299	0.15864998616982845	0	0	3
169	1.0	37.5	[3]	{1}	1.4616941170859816	1.1532384192568463	1.1452740300484396	0.0	0	677.8389066457748	177.83890664577484	1.1239029738980328	18	2	10	7.100288746833801	0.43681182809598484	0	0	2
479	1.0	37.5	[1]	{0}	6.555566616490367	4.516242000578803	4.516242000578803	0.0	0	477.5634938850999	22.436506114900112	1.7614096918559585	12	4	8	6.0148730122298	0.0	0	0	4
355	1.0	37.5	[1]	{1}	2.1226446752385657	1.5289822698179243	1.5289822698179243	0.0	0	76.00446930155158	423.9955306984484	0.21926450482675733	29	5	17	11.527067039523274	0.0	0	0	5
417	1.0	37.5	[2]	{1}	4.7187031693784975	4.412461809872511	4.427565240651016	0.0	0	322.1743954345584	177.8256045654416	2.0983344630437237	132	46	89	58.77242844846099	2.153147604677496	0	0	46
293	1.0	37.5	[2]	{2}	2.1084570339449282	1.9038436599897173	1.863015306060781	0.0	0	639.4612337462604	139.4612337462604	1.3461579027965813	52	8	30	21.78216298761219	1.1015445170403024	0	0	8
170	1.0	37.5	[3]	{1}	3.686788785741977	2.992365736017649	2.927750210133179	0.0	0	743.6566173564643	243.65661735646427	1.728575574189442	82	16	49	36.83915073965303	1.56645990041833	0	0	16
46	1.0	37.5	[3]	{0}	5.717284188818735	4.477208979852962	4.45365994780938	0.0	0	621.7987255658954	121.79872556589544	1.3905568882227557	111	23	67	50.262214018775175	1.5189182791812885	0	0	23
232	1.0	37.5	[2]	{1}	2.440199788649825	2.0280040583145933	1.9732255529543972	0.0	0	623.7864578142762	123.78645781427622	1.4595277079319633	36	4	20	15.069999999999999	1.19564987595852	0	0	4
108	1.0	37.5	[1]	{2}	1.605882783899594	1.2476903916155722	1.247690391615572	0.0	0	464.2244912683964	35.77550873160362	1.0062305898749053	19	1	10	6.898346947610377	0.0	0	0	1
480	1.0	37.5	[2]	{2}	1.3823624873877254	1.216659746738312	1.2430640911307047	0.0	0	654.0765501558781	154.07655015587807	0.7211102550927979	44	10	27	18.568933145791295	0.7232544439950419	0	0	10
356	1.0	37.5	[2]	{1}	2.7003660696002174	1.9171377712316775	2.2255592678329985	0.0	0	102.81409206800164	397.1859079319984	2.542882983931632	56	54	55	33.84526232719607	1.6518929483593698	0	0	54
418	1.0	37.5	[3]	{1}	0.6636906289658975	0.6196467187742336	0.6107823577018201	0.0	0	170.60860409401357	329.3913959059864	0.26666666666666666	24	16	20	15.14373766550422	0.9310264193918545	0	0	16
294	1.0	37.5	[1]	{1}	0.739407331661535	0.5747989577586157	0.5747989577586157	0.0	0	303.9862313307822	196.01376866921782	0.8571428571428571	13	5	9	6.320958693992346	0.0	0	0	5
47	1.0	37.5	[3]	{1}	2.9547480439907936	2.267624273431955	2.338747343757002	0.0	0	192.0675572473556	307.9324427526444	0.5857122361103716	49	15	32	22.01148625944182	1.212460206902188	0	0	15
171	1.0	37.5	[1]	{2}	0.2717133492325911	0.22280293325254358	0.22280293325254358	0.0	0	87.68018055707216	412.31981944292784	0.0	7	3	5	3.230040541671216	0.0	0	0	3
233	1.0	37.5	[1]	{0}	1.9471062604004241	1.5745692305244776	1.5745692305244776	0.0	0	257.4592924211174	242.54070757888258	0.4442616583193193	18	0	9	6.215459292421118	0.0	0	0	0
109	1.0	37.5	[2]	{1}	4.693736697522073	4.17692509456894	4.13218716509267	0.0	0	214.22290545888245	285.77709454111755	0.04648556314797205	105	29	67	39.599043043909596	1.9418671553372728	0	0	29
481	1.0	37.5	[1]	{1}	1.967274916957803	1.776979107798889	1.776979107798889	0.0	0	400.72614699602127	99.27385300397873	0.6865330091576084	75	15	45	32.441415144860756	0.0	0	0	15
357	1.0	37.5	[2]	{2}	1.5145494488763442	1.400018431072392	1.410108173036126	0.0	0	665.112615795806	165.11261579580605	0.3569575707930106	52	12	32	22.518071989309046	0.7139416922963763	0	0	12
419	1.0	37.5	[3]	{2}	3.0819199034760025	2.5511873954076414	2.548589361509663	0.0	0	506.1036972329021	6.103697232902107	3.298753309814903	71	29	50	37.69220739446581	2.3228446800277864	0	0	29
295	1.0	37.5	[1]	{2}	1.3067932908703686	1.0761107312734557	1.0761107312734555	0.0	0	728.4314781427383	228.43147814273834	0.17407765595569785	10	2	6	4.15441113114357	0.0	0	0	2
48	1.0	37.5	[1]	{0}	1.864732653013386	1.2869653225595803	1.2869653225595803	0.0	0	557.4968922883272	57.49689228832722	nan	1	1	1	0.8544968922883271	0.0	0	0	1
172	1.0	37.5	[3]	{0}	2.524616053384052	2.1627321489521374	2.1730380777617864	0.0	0	229.0327411610633	270.9672588389367	3.773966476600869	63	43	53	36.78901497599296	2.2746421544916204	0	0	43
234	1.0	37.5	[2]	{2}	1.933754446136794	1.6362829644575647	1.5753960835723955	0.0	0	836.3581930752844	336.35819307528436	0.9258296992841857	46	2	23	15.895059876171873	0.7895368411528045	0	0	0
110	1.0	37.5	[2]	{1}	2.808071600275042	2.431002013421871	2.294068018817812	0.0	0	148.92906928434968	351.0709307156503	0.4272413969497872	70	6	38	25.407581385687003	1.2800787381255834	0	0	6
482	1.0	37.5	[1]	{1}	3.1007581315238837	3.05726213020394	3.05726213020394	0.0	0	946.135977981612	446.135977981612	0.9026853405091043	95	77	86	45.70930589358137	0.0	0	0	77
358	1.0	37.5	[3]	{0}	1.011970690787269	0.9146810066710419	0.9283076707086823	0.0	0	960.1623655762525	460.16236557625245	1.7255305608960254	26	24	25	13.247590322898699	1.384249951271097	0	0	24
420	1.0	37.5	[2]	{2}	0.9114636290739245	0.7267530625589905	0.7234651931495341	0.0	0	426.14666162990034	73.85333837009966	0.0	23	1	12	9.367293323259801	0.31225227893607543	0	0	1
296	1.0	37.5	[3]	{1}	3.721704884378616	3.1903483311925886	3.18717942723335	0.0	0	774.0504508838058	274.05045088380575	1.994433779194317	100	54	77	48.76982159432024	3.1787693254085414	0	0	54
173	1.0	37.5	[3]	{0}	2.197097169348809	1.7606769974144432	1.718699936770927	0.0	0	164.53948989510536	335.46051010489464	1.5704141065975135	35	13	24	14.196789797902108	0.6921491222429902	0	0	13
49	1.0	37.5	[1]	{2}	3.0497657887043355	2.8624216968157903	2.8624216968157903	0.0	0	373.9984366111457	126.00156338885432	0.7073341273664788	98	18	58	41.57091870377958	0.0	0	0	18
235	1.0	37.5	[2]	{2}	1.986574309557353	1.6974035861997945	1.7052573276926308	0.0	0	166.89612180925906	333.10387819074094	1.045355684268486	56	18	37	21.36157201970556	0.735547627296935	0	0	18
111	1.0	37.5	[1]	{1}	2.03470101697707	1.5542921549494197	1.5542921549494197	0.0	0	194.4656111299992	305.53438887000084	1.3578057164544433	10	4	7	4.862396833389997	0.0	0	0	4
483	1.0	37.5	[1]	{0}	2.2794789229504593	2.1465477654759386	2.1465477654759386	0.0	0	40.69806495681405	459.30193504318595	0.45907808504876707	61	25	43	26.052016793142997	0.0	0	0	25
359	1.0	37.5	[2]	{1}	3.2480415543042325	2.579780027914669	2.5416334967497063	0.0	0	595.4423537477851	95.44235374778509	0.8859366348279275	63	7	35	27.10044235374778	1.3172940944489326	0	0	7
421	1.0	37.5	[1]	{2}	1.4300175981932524	1.278277727907581	1.278277727907581	0.0	0	331.3468052074313	168.65319479256868	2.0990073016312936	40	4	22	13.432855272904034	0.0	0	0	4
297	1.0	37.5	[1]	{0}	2.9654994669761416	2.3818323341180583	2.3818323341180583	0.0	0	857.205608393997	357.20560839399695	1.5941622826609112	37	7	23	14.280504657302052	0.0	0	0	9
174	1.0	37.5	[1]	{0}	0.555349599518053	0.44585325278741295	0.44585325278741295	0.0	0	787.1345947496593	287.1345947496593	nan	1	1	1	0.6198654052503407	0.0	0	0	1
50	1.0	37.5	[1]	{1}	4.1515849742390145	3.6869484312604377	3.6869484312604377	0.0	0	733.0150173511356	233.0150173511356	0.8713171024113548	85	15	50	34.13754947946594	0.0	0	0	15
236	1.0	37.5	[3]	{1}	1.8101226337952845	1.6407015739438582	1.6044114078427956	0.0	0	343.97858660668135	156.02141339331865	4.441593295751111	60	46	53	36.77042183838041	2.207152802295571	0	0	46
112	1.0	37.5	[1]	{2}	3.207792940349887	2.2710055773658473	2.2710055773658473	0.0	0	184.83742466196415	315.1625753380358	0.22075539284417398	18	2	10	5.370699397295712	0.0	0	0	2
484	1.0	37.5	[1]	{2}	3.0337815230719274	2.354489960489866	2.354489960489866	0.0	0	127.89797829464078	372.1020217053592	0.2581988897471611	9	1	5	2.703489891473204	0.0	0	0	1
360	1.0	37.5	[1]	{0}	2.340766295681916	1.8082420266241175	1.8082420266241175	0.0	0	862.3230927623808	362.32309276238084	0.2449489742783178	15	7	11	6.981092165138572	0.0	0	0	7
422	1.0	37.5	[1]	{1}	2.825926159463049	2.6155505969223993	2.6155505969223993	0.0	0	255.83480345085263	244.16519654914737	0.4472135954999579	4	0	2	1.7943303930982948	0.0	0	0	0
298	1.0	37.5	[1]	{1}	2.1687116817194925	2.1115887086404648	2.1115887086404648	0.0	0	599.9091761186719	99.9091761186719	1.1457421568730088	67	11	39	29.80108894927054	0.0	0	0	11
175	1.0	37.5	[2]	{0}	1.979270322545844	1.815557677760912	1.7339213758186922	0.0	0	731.1538895592093	231.15388955920935	0.47156931874075775	64	24	44	25.820228859394785	1.0974548421552526	0	0	24
51	1.0	37.5	[1]	{1}	2.898035321772728	2.10328552179915	2.10328552179915	0.0	0	240.89327175170183	259.10672824829817	0.29277002188455997	6	4	5	3.3564663587585093	0.0	0	0	4
237	1.0	37.5	[2]	{2}	2.401739381792442	2.023532028182437	1.929896852276943	0.0	0	181.63860077038407	318.3613992296159	1.3503246362918153	54	6	30	18.670217612326148	1.0231431444492607	0	0	6
113	1.0	37.5	[3]	{1}	1.5002292834574604	1.2082116250771895	1.1956757021038384	0.0	0	701.5874262433499	201.5874262433499	1.6813850549228073	28	6	17	11.78306286878325	0.6262159522240227	0	0	6
361	1.0	37.5	[3]	{2}	1.034453366297134	0.8982513557131184	0.850551517093783	0.0	0	922.2995659802108	422.2995659802108	0.18993429409939658	20	4	12	7.943004340197891	0.7106445500093818	0	0	4
485	1.0	37.5	[3]	{2}	2.3901691768796987	2.2414808944372004	2.247932128443745	0.0	0	580.7849233970046	80.7849233970046	6.85948528467845	76	68	72	51.76958091923595	3.722298871932754	0	0	68
423	1.0	37.5	[1]	{0}	1.9885058608713315	1.8540445879530438	1.8540445879530438	0.0	0	410.1257580332458	89.8742419667542	2.32379000772445	9	5	7	4.997874241966755	0.0	0	0	5
299	1.0	37.5	[1]	{1}	5.660143466454266	4.562645323486667	4.562645323486667	0.0	0	385.6709492392838	114.3290507607162	0.9604410751438786	50	2	26	17.318709492392834	0.0	0	0	2
176	1.0	37.5	[1]	{2}	3.0809053065302097	2.4915624406814434	2.491562440681444	0.0	0	835.0221707951277	335.02217079512775	1.515550860228019	22	0	11	8.045756121253596	0.0	0	0	0
52	1.0	37.5	[1]	{0}	5.805774463748211	4.135023188944572	4.135023188944572	0.0	0	993.1672899983824	493.16728999838244	0.4472135954999579	8	2	5	3.1011635500080876	0.0	0	0	2
238	1.0	37.5	[1]	{2}	1.0011154724958125	0.879268052498972	0.879268052498972	0.0	0	175.75404862873256	324.24595137126744	0.8388704928078611	18	2	10	6.843016194514931	0.0	0	0	2
114	1.0	37.5	[1]	{1}	3.3296146381407183	2.7298881243554054	2.7298881243554054	0.0	0	678.345293039456	178.345293039456	0.06984302957695783	40	6	23	15.868201776565982	0.0	0	0	6
486	1.0	37.5	[2]	{2}	2.187716670658464	1.807261313748684	1.8197225625582487	0.0	0	821.0331341251731	321.0331341251731	0.33565855667130945	49	9	29	19.577171646870674	0.7646803103212563	0	0	9
362	1.0	37.5	[2]	{1}	3.02253591600239	2.701832258962852	2.7319832040200756	0.0	0	349.7187402099371	150.2812597900629	0.5079328061935712	74	26	50	35.45218708881736	1.42134535185738	0	0	26
424	1.0	37.5	[2]	{2}	2.173772096259834	1.712209242391714	1.7709187809555411	0.0	0	621.1307540070266	121.13075400702655	2.567175299043349	56	28	42	28.197600395817307	1.1687117810582606	0	0	28
300	1.0	37.5	[2]	{0}	2.270552598093968	1.8260245981027907	1.9440829606127208	0.0	0	968.669316964224	468.669316964224	2.666749337342881	62	48	55	27.79120346875302	1.060707859780814	0	0	48
177	1.0	37.5	[1]	{2}	2.1465895687635097	2.020969088530036	2.020969088530036	0.0	0	393.1246481370181	106.87535186298192	0.0	53	5	29	21.775371129507196	0.0	0	0	5
53	1.0	37.5	[3]	{0}	2.1522775541460195	1.974975877886358	1.974424996383478	0.0	0	4.7332532703876495	495.26674672961235	1.6927317888817794	63	47	55	29.786328929871324	2.882846938721979	0	0	47
239	1.0	37.5	[3]	{0}	0.7119650420461371	0.5821472077898334	0.580313788314912	0.0	0	112.25711880251764	387.74288119748235	1.3587324409735149	12	4	8	2.2930569504201417	0.3754484955984033	0	0	4
115	1.0	37.5	[1]	{1}	1.5901672644653173	1.275735695434622	1.275735695434622	0.0	0	539.89471308887	39.89471308887005	nan	0	0	0	0.0	0.0	0	0	0
487	1.0	37.5	[3]	{2}	2.0143175660764547	1.7496217322855563	1.7470031936236665	0.0	0	671.9057445880026	171.90574458800256	2.124269695478998	45	23	35	26.604036809531966	1.9053525618265548	0	0	25
363	1.0	37.5	[1]	{1}	2.5448715650031195	2.4912800823057233	2.4912800823057233	0.0	0	850.7563173770905	350.75631737709045	0.03942082639927218	51	5	28	16.24984838294983	0.0	0	0	5
425	1.0	37.5	[2]	{2}	0.8714719862752517	0.6660668875042646	0.707340538952813	0.0	0	743.1766747031361	243.1766747031361	1.899162494842972	21	15	18	11.270526554156096	0.44133156218686104	0	0	15
301	1.0	37.5	[3]	{2}	1.1548229273159094	1.0682277124903068	1.0627006606556075	0.0	0	414.4912620540708	85.50873794592923	3.0689441862664135	36	22	29	21.760438834378494	1.6373049966439397	0	0	22
54	1.0	37.5	[1]	{0}	2.9029599047654857	2.5702228586410483	2.570222858641048	0.0	0	438.1058271974325	61.89417280256748	1.3416407864998738	4	2	3	2.2501058271974324	0.0	0	0	2
178	1.0	37.5	[1]	{0}	5.215699822698532	3.932020050917709	3.932020050917709	0.0	0	631.3199712894857	131.3199712894857	0.7863570994927848	68	6	37	29.15248031581566	0.0	0	0	6
240	1.0	37.5	[1]	{0}	1.38850013936727	1.1074383851655103	1.10743838516551	0.0	0	907.183239236474	407.18323923647404	0.9258200997725514	6	0	3	1.8684502822905777	0.0	0	0	0
116	1.0	37.5	[1]	{2}	1.2066310251286587	1.087914567973458	1.087914567973458	0.0	0	293.9176191575825	206.08238084241748	0.4123930494211613	20	6	13	9.484258572418243	0.0	0	0	6
488	1.0	37.5	[1]	{2}	2.3413468124575605	1.7884575943924281	1.7884575943924281	0.0	0	536.2462596967816	36.246259696781635	0.2773500981126146	20	0	10	7.533014961212873	0.0	0	0	0
364	1.0	37.5	[3]	{1}	2.9602783725903272	2.4163917399731663	2.4872640892254787	0.0	0	152.0719169639051	347.9280830360949	2.959818803818308	65	43	54	38.02230134284496	2.3401407501399647	0	0	43
426	1.0	37.5	[3]	{0}	4.153466880153739	3.3872331776599482	3.4895175139370025	0.0	0	290.93904164619744	209.06095835380256	4.684635091508629	100	70	85	59.742134957371285	3.4845948690155133	0	0	70
302	1.0	37.5	[2]	{0}	2.2231550275623713	1.816420898631171	1.8799518631335328	0.0	0	878.6438428796828	378.6438428796828	2.108239665728911	68	36	52	27.135958599053314	0.9361598968980103	0	0	36
179	1.0	37.5	[3]	{2}	2.4734246397315465	1.94565289235386	2.004304498530569	0.0	0	809.0530531480908	309.05305314809084	2.1577151416912423	45	25	35	24.073885883890096	1.3836665894444289	0	0	25
241	1.0	37.5	[3]	{0}	3.406736311317779	2.9332121627641987	2.950092148422592	0.0	0	532.7978050336242	32.79780503362417	5.9202786079018885	82	68	75	54.24762853456291	3.674987470013055	0	0	68
55	1.0	37.5	[1]	{2}	4.378291677022795	3.670375231947195	3.670375231947195	0.0	0	998.5243678092957	498.52436780929565	1.527818958263959	79	51	65	33.159916092395775	0.0	0	0	51
117	1.0	37.5	[1]	{0}	6.818079352846273	4.869660447882397	4.869660447882397	0.0	0	317.2698887065053	182.7301112934947	0.8603834844182797	18	0	9	5.975809666119516	0.0	0	0	0
489	1.0	37.5	[1]	{0}	1.0087814055266653	0.8632955448458344	0.8632955448458344	0.0	0	890.1107585988939	390.1107585988939	1.2909944487358056	14	6	10	6.747335448406637	0.0	0	0	6
365	1.0	37.5	[1]	{0}	2.0554795206867325	1.713565778625313	1.713565778625313	0.0	0	47.16663318686187	452.8333668131381	1.0415168495589702	18	4	11	7.066832965055481	0.0	0	0	4
427	1.0	37.5	[2]	{0}	1.5153734986719927	1.217441832518291	1.2179914032568115	0.0	0	706.2216810882092	206.22168108820915	1.2328828005937953	37	1	19	14.086118145853284	0.4629696052276836	0	0	1
303	1.0	37.5	[2]	{1}	2.7846411139813187	2.294971316542138	2.2972212248866843	0.0	0	576.5676964074373	76.56769640743732	0.9746611922150644	52	10	31	23.532078375443817	0.9342852314928385	0	0	10
180	1.0	37.5	[3]	{0}	3.1362514370969605	2.9027866534979734	2.848830505191201	0.0	0	808.9386012870818	308.93860128708184	5.084303199915966	92	66	80	55.76821035366507	4.1477854888387	0	0	68
242	1.0	37.5	[1]	{1}	2.0206799743195742	1.6306732889671238	1.6306732889671238	0.0	0	510.46995469368994	10.469954693689942	1.5871507864874148	34	8	21	15.33346995469369	0.0	0	0	8
56	1.0	37.5	[3]	{2}	3.2415835286366406	2.896178266850699	2.890322415078767	0.0	0	482.6538492925465	17.34615070745349	6.415982719001969	100	68	84	63.18830769858509	4.010666116924464	0	0	68
118	1.0	37.5	[2]	{0}	2.747197713101044	2.2358100840027406	2.2339361859915634	0.0	0	699.4677404873073	199.4677404873073	0.1932149217144498	55	9	32	20.414838747330016	0.869731821034516	0	0	9
490	1.0	37.5	[1]	{1}	3.3047514780612137	2.939031013962084	2.939031013962084	0.0	0	145.7349411211908	354.2650588788092	1.7566201313073597	9	1	5	2.635674705605954	0.0	0	0	1
366	1.0	37.5	[1]	{0}	1.8372602406447207	1.5479656531398347	1.5479656531398347	0.0	0	437.1794229373336	62.820577062666416	1.1142598028474215	36	2	19	14.025744039438663	0.0	0	0	2
428	1.0	37.5	[1]	{1}	2.1772995356929723	1.5725575089122794	1.5725575089122794	0.0	0	749.6919641271234	249.69196412712336	nan	1	1	1	0.4553080358728766	0.0	0	0	1
304	1.0	37.5	[3]	{2}	3.799281866290912	2.9746141772512353	3.0009068725985504	0.0	0	604.2452228721231	104.24522287212312	1.9945130212111482	72	26	49	35.951321656918154	1.4637834495457087	0	0	26
181	1.0	37.5	[1]	{1}	1.7196274822866333	1.5938738139269422	1.5938738139269422	0.0	0	855.9089701157063	355.9089701157063	0.3499271061118826	48	20	33	22.40627574710734	0.0	0	0	18
57	1.0	37.5	[2]	{0}	1.221976380466831	1.1822210864383524	1.173436138121936	0.0	0	669.837033841759	169.83703384175897	0.0	35	7	21	14.920422289323062	0.6141737000269006	0	0	7
243	1.0	37.5	[2]	{2}	2.6385147907539204	2.0450401794445323	2.1177758954884913	0.0	0	303.00999130122364	196.99000869877636	1.3336352315220397	45	21	33	20.71924978253059	1.1677540594397275	0	0	21
491	1.0	37.5	[3]	{1}	2.323646289048546	1.9605778170356247	1.9580218830923974	0.0	0	354.24091876484454	145.75908123515546	2.213646287250398	59	27	43	29.523613781472672	1.7398326628715755	0	0	27
119	1.0	37.5	[2]	{1}	0.9110785486700342	0.6962973817787784	0.699310597163323	0.0	0	451.58000430092216	48.419995699077845	0.7559289460184544	23	5	14	11.463160008601845	0.306002129358551	0	0	5
367	1.0	37.5	[3]	{2}	2.65124129643118	2.542539463504137	2.54568636602421	0.0	0	537.827018648386	37.827018648386	7.671566304146784	104	90	97	73.10759472027422	4.541235075180348	0	0	90
429	1.0	37.5	[1]	{2}	2.4261729921591306	1.9449482753429979	1.9449482753429979	0.0	0	225.44780164025724	274.55219835974276	0.6260990336999411	24	0	12	9.220686809841542	0.0	0	0	0
305	1.0	37.5	[2]	{2}	1.4855639642713458	1.189708767204899	1.183336394170204	0.0	0	561.9274370837957	61.92743708379567	0.2940588176458821	33	5	19	15.195056682089342	0.5434550540564589	0	0	5
58	1.0	37.5	[3]	{1}	1.2737245420695293	0.9654672101454893	1.013123766486673	0.0	0	41.13218490965664	458.86781509034336	0.32539568672798425	16	4	10	6.399321849096568	0.5664997087720289	0	0	4
182	1.0	37.5	[2]	{1}	3.4471487284016917	3.1249595330720985	3.139130697824489	0.0	0	198.6940391361713	301.30596086382866	1.6930744935456292	103	29	65	38.48833638730647	1.4625888075639601	0	0	27
244	1.0	37.5	[1]	{1}	1.2748627322766661	0.9712442350749646	0.9712442350749646	0.0	0	626.2086043134332	126.20860431343317	0.6793662204867574	12	4	8	5.252748374119402	0.0	0	0	4
492	1.0	37.5	[1]	{0}	0.5960521740739311	0.5356626980950007	0.5356626980950008	0.0	0	460.0141830742359	39.985816925764084	nan	2	0	1	0.7270141830742359	0.0	0	0	0
120	1.0	37.5	[1]	{0}	2.891062984884588	2.0369631041752334	2.036963104175233	0.0	0	620.556962210685	120.55696221068501	2.0751006927352353	18	12	15	12.447443037789315	0.0	0	0	12
368	1.0	37.5	[1]	{2}	7.093108417602563	5.997849348513437	5.997849348513437	0.0	0	769.606955582276	269.606955582276	0.31214623674000747	110	24	67	42.82404526530391	0.0	0	0	24
430	1.0	37.5	[3]	{2}	1.7915385855055093	1.4137531883954784	1.4201718148910583	0.0	0	447.9961856268346	52.003814373165426	2.0172268469979113	33	15	24	16.933	0.7355690772970572	0	0	15
306	1.0	37.5	[1]	{2}	2.8342676049716493	1.9685231016537434	1.9685231016537437	0.0	0	239.8957060649991	260.1042939350009	nan	2	0	1	0.7651042939350009	0.0	0	0	0
59	1.0	37.5	[1]	{0}	2.5612161069427657	2.1552215297207287	2.1552215297207287	0.0	0	684.1399134136736	184.13991341367364	1.534842759672393	16	4	10	7.184440346345306	0.0	0	0	4
183	1.0	37.5	[3]	{1}	2.856311813882055	2.4074042184130615	2.3054497613936302	0.0	0	284.6664544194937	215.33354558050632	2.1107603834840813	50	12	31	24.060332272097472	1.7791994517868328	0	0	12
245	1.0	37.5	[2]	{1}	2.338006620204446	1.7995390675324214	1.8321299883906175	0.0	0	3.14321625046432	496.8567837495357	1.166022977030736	48	2	25	12.441580406261611	0.7287208734853452	0	0	2
369	1.0	37.5	[3]	{0}	2.1797274752826885	1.6668380298112375	1.6610231350248832	0.0	0	809.5811614766717	309.5811614766717	0.26082026547865056	41	7	24	14.9938637393266	0.22860333132036115	0	0	7
121	1.0	37.5	[2]	{1}	4.8311489781842685	3.7258373929162953	3.691352645120329	0.0	0	128.50235030055046	371.49764969944954	1.295768144497536	95	5	50	31.68307991021872	1.3686044439572445	0	0	5
493	1.0	37.5	[2]	{0}	5.502657410309495	4.950875749839626	4.75638891234129	0.0	0	737.1353239286691	237.1353239286691	2.049459340260343	122	8	65	42.53647459249384	2.825211478942402	0	0	8
431	1.0	37.5	[1]	{2}	1.1813618828242507	0.8839957894989168	0.8839957894989167	0.0	0	42.00579458847642	457.9942054115236	1.0	2	0	1	0.8770057945884764	0.0	0	0	0
307	1.0	37.5	[3]	{1}	2.214886883240837	1.9307227967090448	1.977256294258122	0.0	0	660.4341012425721	160.43410124257207	4.998604835389245	60	48	54	36.684976962722835	2.8187764771359434	0	0	48
60	1.0	37.5	[3]	{0}	4.309441183627134	3.5228078448814726	3.5422952484773393	0.0	0	438.646802213043	61.353197786957026	3.557242956374128	102	46	74	55.8818168575391	2.799341420593454	0	0	46
184	1.0	37.5	[1]	{0}	3.0983757348845398	2.8885726224359862	2.8885726224359862	0.0	0	796.5063906740397	296.5063906740397	1.02469507659596	27	5	17	11.985429702585561	0.0	0	0	7
246	1.0	37.5	[1]	{2}	1.38402222137925	1.1945337700077439	1.1945337700077439	0.0	0	407.1775751654058	92.82242483459419	0.0	3	1	2	1.5510000000000002	0.0	0	0	1
494	1.0	37.5	[3]	{2}	4.123291211029121	3.8294170839010153	3.8210287902739966	0.0	0	395.0650691986084	104.9349308013916	7.201347542036235	113	97	104	79.30582193756109	5.908421104891508	0	0	95
370	1.0	37.5	[1]	{0}	0.9924087817365557	0.9078627658673386	0.9078627658673386	0.0	0	141.09060517512262	358.9093948248774	1.7841031003501577	28	14	21	14.717902708677576	0.0	0	0	14
122	1.0	37.5	[2]	{2}	1.4630255162999735	1.158051355739971	1.1868098067681156	0.0	0	412.4424692708999	87.55753072910011	1.1710800875382399	29	11	20	14.302424692709	0.7837491050965392	0	0	11
432	1.0	37.5	[2]	{0}	1.8469740458327202	1.4604204191611823	1.4729357441113033	0.0	0	401.9324688706547	98.0675311293453	0.30237157840738177	34	8	21	15.57712209531851	0.6770681769515464	0	0	8
308	1.0	37.5	[1]	{0}	2.0810374664682048	1.816504638207062	1.816504638207062	0.0	0	823.4350497368723	323.4350497368723	1.7884864185315763	43	7	25	15.136734054999426	0.0	0	0	7
61	1.0	37.5	[1]	{1}	1.2867723211900894	1.1097394027987642	1.1097394027987642	0.0	0	175.76496303081512	324.2350369691849	0.7649439972216586	33	9	21	14.7039445194006	0.0	0	0	9
185	1.0	37.5	[3]	{0}	1.2002847693622614	0.9641764243808877	0.9980984903713636	0.0	0	950.7929862011224	450.7929862011224	1.4194374348941723	31	15	23	13.249105206983163	0.8583290711655486	0	0	15
247	1.0	37.5	[1]	{0}	2.4270975744815573	1.6484579824656342	1.6484579824656342	0.0	0	554.2832524515688	54.28325245156884	1.7320508075688774	5	3	4	3.431	0.0	0	0	3
371	1.0	37.5	[3]	{1}	0.7985758101377671	0.661687909860657	0.6519721154356026	0.0	0	244.4468371104449	255.5531628895551	1.7051956801764152	12	8	10	5.691787348441779	0.4623407446232438	0	0	8
495	1.0	37.5	[2]	{2}	2.6559663595740295	2.116707258356411	2.1177616264056875	0.0	0	915.5878114979714	415.5878114979714	0.5919973222009434	61	13	37	19.436426597571	0.7923154990059332	0	0	13
123	1.0	37.5	[1]	{0}	4.774362471351092	3.5425054341888487	3.5425054341888487	0.0	0	49.48353487998247	450.51646512001753	0.5412073589719614	36	4	20	11.411703627839685	0.0	0	0	4
433	1.0	37.5	[2]	{1}	0.7579214389538665	0.6024660359740668	0.5991092964418523	0.0	0	582.3168158531189	82.3168158531189	0.6634888026970371	22	4	13	10.702584079265597	0.2609268735672089	0	0	4
309	1.0	37.5	[1]	{2}	2.045753280685447	1.5302105622434068	1.5302105622434066	0.0	0	532.2886272333562	32.28862723335624	2.0207259421636903	8	6	7	5.186711372766643	0.0	0	0	6
