iter	recomb_rate	mut_rate	recomb_type	recomb_node	ARG_length_1	ARG_length_2	ARG_length_3	ARG_length_4	root_height_change	bp	bp_pos_deviation	rank_stat	info_sites_global	confounding_info_sites	consistent_info_sites	weighted_consistent_info_sites	rf_dist	no_neu_recurr_mut	no_adv_recurr_mut	info_sites_imbalance
434	1.0	5.0	[3, 3, 3]	set()	2.8673040958147813	2.0495858893314134	2.172730225646334	0.0	0	[115.80843664705752, 156.7676793783903, 307.5378371872695]	0.9202719154767173	0	0	0	0	0	0.408875	1.875	0	0
0	1.0	5.0	[3, 3]	set()	5.304720175957872	4.280299338576089	4.3106888938283285	0.0	0	[241.5706915780902, 979.1821863036604]	0.6482623441171567	0	0	0	0	0	0.0975	0.375	0	0
248	1.0	5.0	[3]	set()	6.2699007268848534	6.217409292484436	6.2316547486923115	0.0	0	[902.9024355113506]	0.31865846151469995	0	0	0	0	0	0.39949999999999997	1.0	0	0
124	1.0	5.0	[3, 3]	set()	5.304162972281708	4.6076090973757315	4.578600881518039	0.0	0	[105.93362525105476, 527.3808836936951]	0.9561825966457269	0	0	0	0	0	0.375	1.125	0	0
62	1.0	5.0	[3]	set()	3.0205260103654523	2.6331456452227093	2.670023198767029	0.0	0	[846.4647980872542]	0.4287925556286839	0	0	0	0	0	0.2885	0.75	0	0
186	1.0	5.0	[2, 2, 3, 3, 3]	set()	4.266045642468384	3.6358099468976564	3.609596947881051	0.0	0	[106.632296461612, 139.7449143301004, 269.8036013171077, 525.5272886715829, 820.0921907555312]	1.634165766942366	0	0	0	0	0	0.408875	2.25	0	0
372	1.0	5.0	[3, 3, 2]	set()	4.54448395613609	3.472060815355972	3.5376483557350906	0.0	0	[158.6828650906682, 200.07268665358424, 515.8353402776412]	1.139105200946874	0	0	0	0	0	0.16449999999999998	0.75	0	0
496	1.0	5.0	[2]	set()	7.522043196892131	6.788335369197929	6.5237267369360765	0.0	0	[921.584343072027]	0.27488269974065355	0	0	0	0	0	0.0	0.0	0	0
310	1.0	5.0	[3, 2, 2, 2]	set()	5.925676781770405	4.25032960240983	4.526244140437059	0.0	0	[8.199449861422181, 140.0211882675948, 255.17621583293425, 632.3687111726022]	1.2910453396417099	0	0	0	0	0	0.253	1.625	0	0
125	1.0	5.0	[3, 3]	set()	3.616913076131031	3.3007831425152623	3.2736222222885734	0.0	0	[600.6384186912328, 888.5472925366739]	0.9092058242449816	0	0	0	0	0	0.256	1.0	0	0
1	1.0	5.0	[3, 3]	set()	5.4764938603377145	4.806932384929309	4.868628422674898	0.0	0	[326.5681648626924, 973.996128886938]	0.7418370779239709	0	0	0	0	0	0.0135	0.5	0	0
63	1.0	5.0	[3]	set()	4.002247872587095	3.4253312863741594	3.3972931167914164	0.0	0	[577.1758519113064]	0.6811871993595571	0	0	0	0	0	0.375	0.75	0	0
187	1.0	5.0	[2, 3, 3]	set()	4.4800245886067875	4.142424126175287	4.162135386856596	0.0	0	[30.80818941816688, 609.0937410481274, 653.3489478503603]	0.9291644044236052	0	0	0	0	0	0.22824999999999998	1.125	0	0
249	1.0	5.0	[3, 2, 2, 2, 2, 2]	set()	11.371094183058375	7.007103154929197	8.025285436985193	0.0	0	[405.9048751369119, 428.2812414411741, 451.04455947875977, 716.84689540416, 858.5110048342623, 943.714564953702]	1.537933261727675	0	0	0	0	0	0.375	2.625	0	0
497	1.0	5.0	[3, 2, 3, 2]	set()	4.543276266842864	3.4519996224551885	3.5434956116253544	0.0	0	[119.49191382154822, 219.7527155972305, 288.7468050913007, 604.1606110520661]	1.3997204520040032	0	0	0	0	0	0.036000000000000004	0.375	0	0
311	1.0	5.0	[3, 3]	set()	5.708270074314821	5.3424583222482065	5.174507463583907	0.0	0	[173.83121140301228, 302.68092127516866]	0.8195664145504385	0	0	0	0	0	0.11875	0.75	0	0
435	1.0	5.0	[2, 3, 3, 3, 2, 3]	set()	6.368043192325978	4.484413959203429	4.385323419464649	0.0	0	[101.65923732765548, 246.245548594743, 560.5641682324552, 596.8821273076132, 695.1782093075968, 714.1295159961998]	1.6573594522982569	0	0	0	0	0	0.46125000000000005	3.125	0	0
126	1.0	5.0	[3]	set()	4.210207632327705	3.74551071020301	3.7411734446214817	0.0	0	[650.8989157155156]	0.6468883983255993	0	0	0	0	0	0.20625	0.375	0	0
2	1.0	5.0	[3, 3]	set()	4.613625017839538	3.7450011868934925	3.7963531982908982	0.0	0	[428.1118316575885, 879.3723625130951]	0.9774034067714596	0	0	0	0	0	0.14300000000000002	0.5	0	0
64	1.0	5.0	[3]	set()	3.3867043746412384	3.2422264305970687	3.195169875244955	0.0	0	[760.7715255580842]	0.5501889734655989	0	0	0	0	0	0.5	1.0	0	0
373	1.0	5.0	[3, 3, 2, 3, 2]	set()	5.263587109766203	3.7459615367720116	3.786581211740826	0.0	0	[24.257464918576837, 87.13304962044698, 238.2869529537857, 842.4069380853325, 913.8305352222168]	1.2539654805334084	0	0	0	0	0	0.24112499999999998	1.5	0	0
498	1.0	5.0	[3, 3]	set()	3.1908600994294383	2.8748660420052805	2.8802699935814626	0.0	0	[234.98823214322329, 912.8269529247628]	0.816579462409839	0	0	0	0	0	0.30850000000000005	1.0	0	0
127	1.0	5.0	[3, 3]	set()	4.287003028459619	3.645318756387804	3.61811656950711	0.0	0	[537.5700416043401, 545.6216013143571]	0.7309164403116115	0	0	0	0	0	0.29862500000000003	1.125	0	0
3	1.0	5.0	[3]	set()	5.270700264683921	4.614067913745606	4.878149132551691	0.0	0	[99.87425431609154]	0.32480659400720396	0	0	0	0	0	0.612625	1.125	0	0
65	1.0	5.0	[3, 2]	set()	4.280522641866118	3.593446530136502	3.669038713728682	0.0	0	[431.6609520465136, 877.8435448184609]	0.9795543332146512	0	0	0	0	0	0.48275	1.375	0	0
250	1.0	5.0	[3, 3]	set()	4.302913728184601	3.901346186124056	3.892673478239107	0.0	0	[479.7522851731628, 968.7933512032032]	0.8103837488054851	0	0	0	0	0	0.258	1.0	0	0
188	1.0	5.0	[3]	set()	3.3946337745645456	3.3330953532191288	3.3375288749710075	0.0	0	[301.10494093969464]	0.6117976112917077	0	0	0	0	0	0.162625	0.375	0	0
436	1.0	5.0	[2, 3, 3, 3, 3, 3]	set()	10.844091251258428	7.870187024540414	8.272373783538587	0.0	0	[90.38493087656252, 141.6882988589041, 282.575796428969, 399.61580730021296, 498.4932183488784, 895.870613399893]	1.727886858557619	0	0	0	0	0	0.266875	1.875	0	0
374	1.0	5.0	[2, 2, 2, 3]	set()	5.839747258096162	3.8938427649206107	4.027859122376949	0.0	0	[47.06710073005671, 368.6606835989885, 605.2342116503856, 820.7001788541675]	1.4885944854324844	0	0	0	0	0	0.39749999999999996	2.0	0	0
312	1.0	5.0	[3, 3, 3]	set()	6.852738235756342	6.191874240512442	6.107561517063788	0.0	0	[192.83189880661664, 395.1800037175417, 600.7210635580122]	1.3324583866500614	0	0	0	0	0	0.375	1.875	0	0
189	1.0	5.0	[3, 2]	set()	3.09349403825086	2.5613828878264906	2.6719334596352944	0.0	0	[554.0027506649494, 823.3580985106528]	0.9867377081172225	0	0	0	0	0	0.0	0.0	0	0
251	1.0	5.0	[3, 2]	set()	2.847158236069121	2.380389144187466	2.387909383026215	0.0	0	[630.3141671232879, 962.3058545403184]	0.7805531910525337	0	0	0	0	0	0.375	1.125	0	0
499	1.0	5.0	[3, 3, 3, 3, 3]	set()	6.744770348341972	5.274914480688701	5.205165043132424	0.0	0	[13.98221742007788, 333.93784667551165, 647.0025082340744, 754.2098596411313, 866.6669321246445]	1.5416784798920156	0	0	0	0	0	0.342375	2.375	0	0
313	1.0	5.0	[2]	set()	3.7258888757142974	3.250416144422588	3.2863116660402256	0.0	0	[400.7167322561145]	0.6733012069245792	0	0	0	0	0	0.5	1.0	0	0
4	1.0	5.0	[3]	set()	2.9089206095523723	2.541015678836918	2.6457302114600108	0.0	0	[754.6128584071994]	0.5572104239260466	0	0	0	0	0	0.21925	0.375	0	0
437	1.0	5.0	[3]	set()	6.65380730207713	6.010880961668528	5.851466569354676	0.0	0	[172.00090829283]	0.4590447645354787	0	0	0	0	0	0.25	0.5	0	0
128	1.0	5.0	[3, 2]	set()	4.1212726309676455	3.8139233359453573	3.5948420138901	0.0	0	[21.74954116344452, 101.38173284940422]	0.38081660513301197	0	0	0	0	0	0.125	0.375	0	0
375	1.0	5.0	[3, 3, 3]	set()	4.6751039507299526	3.528759255201452	3.665298591475402	0.0	0	[378.57960839755833, 894.4903567899019, 971.3651842083194]	1.0081376919773026	0	0	0	0	0	0.283625	1.25	0	0
252	1.0	5.0	[2]	set()	3.3363728237831385	2.8226884965913746	2.918738441657636	0.0	0	[988.8961710967124]	0.06101434844299568	0	0	0	0	0	0.125	0.25	0	0
66	1.0	5.0	[2, 3, 2, 2]	set()	6.892948571723099	5.257161561862718	5.302623420750608	0.0	0	[49.796926556155086, 851.2108486880585, 859.0299336187708, 905.3890071809292]	0.730203323736799	0	0	0	0	0	0.018625	0.375	0	0
190	1.0	5.0	[3, 3, 2, 3]	set()	5.795519122062769	4.026131395134246	4.224339329246446	0.0	0	[667.4121099058539, 731.9527348612378, 779.8462506290573, 875.5718641914427]	1.0761847805197777	0	0	0	0	0	0.10700000000000001	0.375	0	0
314	1.0	5.0	[3]	set()	3.2085625348767888	2.9094626570476594	2.908541421817427	0.0	0	[492.71315545775]	0.6930409805936486	0	0	0	0	0	0.125	0.25	0	0
376	1.0	5.0	[3]	set()	2.14022827533081	1.966470905100666	1.9777384443828898	0.0	0	[225.99226189777252]	0.534388212927816	0	0	0	0	0	0.47187500000000004	0.875	0	0
5	1.0	5.0	[3, 3, 2]	set()	4.1401200542877685	2.9552444916511647	3.2809839669825758	0.0	0	[263.99353612214327, 335.57266229763627, 681.3995654658496]	1.2719710013665582	0	0	0	0	0	0.592125	2.375	0	0
438	1.0	5.0	[3, 3]	set()	7.1803231267462	5.94946428097895	5.900679433426012	0.0	0	[55.62694277614355, 887.1158119291067]	0.5603966408474137	0	0	0	0	0	0.17425	0.875	0	0
129	1.0	5.0	[3, 2, 2]	set()	6.98133318356474	5.5094927850095505	5.615784136339389	0.0	0	[246.56498744865465, 263.40639661066234, 516.5191206925464]	1.1131251452460043	0	0	0	0	0	0.4365	1.75	0	0
191	1.0	5.0	[3]	set()	2.167267254840119	1.9907904658215037	1.971194679224173	0.0	0	[249.15183964185417]	0.5614014254414663	0	0	0	0	0	0.625	1.25	0	0
67	1.0	5.0	[3, 3]	set()	3.9134814550127657	3.471102784414776	3.5239961744688317	0.0	0	[34.10215117037296, 700.1664929557592]	0.7470362687154861	0	0	0	0	0	0.3375	1.0	0	0
253	1.0	5.0	[3, 3, 3]	set()	6.986095773029383	5.478604730424571	5.6145353733198355	0.0	0	[147.24487927742302, 523.1277476996183, 774.3921279907227]	1.3328430828307485	0	0	0	0	0	0.215625	1.0	0	0
315	1.0	5.0	[3, 2]	set()	5.127473759042161	4.658432679293036	4.504503588433437	0.0	0	[741.4659559726715, 950.9194521100152]	0.697163814860837	0	0	0	0	0	0.217625	0.5	0	0
377	1.0	5.0	[3, 3]	set()	3.478493963467198	3.2719138867608404	3.2566120977595556	0.0	0	[21.60144504159689, 447.7766500785947]	0.7742400001776031	0	0	0	0	0	0.3085	1.125	0	0
439	1.0	5.0	[2]	set()	3.3359641641525353	3.1030592622755626	3.0936716969220837	0.0	0	[754.9095638096333]	0.5568768768830004	0	0	0	0	0	0.25	0.5	0	0
130	1.0	5.0	[3, 3]	set()	3.8533304091648493	2.9640234203481004	3.0391845013984233	0.0	0	[60.980201698839664, 879.3828217312694]	0.5897042214258095	0	0	0	0	0	0.3825	1.25	0	0
6	1.0	5.0	[3, 2, 2]	set()	8.141900688160693	5.752566058916793	5.932593969832329	0.0	0	[467.2900112345815, 642.0354004808406, 806.7905949287752]	1.275081625265736	0	0	0	0	0	0.375	1.5	0	0
192	1.0	5.0	[3, 3]	set()	3.988169791372796	3.529235536156563	3.525854201596643	0.0	0	[833.863141015172, 968.4768933802844]	0.5304248245629463	0	0	0	0	0	0.028875	0.5	0	0
68	1.0	5.0	[2, 3]	set()	5.381089963282733	4.780504924740916	4.778384567988815	0.0	0	[205.474165501073, 525.0264147762209]	1.043321705400233	0	0	0	0	0	0.25625	0.875	0	0
254	1.0	5.0	[3]	set()	4.210761638109487	3.800770137703749	3.8401683482318703	0.0	0	[85.29475796967745]	0.2915142698377427	0	0	0	0	0	0.260625	0.625	0	0
316	1.0	5.0	[3]	set()	3.685744791980831	3.6144979143006166	3.612103399907986	0.0	0	[233.149859122932]	0.5430544292338298	0	0	0	0	0	0.279125	0.625	0	0
378	1.0	5.0	[2]	set()	2.847192902591997	2.8413895492925967	2.831428958283329	0.0	0	[54.542075376957655]	0.21167790501334116	0	0	0	0	0	0.25	0.5	0	0
440	1.0	5.0	[3, 3]	set()	3.2271043424483015	2.940912288190476	2.9905413417275346	0.0	0	[448.9714978262782, 873.181389644742]	0.9851860341878846	0	0	0	0	0	0.321875	1.0	0	0
131	1.0	5.0	[3]	set()	5.586242541134473	5.387112770986185	5.181299772777743	0.0	0	[145.27323842048645]	0.41442165487607874	0	0	0	0	0	0.143125	0.375	0	0
193	1.0	5.0	[3, 3, 3]	set()	4.9671807285026786	4.381534784400406	4.193543958273323	0.0	0	[57.45426705107093, 145.52061446011066, 171.42683220531185]	0.6285608621804447	0	0	0	0	0	0.043375	0.625	0	0
255	1.0	5.0	[3, 3, 3]	set()	4.588154057445307	3.7141818991149242	3.7510612659776568	0.0	0	[300.34351302310824, 501.5470893122256, 546.8202859162851]	1.1826781123582024	0	0	0	0	0	0.53075	2.25	0	0
69	1.0	5.0	[2, 3, 3, 3]	set()	4.96119885860813	3.894071015296194	3.7987060700348074	0.0	0	[470.1991742476821, 773.6100107431412, 899.4264116241584, 908.5398241877556]	1.2390628681658291	0	0	0	0	0	0.05675	0.75	0	0
317	1.0	5.0	[3, 2, 3]	set()	4.89291926703962	3.5790577999731537	3.756584785566404	0.0	0	[446.7285253511864, 630.5439687978982, 893.3463636785746]	1.2612321264080726	0	0	0	0	0	0.388375	1.625	0	0
132	1.0	5.0	[3, 3]	set()	1.6970447421215744	1.4102084788808025	1.3734353718643595	0.0	0	[733.8786656036973, 769.8524766601622]	0.6847768933465987	0	0	0	0	0	0.653875	2.0	0	0
7	1.0	5.0	[2, 3, 2, 2, 3, 2]	set()	6.640344677581973	4.176039372263919	4.689511269294899	0.0	0	[68.20557894331358, 122.93111789040267, 302.76168119370084, 333.6946000955261, 494.6526838466525, 790.2776303424623]	1.740067285082349	0	0	0	0	0	0.31174999999999997	2.375	0	0
441	1.0	5.0	[3, 2, 3, 2]	set()	5.039574900231274	3.6766495338287206	3.8941457415559215	0.0	0	[56.82737628298273, 409.6091487444937, 495.76865369454026, 612.5862867773927]	1.3599497632321338	0	0	0	0	0	0.38075000000000003	2.125	0	0
379	1.0	5.0	[3]	set()	5.369321208663284	4.901318642619645	4.960030344005891	0.0	0	[381.1171299312264]	0.6646083680282371	0	0	0	0	0	0.375	0.75	0	0
194	1.0	5.0	[3]	set()	3.1821659362329866	3.036834936440788	2.9566785269158107	0.0	0	[259.22871730290353]	0.5722486327516371	0	0	0	0	0	0.157375	0.375	0	0
256	1.0	5.0	[2, 3, 2, 3]	set()	6.792388788057526	4.835505743863244	5.143817420268832	0.0	0	[129.26993728615344, 318.71549505740404, 323.6296303290036, 856.984755451847]	1.2191472658158249	0	0	0	0	0	0.16474999999999998	0.875	0	0
70	1.0	5.0	[2, 3]	set()	4.231374444377972	3.385651145322731	3.4939435153638767	0.0	0	[420.83109775558114, 954.6225564554334]	0.8396675488023283	0	0	0	0	0	0.25	0.75	0	0
8	1.0	5.0	[3]	set()	1.5182899101031717	1.3017538799231887	1.2793085888390747	0.0	0	[153.17938523367047]	0.4281846397947524	0	0	0	0	0	0.5	1.0	0	0
442	1.0	5.0	[3]	set()	3.2741236353642056	2.8659508222955634	2.8282801116732035	0.0	0	[904.3502483982592]	0.3154179778220669	0	0	0	0	0	0.125	0.25	0	0
318	1.0	5.0	[3, 2, 2, 3]	set()	5.068024430919858	3.9831986782031246	3.803366073285617	0.0	0	[352.5500444229692, 533.9474429140793, 536.5109289337341, 997.0717521009236]	1.066666511833925	0	0	0	0	0	0.25075	1.5	0	0
380	1.0	5.0	[3, 3, 3, 3]	set()	5.78951062687207	4.6538892460783465	4.592879110816867	0.0	0	[101.31916706450284, 135.18749416450592, 228.2795838770797, 605.0069438339486]	1.3023156898055688	0	0	0	0	0	0.17225000000000001	1.125	0	0
195	1.0	5.0	[2]	set()	6.969967429015485	6.1459287078578715	6.1563276759504735	0.0	0	[371.9652481377125]	0.6599933403811562	0	0	0	0	0	0.5	1.0	0	0
133	1.0	5.0	[3, 2, 3]	set()	3.791251434423116	3.304782551256011	3.357669375288922	0.0	0	[655.7808900251985, 812.6094990875572, 848.9050227217376]	0.9731381382509254	0	0	0	0	0	0.100875	0.25	0	0
71	1.0	5.0	[3, 3]	set()	5.397542216955534	5.183379763370732	5.134828162032212	0.0	0	[249.5666090399027, 801.1342771351337]	0.9957765466268924	0	0	0	0	0	0.31225	1.0	0	0
257	1.0	5.0	[3, 3, 2, 2]	set()	7.174724002625317	5.090723030647767	5.403764020330602	0.0	0	[79.44813603535295, 209.09129409119487, 270.592840847518, 609.4977231696248]	1.3714852342459407	0	0	0	0	0	0.312125	1.875	0	0
319	1.0	5.0	[3, 3]	set()	2.511484637640796	2.2697657743381394	2.2625421542754687	0.0	0	[561.1949164886028, 785.697060637176]	0.9896766988375407	0	0	0	0	0	0.429875	1.375	0	0
381	1.0	5.0	[3, 3]	set()	3.29640629800379	2.9417897935682475	2.9341682468329138	0.0	0	[258.543191710487, 528.841208666563]	1.0579167678612205	0	0	0	0	0	0.382	1.25	0	0
443	1.0	5.0	[2, 3, 2, 3]	set()	6.854392418529062	5.382450648600828	5.5079489686281775	0.0	0	[77.16555205329767, 517.4476931477012, 654.0106975007802, 860.0024178251986]	1.4314602148900186	0	0	0	0	0	0.14250000000000002	0.75	0	0
134	1.0	5.0	[2, 3]	set()	6.248069536711466	5.244065116681377	5.320192429821647	0.0	0	[53.22874803096056, 777.1145664155483]	0.7246041490216633	0	0	0	0	0	0.152875	0.5	0	0
9	1.0	5.0	[3, 2, 3, 3]	set()	6.115414598200566	4.333567650461201	4.473076574602849	0.0	0	[231.17314866997816, 292.55050374764323, 489.99955714680254, 736.4938433747739]	1.5268039158515994	0	0	0	0	0	0.408	2.0	0	0
196	1.0	5.0	[3, 3, 2]	set()	6.943875091090365	5.193103636944854	5.590424691485496	0.0	0	[20.39318143219848, 282.3682902380824, 533.7363898134129]	1.13315814471449	0	0	0	0	0	0.2525	1.125	0	0
320	1.0	5.0	[2, 3, 3]	set()	4.600545024085912	3.6985161896981236	3.7534413343171886	0.0	0	[425.5310317967087, 737.5062159606279, 796.1371588226465]	1.217490601269321	0	0	0	0	0	0.282875	1.25	0	0
72	1.0	5.0	[2, 3, 3, 3, 3]	set()	7.381103646543467	5.133810541381289	5.351596122642906	0.0	0	[24.107107194140557, 75.58550374490225, 82.4774014763534, 272.66952744685113, 535.8306753914803]	1.300059829250343	0	0	0	0	0	0.51025	3.375	0	0
135	1.0	5.0	[3, 3, 3, 3]	set()	4.256192972908774	3.145983816613195	3.141068441431684	0.0	0	[312.8295566421002, 371.1437917260376, 394.77918076153526, 576.503423275426]	1.2915371461043295	0	0	0	0	0	0.591	3.375	0	0
258	1.0	5.0	[3, 2, 3]	set()	8.392125005045102	6.7117977646717755	6.583471797967334	0.0	0	[253.5300636664033, 712.4687233715152, 941.8939114548266]	1.2084463967513148	0	0	0	0	0	0.046375	0.375	0	0
382	1.0	5.0	[3, 3, 3]	set()	8.071583444450988	6.046459103549182	5.897322402355296	0.0	0	[227.7731669601053, 559.1050064895518, 686.775288078934]	1.3293557821682978	0	0	0	0	0	0.2965	1.25	0	0
444	1.0	5.0	[3]	set()	3.5940852191038495	3.434630770237531	3.44998624756943	0.0	0	[348.701503360644]	0.6466391108813445	0	0	0	0	0	0.2935	0.625	0	0
10	1.0	5.0	[2, 3]	set()	3.8673035072135793	3.4976971760169255	3.5393477036883323	0.0	0	[100.42851883918048, 587.0176830794662]	0.9465441571094082	0	0	0	0	0	0.375	1.125	0	0
197	1.0	5.0	[3, 2, 2, 2]	set()	5.380479668651587	4.123499501511608	4.23940266590234	0.0	0	[153.84157374501228, 347.20826451666653, 532.9378556999465, 835.1292815059423]	1.57719406519313	0	0	0	0	0	0.375	1.875	0	0
136	1.0	5.0	[3]	set()	3.296671505510816	3.0025508939968497	3.067312469845415	0.0	0	[128.27343121170998]	0.38309134147819257	0	0	0	0	0	0.5	1.0	0	0
383	1.0	5.0	[3, 3, 3]	set()	3.789132317374213	3.1952091847552944	3.2612864073964816	0.0	0	[691.523848567158, 769.0261594850911, 821.526424959302]	0.9155630661980405	0	0	0	0	0	0.5512499999999999	2.375	0	0
445	1.0	5.0	[3, 3]	set()	3.9945950745927483	3.422897448630459	3.427466858642159	0.0	0	[705.6415122933686, 940.7694893889128]	0.7538019645916764	0	0	0	0	0	0.7206250000000001	2.125	0	0
73	1.0	5.0	[3, 3, 3, 3, 3]	set()	5.531975983472618	3.997052333300631	4.380546626833754	0.0	0	[316.7659853260556, 393.6456050723791, 841.5785047312135, 879.0651915457861, 898.3785952946919]	1.3528118722766782	0	0	0	0	0	0.56625	3.375	0	0
259	1.0	5.0	[3, 3]	set()	5.600910658977692	5.023143587756667	5.118773922268668	0.0	0	[26.714091189205647, 480.4374212399125]	0.7955293461677798	0	0	0	0	0	0.24825000000000003	1.0	0	0
321	1.0	5.0	[2, 2, 3]	set()	6.631183824684289	5.3250666241620195	5.490132778581405	0.0	0	[353.93422143533826, 752.7270861901343, 951.8864266574384]	1.2015864958453761	0	0	0	0	0	0.506125	2.125	0	0
11	1.0	5.0	[3, 3, 3, 2]	set()	6.185052697880099	3.9828706093516586	4.303640640884929	0.0	0	[113.11467457562684, 206.36495180745567, 476.53895430266857, 703.9393401087483]	1.518476004819242	0	0	0	0	0	0.1845	1.0	0	0
446	1.0	5.0	[3, 3, 3]	set()	4.139334185811089	3.080221946831657	3.3677163661426266	0.0	0	[48.70060575194657, 255.2567750681192, 995.6428149652448]	0.7191864111843967	0	0	0	0	0	0.40087500000000004	1.625	0	0
198	1.0	5.0	[3, 3, 3, 3]	set()	5.601254369173904	4.771599413696066	4.784050433649111	0.0	0	[54.14735013619065, 229.30891904979944, 600.1927317120135, 827.4378650821745]	1.4708093012094667	0	0	0	0	0	0.25987499999999997	1.5	0	0
137	1.0	5.0	[3, 3]	set()	4.580547579526306	4.014580706879766	4.114186063424751	0.0	0	[130.2871652878821, 779.2231306302111]	0.879646938104099	0	0	0	0	0	0.33775	1.25	0	0
447	1.0	5.0	[3]	set()	3.278831921579772	3.0259805484622992	3.1021962284218594	0.0	0	[50.64120516180992]	0.200398922400388	0	0	0	0	0	0.38125000000000003	0.875	0	0
260	1.0	5.0	[2, 3]	set()	5.481679025666503	3.7731792311564942	4.123242499425155	0.0	0	[590.7815161328166, 931.6024016588926]	0.8612635455645858	0	0	0	0	0	0.625	1.875	0	0
74	1.0	5.0	[3]	set()	4.461875130960477	4.130405170601483	4.118908980444555	0.0	0	[894.9194187298417]	0.33610485447114136	0	0	0	0	0	0.26325	0.625	0	0
199	1.0	5.0	[2]	set()	6.427776354000217	5.201480800488887	5.17306688349699	0.0	0	[298.0370703153312]	0.609191930418917	0	0	0	0	0	0.25	0.5	0	0
322	1.0	5.0	[2, 3, 2, 2, 3, 2, 2]	set()	7.437152613517523	4.390389562723793	4.5884422592108445	0.0	0	[70.84608997292574, 115.77066453173757, 233.32959157414732, 292.87281446158886, 350.46415503891023, 701.7789672199152, 864.0938240490945]	1.8448366487488292	0	0	0	0	0	0.220625	1.625	0	0
384	1.0	5.0	[2, 3, 2, 2, 3, 2]	set()	9.602959124953976	8.433854827226	8.53770567607517	0.0	0	[23.88540143147111, 40.774356573820114, 424.3542109616101, 595.0023978948593, 744.4936274550855, 766.0594154149294]	1.534099784469608	0	0	0	0	0	0.37999999999999995	2.875	0	0
12	1.0	5.0	[3]	set()	2.844093977591032	2.534592560116055	2.457608603063214	0.0	0	[67.22573912702501]	0.2464029459020215	0	0	0	0	0	0.125	0.25	0	0
138	1.0	5.0	[3, 3]	set()	7.71448035269497	6.554066028021489	6.539988106361414	0.0	0	[85.73014442497362, 630.9655907098204]	0.9091838630068676	0	0	0	0	0	0.20375	0.625	0	0
200	1.0	5.0	[3]	set()	4.100940103688156	3.842541374141943	3.8724047972923565	0.0	0	[210.9893984161317]	0.5152646028179644	0	0	0	0	0	0.5	1.0	0	0
261	1.0	5.0	[2, 2, 2]	set()	7.334383286278795	5.619924008813822	5.903614343325982	0.0	0	[173.2295882138758, 240.9950004305985, 739.6432473324239]	1.1834489426857884	0	0	0	0	0	0.125	0.5	0	0
75	1.0	5.0	[3, 3, 3]	set()	5.076570467939009	3.6402027073698298	3.6059661539297236	0.0	0	[50.98969931714237, 129.61542303673923, 490.6434407457709]	1.063132444290518	0	0	0	0	0	0.68875	2.625	0	0
448	1.0	5.0	[3, 2, 3]	set()	5.711298852111551	4.252347371241751	4.528871920512569	0.0	0	[439.7859536111355, 888.3230148348957, 919.8769577778876]	1.032188705609666	0	0	0	0	0	0.260125	1.125	0	0
13	1.0	5.0	[3, 2, 2, 3]	set()	4.984197007371306	3.6278313075782447	3.779412699231799	0.0	0	[48.12462255358696, 121.55621187442112, 289.40209350548685, 430.6132383644581]	1.2344203028191192	0	0	0	0	0	0.20224999999999999	0.875	0	0
385	1.0	5.0	[2, 3, 3, 3]	set()	6.859670402611019	5.096742653734767	4.872250881609264	0.0	0	[338.0732403602451, 441.057663410902, 530.6057418250863, 989.2096454277636]	1.2232012651451576	0	0	0	0	0	0.18012499999999998	0.875	0	0
323	1.0	5.0	[3, 3, 2, 3, 2]	set()	7.220496193325634	4.527513361608849	5.016581631496378	0.0	0	[15.13926894403994, 223.09602773748335, 235.8343257865752, 309.49502000779324, 802.1272677772848]	1.3070878715059644	0	0	0	0	0	0.125	0.75	0	0
139	1.0	5.0	[3]	set()	3.4075389629415427	3.2610204662454096	3.2568769604749304	0.0	0	[129.42598713561893]	0.38529407304262103	0	0	0	0	0	0.28225	0.75	0	0
201	1.0	5.0	[2, 3, 3, 3, 3]	set()	5.536772261877395	3.831858137505084	3.9254646637360677	0.0	0	[214.2891340776265, 542.2549727372825, 567.8993897243325, 755.7381305567434, 906.5225783269852]	1.6105881381058933	0	0	0	0	0	0.13025	1.125	0	0
386	1.0	5.0	[3, 3, 3]	set()	3.444535834719348	3.03468225910375	3.0807707186213973	0.0	0	[232.46316658332944, 656.5132103688604, 931.0542564830304]	1.2422410218978865	0	0	0	0	0	0.572	2.375	0	0
262	1.0	5.0	[3, 2, 3, 3, 3]	set()	5.986358418337691	4.455310302691869	4.412240085363115	0.0	0	[181.60938331857324, 516.867320642949, 605.4023174550708, 625.7536397315562, 901.433202682572]	1.5536950648101404	0	0	0	0	0	0.281	1.75	0	0
449	1.0	5.0	[2, 2, 3, 2]	set()	5.894859207612462	4.479599687499623	4.561496501095099	0.0	0	[218.84259511716664, 394.4413914531784, 778.0093485489488, 801.6290522735478]	1.414882896762443	0	0	0	0	0	0.34724999999999995	1.625	0	0
14	1.0	5.0	[2, 3, 3, 3]	set()	4.495170866997444	3.291932197286795	3.2669355128688835	0.0	0	[189.4334758410744, 370.7251194864512, 772.7196172843634, 970.0282354487716]	1.4164456044174778	0	0	0	0	0	0.1325	0.875	0	0
76	1.0	5.0	[3, 3, 2, 3, 2]	set()	7.90085032295659	6.159975508321859	5.772479974461026	0.0	0	[49.59044011310842, 107.62778483331203, 144.85400324725984, 796.6646489221603, 935.9319228257434]	1.1662510770813004	0	0	0	0	0	0.216125	2.0	0	0
324	1.0	5.0	[3, 2, 2, 3, 3]	set()	7.051069539940356	4.670011773878203	4.9335927984732955	0.0	0	[294.5653162896633, 361.8967130927669, 409.2805998659532, 868.1514640338719, 989.606579860224]	1.3471679877187879	0	0	0	0	0	0.5731249999999999	3.5	0	0
202	1.0	5.0	[3]	set()	2.1990875923457636	2.0372941216721547	2.0755044440051216	0.0	0	[879.8146469052881]	0.3672941317726437	0	0	0	0	0	0.5	1.0	0	0
140	1.0	5.0	[3, 3]	set()	5.192442444392238	4.792858024711654	4.7635846939213655	0.0	0	[887.0970325702199, 982.705683913082]	0.40088513847208507	0	0	0	0	0	0.02825	0.5	0	0
387	1.0	5.0	[3, 3]	set()	3.244329400397009	2.741355153666594	2.7423798274739157	0.0	0	[357.8253467567265, 667.7701277658343]	1.0968915034086018	0	0	0	0	0	0.169625	0.5	0	0
450	1.0	5.0	[3, 3, 3, 3, 3]	set()	6.891072213226676	4.713191418340828	4.675714545064418	0.0	0	[292.1516392379999, 315.0305987801403, 525.1022356096655, 829.6820556819466, 969.5841337088495]	1.5171783696106398	0	0	0	0	0	0.25	1.5	0	0
263	1.0	5.0	[3, 3, 3, 3]	set()	5.122378908347339	3.831007483670362	3.8123087756631646	0.0	0	[207.72067876532677, 411.2269773416286, 717.1280616894364, 776.7892359831857]	1.515702235357561	0	0	0	0	0	0.38449999999999995	2.0	0	0
15	1.0	5.0	[3, 3]	set()	4.829989520118987	4.386278945183391	4.251799409895725	0.0	0	[1.83676416054368, 272.7530967997637]	0.5969933635860473	0	0	0	0	0	0.15912500000000002	0.75	0	0
77	1.0	5.0	[3, 3, 3, 3]	set()	8.218218643562388	5.729335735561375	6.29003705071135	0.0	0	[336.7503890767693, 587.8365705960153, 653.4176860042427, 813.6411567433208]	1.4986849671011448	0	0	0	0	0	0.209	0.875	0	0
141	1.0	5.0	[2]	set()	4.536939380804639	4.371951345708118	4.356774221640237	0.0	0	[8.770715445280075]	0.05027320295475747	0	0	0	0	0	0.375	0.75	0	0
203	1.0	5.0	[3]	set()	5.904088840344104	5.18044232211952	5.153538835890161	0.0	0	[585.9102674294263]	0.678312530455913	0	0	0	0	0	0.176875	0.375	0	0
325	1.0	5.0	[3, 2, 3, 2, 3]	set()	7.081093874081089	4.12189554047336	4.678362024199408	0.0	0	[112.81822924502194, 164.94103707373142, 509.9842632189393, 568.6392499114263, 859.2731626704335]	1.5687412496780992	0	0	0	0	0	0.24637499999999996	1.5	0	0
388	1.0	5.0	[3]	set()	3.1719198943252422	3.0411508168685035	3.045688223145935	0.0	0	[676.7249871045351]	0.6293134686635011	0	0	0	0	0	0.4155	0.875	0	0
16	1.0	5.0	[3, 3]	set()	3.7536765061690853	3.2722946116142846	3.315436984238325	0.0	0	[213.23640225455165, 666.4055143725465]	1.0544342223837413	0	0	0	0	0	0.625	1.875	0	0
78	1.0	5.0	[2, 3, 3]	set()	4.653705059682049	3.7827972802691985	3.8175810151478577	0.0	0	[177.69017517475615, 729.2315955273807, 870.3411039809228]	1.1763828257915505	0	0	0	0	0	0.06775	0.5	0	0
264	1.0	5.0	[3, 3, 3, 3, 2, 3]	set()	6.788445656017055	4.7051033780455525	4.743343634315741	0.0	0	[21.78299584167109, 132.54779435510588, 658.1223156647917, 678.4809216751379, 721.225127344951, 946.0068616329852]	1.372308051190551	0	0	0	0	0	0.144875	1.75	0	0
204	1.0	5.0	[3, 3]	set()	3.9363409834008074	2.8223631435511303	2.901870373928399	0.0	0	[18.273916095495224, 49.945080652832985]	0.23115376746868727	0	0	0	0	0	0.50225	1.625	0	0
451	1.0	5.0	[3, 2, 3, 3, 2]	set()	6.949101046907892	4.585714216118258	5.196011030743337	0.0	0	[108.01399452611804, 197.3437697529593, 493.4654529206455, 555.9302608016878, 772.2813395822756]	1.6578977996291366	0	0	0	0	0	0.131	0.875	0	0
142	1.0	5.0	[3, 3, 3, 3]	set()	4.612863390264803	3.424424160905383	3.5107138811180936	0.0	0	[118.98293090052904, 230.7611566502601, 373.7856450024992, 762.1836131334305]	1.4852489131818367	0	0	0	0	0	0.361875	2.125	0	0
326	1.0	5.0	[3]	set()	6.7203124688617875	6.096810356758422	6.100547642967792	0.0	0	[392.430673353374]	0.6698229486375677	0	0	0	0	0	0.049	0.125	0	0
389	1.0	5.0	[3, 3, 3, 3]	set()	5.992542056788658	4.2704524981714815	4.481080174339389	0.0	0	[3.1230247113853693, 31.814455520361665, 206.35425252839923, 807.3921600789466]	1.0478124129500959	0	0	0	0	0	0.27925	1.75	0	0
17	1.0	5.0	[3]	set()	3.493544479050713	3.440353482590668	3.447774006959448	0.0	0	[215.30043659731743]	0.5208951962824517	0	0	0	0	0	0.205625	0.625	0	0
79	1.0	5.0	[3]	set()	1.7687402857056016	1.722083898905719	1.6868350370076157	0.0	0	[225.76581640169024]	0.5341092935455283	0	0	0	0	0	0.625	1.25	0	0
265	1.0	5.0	[3, 3, 3]	set()	3.5403960607877183	2.5197262227684614	2.7163859712217255	0.0	0	[541.6387693218869, 925.066723721102, 961.2107314169408]	0.9457214306479111	0	0	0	0	0	0.148625	1.125	0	0
452	1.0	5.0	[2, 3]	set()	5.259357427640311	4.353764014618275	4.502166582567033	0.0	0	[853.9666773285717, 968.3482581749558]	0.4921059809436668	0	0	0	0	0	0.262	1.125	0	0
143	1.0	5.0	[3]	set()	2.198901576169857	1.9843128669199137	2.0622810531429554	0.0	0	[996.2287340313196]	0.024809109220336127	0	0	0	0	0	0.25	0.5	0	0
205	1.0	5.0	[3, 3, 2, 3, 3, 3]	set()	9.474670253574013	6.481809004563593	6.823553968387772	0.0	0	[26.588037074829263, 30.03544492329624, 52.857832439794805, 180.63551084671525, 383.80693597719073, 886.0687334090471]	1.3823034439597905	0	0	0	0	0	0.349625	2.5	0	0
327	1.0	5.0	[3, 3, 3, 3]	set()	5.209685939179838	4.092898418999737	3.978304533785501	0.0	0	[318.4301926863542, 344.162927918652, 568.589246366173, 878.716474979262]	1.4128685274782578	0	0	0	0	0	0.45175000000000004	2.5	0	0
390	1.0	5.0	[3, 2, 3]	set()	5.5656673298657875	4.73631336563947	4.830664294687921	0.0	0	[405.7980924844742, 506.6268609371036, 561.8974828605596]	1.1189276220863151	0	0	0	0	0	0.175625	0.625	0	0
80	1.0	5.0	[3, 3, 3]	set()	3.1474915402815142	2.4556376934646624	2.5787474781323882	0.0	0	[5.102597177028656, 394.640138968005, 954.8603822477162]	0.8586336773116937	0	0	0	0	0	0.13262500000000002	1.0	0	0
18	1.0	5.0	[3, 3]	set()	4.699535421987488	4.482478221558954	4.5334520187462735	0.0	0	[168.61162148416042, 661.1409895122051]	1.015668541535608	0	0	0	0	0	0.167	0.625	0	0
266	1.0	5.0	[3]	set()	3.0691767708265325	2.7722560000556595	2.7430961656837205	0.0	0	[995.4851483926176]	0.028886571975759362	0	0	0	0	0	0.375	0.75	0	0
453	1.0	5.0	[3]	set()	2.8370931818447946	2.3523917552572926	2.5282300522222365	0.0	0	[20.609623985365037]	0.10040227258050949	0	0	0	0	0	0.38	1.0	0	0
206	1.0	5.0	[3, 2]	set()	4.3595632688524795	3.1872872509458	3.15957443134468	0.0	0	[577.036265283823, 737.519578076899]	0.9619864300454561	0	0	0	0	0	0.302875	1.0	0	0
328	1.0	5.0	[3]	set()	2.0549346223677043	2.0034264052988924	2.01024714526929	0.0	0	[272.3605087958276]	0.5855925463236937	0	0	0	0	0	0.534	1.125	0	0
267	1.0	5.0	[3, 3, 3]	set()	2.900220679718811	2.2851200377617573	2.221431139253358	0.0	0	[174.43639342058526, 341.48722887039185, 923.1309059748028]	1.115940693187384	0	0	0	0	0	0.49037499999999995	1.875	0	0
391	1.0	5.0	[3, 3]	set()	4.406920245887417	3.5140155743864527	3.574128561342767	0.0	0	[225.86976503953335, 277.7670817449689]	0.7246059650260424	0	0	0	0	0	0.284625	1.0	0	0
19	1.0	5.0	[3]	set()	6.922802014699181	6.8359278144070394	6.868998681174444	0.0	0	[6.209671497344971]	0.03774571175079079	0	0	0	0	0	0.3765	1.0	0	0
144	1.0	5.0	[2, 2, 3, 3, 3, 3, 3, 3]	set()	8.646692525336341	5.484345641482292	6.084278111404027	0.0	0	[23.680261336266994, 255.65391938643776, 330.45046543702483, 531.0849935625215, 567.0145121342358, 688.610902052785, 764.5774848033806, 886.7683256976306]	2.0188412361795303	0	0	0	0	0	0.35612499999999997	3.5	0	0
454	1.0	5.0	[3, 3]	set()	6.263653060327454	5.222650344856802	5.242034508296936	0.0	0	[112.47668601572514, 178.49879106506705]	0.5867203208281208	0	0	0	0	0	0.36675	1.0	0	0
81	1.0	5.0	[3, 3, 2, 3, 3]	set()	6.033515848037533	4.823558443485919	4.7202322082404145	0.0	0	[541.4567738771439, 663.6938759785124, 782.3923901789622, 824.6272467076778, 827.2928639958739]	1.294816580832535	0	0	0	0	0	0.546	3.0	0	0
207	1.0	5.0	[3, 2]	set()	4.070805224691155	3.402709851907333	3.4664363739411934	0.0	0	[499.49387157144986, 846.3963926769793]	1.0017562364905737	0	0	0	0	0	0.062625	0.25	0	0
329	1.0	5.0	[2, 3, 3, 3, 3]	set()	6.926784137369442	4.972148796696402	5.234464702523107	0.0	0	[323.63626174628735, 584.1298958708738, 778.4711851272732, 803.7316452246159, 915.2815509587526]	1.5805759350645145	0	0	0	0	0	0.4405	2.5	0	0
392	1.0	5.0	[3, 3]	set()	4.144116578898662	3.794663504779723	3.805707389714563	0.0	0	[476.1171340942383, 754.1364612989128]	1.0541464178551356	0	0	0	0	0	0.40575	1.25	0	0
268	1.0	5.0	[3]	set()	4.2112928419831155	3.717863304853785	3.843679995601518	0.0	0	[892.1694972086698]	0.34195530163979004	0	0	0	0	0	0.1385	0.375	0	0
20	1.0	5.0	[3, 2]	set()	3.060381814028627	2.5859202075619154	2.561895512533856	0.0	0	[226.57485407638245, 552.5726582854986]	1.0616300086548875	0	0	0	0	0	0.25	0.75	0	0
145	1.0	5.0	[3]	set()	4.12309593688531	3.90089002138196	3.908841488220227	0.0	0	[987.0666656643152]	0.06908279122938005	0	0	0	0	0	0.25	0.5	0	0
455	1.0	5.0	[3, 2, 3]	set()	3.958709360598517	3.4511204621492335	3.3491739695953826	0.0	0	[463.6762142181397, 712.7687782679226, 958.9735791087152]	1.1786865161410298	0	0	0	0	0	0.2605	1.25	0	0
330	1.0	5.0	[3, 3, 3]	set()	4.3532323589338775	3.5109976116454495	3.401464492891524	0.0	0	[164.25462927093238, 820.2332649379969, 838.3560102130043]	0.9405338563792351	0	0	0	0	0	0.3525	1.25	0	0
82	1.0	5.0	[3, 3, 3, 2, 3, 2, 3]	set()	9.915875048368664	6.991281606949766	7.089454359464076	0.0	0	[75.89826833746427, 144.2858106456697, 365.82486148473504, 486.54741581103497, 671.1306176117124, 722.4601973019467, 781.1907893046737]	1.93156638358626	0	0	0	0	0	0.45737500000000003	3.625	0	0
393	1.0	5.0	[3]	set()	2.3191182731454094	2.1116646266126997	2.120286662302116	0.0	0	[676.2606091797352]	0.6296560404871039	0	0	0	0	0	0.375	0.75	0	0
208	1.0	5.0	[3, 2, 2, 2]	set()	8.330470265945674	6.117711741466623	6.413760359822017	0.0	0	[4.706282401457429, 61.1670957878232, 437.4275433365256, 510.33611415712056]	1.0958374792158185	0	0	0	0	0	0.001	0.25	0	0
456	1.0	5.0	[3, 2, 3]	set()	7.1290825066025985	5.393521562161836	5.580361520557302	0.0	0	[9.010570822283626, 555.4964595027795, 967.5678131170572]	0.8491689291550243	0	0	0	0	0	0.13325	0.75	0	0
269	1.0	5.0	[2, 2]	set()	5.348961988759886	4.096953063348592	4.140175486705113	0.0	0	[248.0968075803096, 563.994100317359]	1.07177991538707	0	0	0	0	0	0.125	0.375	0	0
83	1.0	5.0	[3]	set()	1.6985040114071146	1.6062721956745492	1.595951533257201	0.0	0	[668.4880889952183]	0.6352441831637574	0	0	0	0	0	0.1665	0.375	0	0
209	1.0	5.0	[3]	set()	5.525907702049732	5.4263459902396285	5.4231089165180215	0.0	0	[243.53424669243395]	0.5551196554642943	0	0	0	0	0	0.75	1.5	0	0
21	1.0	5.0	[3]	set()	4.2697350668631655	3.8951205569395673	3.9106955694038548	0.0	0	[537.1150264982134]	0.6903895944821847	0	0	0	0	0	0.307875	0.625	0	0
331	1.0	5.0	[2, 2, 3, 2]	set()	7.6860730501289165	5.421296917100275	5.637656378460544	0.0	0	[154.71215406432748, 354.7164178453386, 550.9327901527286, 628.7878341972828]	1.4967790191667143	0	0	0	0	0	0.06875	0.375	0	0
394	1.0	5.0	[3, 2, 3, 2]	set()	6.046766044160716	4.741957866943284	4.681282516554288	0.0	0	[216.63946660771228, 232.4280175767286, 255.2528656087816, 573.3933157373909]	1.21090609890287	0	0	0	0	0	0.147125	0.5	0	0
146	1.0	5.0	[3, 2, 2, 3, 3, 2, 2, 3]	set()	13.304936718192058	6.259299156736715	8.25298706768696	0.0	0	[31.672287881468364, 180.1129403747126, 364.4125190320864, 474.0086908468819, 623.2137910292348, 636.4772126544267, 744.5716282180493, 966.01489281045]	1.9769492554984252	0	0	0	0	0	0.19425	1.875	0	0
22	1.0	5.0	[3, 2]	set()	2.7419642792632386	2.4134471096354355	2.3843137819282867	0.0	0	[92.48243275979262, 93.71307119727136]	0.31759988229713365	0	0	0	0	0	0.3865	1.25	0	0
457	1.0	5.0	[2, 3, 3]	set()	4.568569562816778	3.2367152359995015	3.5072379487900647	0.0	0	[143.11019705718397, 580.3590901196003, 867.7357328124344]	1.2658537051686352	0	0	0	0	0	0.319125	1.375	0	0
270	1.0	5.0	[3]	set()	4.826123055452821	4.674421733222584	4.669396251221614	0.0	0	[436.4346154034138]	0.6850441542159664	0	0	0	0	0	0.25	0.5	0	0
210	1.0	5.0	[3, 3]	set()	3.321041060080682	3.0941738662488003	3.113460411951283	0.0	0	[450.7481846958399, 661.889529787004]	1.0541910233445826	0	0	0	0	0	0.292375	0.875	0	0
395	1.0	5.0	[3]	set()	2.994567559275995	2.6089506028028757	2.662372415817418	0.0	0	[192.91872717440128]	0.49042757939752624	0	0	0	0	0	0.14900000000000002	0.375	0	0
84	1.0	5.0	[3]	set()	6.909906172435977	6.806576260813064	6.812480634460727	0.0	0	[438.7558214366436]	0.685626609759268	0	0	0	0	0	0.2655	0.5	0	0
332	1.0	5.0	[3, 3]	set()	4.515684750410274	4.25409660900889	4.297743721723801	0.0	0	[666.9354968127408, 898.1608217582107]	0.8413852949133843	0	0	0	0	0	0.27925	1.25	0	0
147	1.0	5.0	[3, 3]	set()	4.340327690725399	3.7691574002901707	3.8706047920937765	0.0	0	[69.49738878756762, 377.9128766618669]	0.8433931413824491	0	0	0	0	0	0.529875	1.5	0	0
211	1.0	5.0	[2]	set()	2.154221123691165	2.0872280778906585	2.0938814027470767	0.0	0	[709.2201029881835]	0.6028485136911995	0	0	0	0	0	0.625	1.25	0	0
458	1.0	5.0	[2, 2, 3]	set()	4.524291010094703	3.719926163973995	3.731967772366768	0.0	0	[411.9238753337413, 810.9738277346836, 854.5158226042986]	1.1488468491602895	0	0	0	0	0	0.125	0.5	0	0
23	1.0	5.0	[2, 2, 2]	set()	10.382482674070665	7.785023637149477	7.54513668314047	0.0	0	[191.06613961048424, 502.7029579505325, 993.1227047927678]	1.063249623010145	0	0	0	0	0	0.5	2.0	0	0
396	1.0	5.0	[2, 3, 3]	set()	4.5312128390788375	3.8320465554128442	3.852666748524443	0.0	0	[117.43097263388336, 197.3405701573938, 514.5281660370529]	1.1684791362960154	0	0	0	0	0	0.5607500000000001	2.125	0	0
85	1.0	5.0	[3, 3]	set()	4.758078191161247	3.9122149786749563	3.9875626405353075	0.0	0	[323.7767880782485, 995.1678784564136]	0.6583750619767796	0	0	0	0	0	0.166	0.625	0	0
333	1.0	5.0	[2, 2]	set()	4.1388541995483745	3.529511761567736	3.5264998371969116	0.0	0	[382.61984084468304, 469.1904617939144]	0.9155978240821472	0	0	0	0	0	0.5	1.5	0	0
271	1.0	5.0	[2, 3, 3, 2, 3, 3, 2, 3]	set()	6.415744029859104	4.935704046385883	4.888772954637882	0.0	0	[42.43218805640936, 568.4693471309118, 576.4312052905099, 719.8464457725755, 841.5055308750057, 874.9161657944073, 887.2226876054763, 966.0262111574413]	1.5280770698168418	0	0	0	0	0	0.250125	2.25	0	0
148	1.0	5.0	[3]	set()	5.4722765896911305	5.266205025299034	5.325961890428639	0.0	0	[170.80672830343246]	0.45716308011006035	0	0	0	0	0	0.2925	0.75	0	0
212	1.0	5.0	[3]	set()	3.1130457410974985	2.955049172424346	2.851377940424026	0.0	0	[207.43387402035296]	0.5105368390387452	0	0	0	0	0	0.077625	0.375	0	0
459	1.0	5.0	[3, 3, 3]	set()	6.879977437072258	5.441076793309	5.768751222432519	0.0	0	[58.93310159444809, 269.3751365877688, 489.38791640102863]	1.1711638496657464	0	0	0	0	0	0.048125	0.5	0	0
24	1.0	5.0	[2]	set()	3.042807379019398	2.9069146510402177	2.9022447531441653	0.0	0	[530.7507738471031]	0.691254766330134	0	0	0	0	0	0.625	1.25	0	0
397	1.0	5.0	[3]	set()	3.4835125050073277	3.1496785743835103	3.2276388939234337	0.0	0	[142.5157538615167]	0.40950415510851906	0	0	0	0	0	0.25	0.5	0	0
334	1.0	5.0	[3]	set()	2.448852469489384	2.1889435498057717	2.181812048609406	0.0	0	[85.93832585029304]	0.2930384791733179	0	0	0	0	0	0.5	1.0	0	0
86	1.0	5.0	[3, 3, 3]	set()	4.294098291597917	3.5466066253185895	3.501514116816022	0.0	0	[121.44766515718518, 523.1901882996337, 994.702105410397]	1.0046624601739749	0	0	0	0	0	0.18387499999999998	0.625	0	0
213	1.0	5.0	[3]	set()	2.843028723353657	2.7136411138145125	2.730585689590981	0.0	0	[373.6620880663395]	0.6608759779527402	0	0	0	0	0	0.65675	1.25	0	0
460	1.0	5.0	[3, 2]	set()	3.087821122368922	2.913014800467899	2.8177660730709144	0.0	0	[713.3009673417989, 924.4648306630552]	0.7644945597146325	0	0	0	0	0	0.41087499999999993	1.375	0	0
25	1.0	5.0	[3]	set()	4.056505540058445	3.550870554077289	3.5553140970873107	0.0	0	[432.6009666547179]	0.684034205242566	0	0	0	0	0	0.25	0.5	0	0
149	1.0	5.0	[2, 2, 3, 2]	set()	7.458283092997457	4.56295756928861	4.75625538393442	0.0	0	[536.8664236739278, 580.959658138454, 653.4629752859473, 984.3136128038168]	1.092952860354525	0	0	0	0	0	0.206625	1.0	0	0
87	1.0	5.0	[3]	set()	1.4708447912215576	1.3147014858914192	1.305765092710667	0.0	0	[580.8695871382952]	0.680009768208	0	0	0	0	0	0.4275	0.875	0	0
214	1.0	5.0	[3, 3, 3]	set()	3.1796006494711198	2.3912808217710433	2.582794098800933	0.0	0	[306.146356238739, 490.19694700837135, 644.5644870400429]	1.3299866200050914	0	0	0	0	0	0.39425000000000004	1.625	0	0
26	1.0	5.0	[3]	set()	5.165728819202762	4.4354435073971406	4.683981577674487	0.0	0	[16.3415870629251]	0.0834373066124076	0	0	0	0	0	0.002	0.125	0	0
398	1.0	5.0	[3, 3]	set()	4.135618326362109	3.9203856550549445	3.6704771838817143	0.0	0	[63.16456384956837, 221.94251883775]	0.6619094935885618	0	0	0	0	0	0.2855	1.125	0	0
215	1.0	5.0	[3]	set()	3.365279683872018	3.1954957192149553	3.15622250922089	0.0	0	[254.52261604368687]	0.5672494190151176	0	0	0	0	0	0.125	0.25	0	0
150	1.0	5.0	[3]	set()	5.079964756825124	4.879807882195186	4.907883438075835	0.0	0	[355.05339317023754]	0.6505188859587164	0	0	0	0	0	0.28625	0.5	0	0
461	1.0	5.0	[3, 3, 2, 2, 2, 3]	set()	7.831397274158176	5.58584051886044	5.439931833334384	0.0	0	[104.38958429294632, 214.95629427954557, 485.21854169666767, 623.8017950672656, 642.2529753763229, 885.689808987081]	1.7723856772945952	0	0	0	0	0	0.20725000000000002	1.625	0	0
272	1.0	5.0	[2, 2, 2, 2, 2, 3, 3]	set()	10.32598368582974	6.405983167937269	6.667730278366885	0.0	0	[12.643687892705202, 97.68676886757976, 211.72156837601847, 237.80843941494825, 267.653563991189, 478.41253504157066, 879.3645610567182]	1.662122395681553	0	0	0	0	0	0.465	4.0	0	0
335	1.0	5.0	[2, 3, 3]	set()	5.8437062070641215	4.778465148758583	4.796639188532106	0.0	0	[477.8231112286449, 878.5427454859018, 949.8581876978278]	1.0577227977313148	0	0	0	0	0	0.26525	1.25	0	0
88	1.0	5.0	[3]	set()	5.904488214201887	5.316710149782546	5.324048339200546	0.0	0	[182.0993246510625]	0.4745619080778878	0	0	0	0	0	0.39775000000000005	0.875	0	0
399	1.0	5.0	[3]	set()	2.489831849291467	2.457062364489213	2.457071960397484	0.0	0	[490.3353522531688]	0.6929603580933035	0	0	0	0	0	0.56125	1.125	0	0
27	1.0	5.0	[3]	set()	5.7972125197233595	5.366602084236032	5.268034343254955	0.0	0	[689.2043326515704]	0.6197358140579304	0	0	0	0	0	0.25	0.5	0	0
273	1.0	5.0	[3, 3]	set()	4.011665684167481	3.1767963749809494	3.5126923823013123	0.0	0	[269.2754075474241, 295.06087000481784]	0.6940942815846488	0	0	0	0	0	0.165125	0.75	0	0
216	1.0	5.0	[3]	set()	5.752065884369294	5.232935272672767	5.28453122028141	0.0	0	[118.61063819378614]	0.36414761445315935	0	0	0	0	0	0.48525	0.875	0	0
462	1.0	5.0	[2, 3, 3]	set()	4.430278732615303	3.600797984635766	3.6212090521000944	0.0	0	[46.38034990057349, 223.03447877524096, 928.4328669309616]	0.8835791142410763	0	0	0	0	0	0.420875	2.0	0	0
336	1.0	5.0	[3]	set()	6.228080934749347	5.591120123673036	5.691041434717068	0.0	0	[371.7122587841004]	0.6598606888020835	0	0	0	0	0	0.25	0.5	0	0
89	1.0	5.0	[2, 2]	set()	4.703139433755278	3.9996146531606493	3.9983399597132463	0.0	0	[209.7296207211912, 887.2844974976033]	0.83737783501122	0	0	0	0	0	0.25	0.75	0	0
151	1.0	5.0	[2, 3, 2, 3, 3]	set()	8.600729565396822	6.747654551538998	6.681713502686499	0.0	0	[53.80550562404096, 209.1768896969728, 578.9879932999611, 851.1189566925168, 962.2232597321272]	1.5364638456326267	0	0	0	0	0	0.37975000000000003	2.375	0	0
400	1.0	5.0	[3, 3]	set()	4.641701307549317	3.573126486037875	3.788265365083607	0.0	0	[301.54056245113514, 962.3674885369836]	0.7586888577119273	0	0	0	0	0	0.375	1.125	0	0
28	1.0	5.0	[3, 3, 3]	set()	4.285168046480248	3.5981137151103337	3.632991359341838	0.0	0	[290.0934518080609, 370.2387774828821, 507.5428988784552]	1.1827417840003924	0	0	0	0	0	0.42662500000000003	1.5	0	0
217	1.0	5.0	[3, 3, 3]	set()	4.826791765111552	4.340497948537587	4.417422055610214	0.0	0	[303.9383552968502, 834.8059782733053, 962.9576951487736]	1.0835104156975284	0	0	0	0	0	0.21575	1.25	0	0
274	1.0	5.0	[2, 3, 3, 3]	set()	4.098307081892866	3.133819991298589	3.308969238254174	0.0	0	[111.56026141345744, 384.6927103586495, 794.9490430764854, 979.267256334424]	1.356731065428089	0	0	0	0	0	0.473625	2.5	0	0
463	1.0	5.0	[2]	set()	3.512375585892398	3.4363861815673564	3.418765707799089	0.0	0	[217.40654855966568]	0.5236058636252074	0	0	0	0	0	0.125	0.25	0	0
337	1.0	5.0	[3, 2]	set()	2.981768729445691	2.4097348062364956	2.438872965180537	0.0	0	[319.4209826178849, 329.91420846873075]	0.6806241383596481	0	0	0	0	0	0.210125	0.625	0	0
152	1.0	5.0	[3]	set()	2.8827241650681783	2.7189830568378373	2.714468202385427	0.0	0	[220.4849161207676]	0.5275210186698134	0	0	0	0	0	0.2775	0.625	0	0
90	1.0	5.0	[3, 3, 3, 3, 2, 3]	set()	10.1811635314867	8.027611013688373	7.7361876058481975	0.0	0	[102.5097177672294, 285.21232889033854, 295.03777669742703, 317.75240147464376, 526.6839483859909, 808.6425720248371]	1.6759851763394091	0	0	0	0	0	0.209125	1.625	0	0
401	1.0	5.0	[3, 2, 3]	set()	7.706460028903087	5.460028891786442	5.7107170105649745	0.0	0	[45.83092033863068, 98.23458506072046, 923.2961065135896]	0.6514318005667332	0	0	0	0	0	0.01525	0.25	0	0
464	1.0	5.0	[3, 3]	set()	3.3528788750787704	2.807769086675275	2.838130169050341	0.0	0	[606.5971129573882, 838.115671183914]	0.9367366397528084	0	0	0	0	0	0.74125	2.25	0	0
275	1.0	5.0	[3]	set()	4.579298344258733	4.13497100485364	4.311939075463549	0.0	0	[960.9329923987387]	0.1649676279077447	0	0	0	0	0	0.505	1.125	0	0
218	1.0	5.0	[3, 2]	set()	4.4067519795849295	3.6020692813587454	3.786808648954646	0.0	0	[315.3138312045485, 592.7895528730005]	1.0855091218494324	0	0	0	0	0	0.25	0.75	0	0
29	1.0	5.0	[3]	set()	5.859722544573213	5.803302681961705	5.8032841849207495	0.0	0	[481.16288194432855]	0.6924373385521968	0	0	0	0	0	0.25	0.5	0	0
153	1.0	5.0	[3]	set()	2.492986812421025	2.330033356236685	2.324532233809064	0.0	0	[449.5351954828948]	0.688045104589511	0	0	0	0	0	0.681125	1.375	0	0
338	1.0	5.0	[3, 3, 3, 3]	set()	4.724729848540842	3.863249486907104	4.012063133275228	0.0	0	[452.81766820698977, 466.7622009292245, 619.9772674590349, 661.5306083112955]	1.2045934968610157	0	0	0	0	0	0.428	2.0	0	0
465	1.0	5.0	[3]	set()	2.3391006180131493	2.167779850494383	2.2084140086536537	0.0	0	[80.99095849320292]	0.2811829901137226	0	0	0	0	0	0.625	1.25	0	0
91	1.0	5.0	[3, 2, 3]	set()	13.220308128355816	9.989375077944855	9.86308520549121	0.0	0	[230.12290152305025, 351.9520231801454, 761.4353578537703]	1.3020514872367381	0	0	0	0	0	0.34625	1.375	0	0
276	1.0	5.0	[3, 3, 3]	set()	4.400469526790956	3.7828486878065624	3.7411745864719776	0.0	0	[373.13215457834303, 491.43314687535167, 927.3985703185112]	1.1727103777772219	0	0	0	0	0	0.471625	2.125	0	0
402	1.0	5.0	[3, 3]	set()	4.647219493279412	4.062640307884129	4.020545115473367	0.0	0	[644.7616554796696, 961.7591183632612]	0.7719681760021221	0	0	0	0	0	0.411	1.0	0	0
30	1.0	5.0	[2, 2]	set()	3.134660410495364	2.6038821866867368	2.5569186923683693	0.0	0	[591.82399599922, 632.7096216846257]	0.8090282684100665	0	0	0	0	0	0.25	0.75	0	0
154	1.0	5.0	[3, 3, 2, 3]	set()	7.406200863700042	5.573229146229123	6.009797740071641	0.0	0	[366.018014959991, 614.0542726250402, 840.4966620728374, 911.1980979684032]	1.4523376925456666	0	0	0	0	0	0.306875	1.5	0	0
219	1.0	5.0	[3, 2, 2, 2]	set()	6.194004094136981	4.534095581636988	4.655717453472169	0.0	0	[519.1501022782177, 539.2451524002697, 615.689785219729, 754.3512824108167]	1.2342166444858838	0	0	0	0	0	0.25	1.25	0	0
466	1.0	5.0	[3, 3]	set()	2.928453563665738	2.2966420188076007	2.407843936508757	0.0	0	[192.60504693742675, 288.03524374961853]	0.7833158530311223	0	0	0	0	0	0.447	1.625	0	0
403	1.0	5.0	[3, 3, 2]	set()	2.884053779010376	2.5075063730839187	2.4636910518323614	0.0	0	[221.90578091355292, 254.38371626660228, 819.0435818396509]	1.0774537417218903	0	0	0	0	0	0.47025000000000006	2.25	0	0
277	1.0	5.0	[2, 3]	set()	2.290645454708722	2.112164952740633	2.13716955356926	0.0	0	[108.66373404860497, 159.12121976725757]	0.537607220506894	0	0	0	0	0	0.269875	1.0	0	0
339	1.0	5.0	[3, 2, 3, 2, 3, 3]	set()	6.477307514281002	4.94991750515615	5.0564313378757335	0.0	0	[5.994164384901524, 189.4474313767072, 382.4097588658333, 573.9062295760959, 841.5084227405478, 849.434532225132]	1.651951331275142	0	0	0	0	0	0.20475	2.0	0	0
155	1.0	5.0	[3]	set()	2.54448612451693	2.3590347136625445	2.365353453522795	0.0	0	[312.8097224980593]	0.6213303543280349	0	0	0	0	0	0.16399999999999998	0.375	0	0
92	1.0	5.0	[3, 2, 3]	set()	6.321373039913981	4.975105118380254	5.003099629296595	0.0	0	[167.70486813038588, 581.3423921354115, 814.3567356746644]	1.316621715328881	0	0	0	0	0	0.06975	0.375	0	0
31	1.0	5.0	[3, 3, 3, 3, 3, 2]	set()	6.995279312142454	4.538324424639334	5.040058991277325	0.0	0	[188.74179208244652, 245.41138974018395, 519.8166510086435, 581.4755123883657, 652.2851498633192, 835.8769933985579]	1.7992871454516026	0	0	0	0	0	0.319	2.375	0	0
220	1.0	5.0	[3]	set()	3.253166917188749	2.978464435543674	3.009704764272595	0.0	0	[958.1178389489652]	0.17388030761892748	0	0	0	0	0	0.1355	0.5	0	0
467	1.0	5.0	[3]	set()	4.7079922996799715	4.214232364451017	4.185920330728595	0.0	0	[539.6227382589132]	0.6900039631309569	0	0	0	0	0	0.36525	0.75	0	0
404	1.0	5.0	[2]	set()	3.2184610450276976	2.8561084945675965	2.7858186823151443	0.0	0	[774.4730673730373]	0.5338147356058929	0	0	0	0	0	0.375	0.75	0	0
278	1.0	5.0	[3, 2, 3]	set()	6.261155815134765	4.80481560441518	4.842361042421778	0.0	0	[218.64543948322532, 438.387173805951, 628.272096368236]	1.3487049137745315	0	0	0	0	0	0.17625000000000002	0.75	0	0
93	1.0	5.0	[3, 2]	set()	3.5150639386958273	2.9555421005610274	2.915406086872011	0.0	0	[645.9052769932896, 745.5177193376808]	0.860344813929395	0	0	0	0	0	0.419375	1.375	0	0
156	1.0	5.0	[3, 2, 3, 3]	set()	6.18533123545374	4.1020740826565705	4.56964202119064	0.0	0	[95.11270560324192, 443.9668287521572, 553.9517474826425, 708.6743242107332]	1.4819588010671814	0	0	0	0	0	0.49387499999999995	2.5	0	0
340	1.0	5.0	[2, 2, 3, 3]	set()	7.629594981009456	5.315331500416031	5.382860588310605	0.0	0	[142.9362203925848, 216.85298578813672, 313.17635502735675, 521.6753678436766]	1.3756395411678661	0	0	0	0	0	0.216125	1.25	0	0
221	1.0	5.0	[3, 3, 3, 2, 2]	set()	3.6208802137526326	2.6519878889580775	2.7884448932013393	0.0	0	[11.844433844089508, 81.11621625721455, 123.319609081733, 314.46418607670347, 333.56494829058647]	1.033402091202217	0	0	0	0	0	0.7601249999999999	4.75	0	0
32	1.0	5.0	[2, 3, 2, 2]	set()	8.248213588160425	6.191234530834857	6.371778634675895	0.0	0	[90.1253423653543, 446.3070915251735, 458.6955830454826, 947.9936196003108]	1.1424739047724113	0	0	0	0	0	0.36149999999999993	1.75	0	0
468	1.0	5.0	[2]	set()	4.5091456507851735	4.40837779271685	4.398185254256905	0.0	0	[927.7716744691132]	0.2593651641828311	0	0	0	0	0	0.0	0.0	0	0
405	1.0	5.0	[3, 3, 2]	set()	6.154542637702083	4.473133747546027	4.468725937774901	0.0	0	[266.0364806652069, 832.1018218994141, 877.5770489592105]	1.0720486380151197	0	0	0	0	0	0.4335	1.75	0	0
279	1.0	5.0	[3, 2, 3]	set()	4.029610825149954	3.4846347134050175	3.50070711892375	0.0	0	[331.00247476249933, 388.6654430370284, 837.0502727494329]	1.1857795073914361	0	0	0	0	0	0.270375	1.125	0	0
94	1.0	5.0	[3, 3]	set()	4.069051823507881	3.602996542241251	3.5359330630324792	0.0	0	[452.6188522577286, 646.0417830339446]	1.0441757483776164	0	0	0	0	0	0.45575	1.375	0	0
222	1.0	5.0	[2]	set()	1.7798320242172188	1.6670160280991286	1.6752572033112072	0.0	0	[769.2476436495781]	0.5401838252454779	0	0	0	0	0	0.625	1.25	0	0
33	1.0	5.0	[3, 3]	set()	2.4559309660338653	2.332782222019038	2.2376159959415274	0.0	0	[97.3207144998014, 121.91812321543694]	0.4320326999675274	0	0	0	0	0	0.6401249999999999	2.125	0	0
157	1.0	5.0	[2, 3, 2, 3]	set()	4.619411464955609	3.831415184074576	3.6641753337329277	0.0	0	[259.0889213701457, 341.82155057801066, 830.8308157138526, 866.2314931862056]	1.2932963802963375	0	0	0	0	0	0.51675	2.625	0	0
341	1.0	5.0	[3, 3]	set()	3.440818002363148	3.050261537095624	3.1441319663045553	0.0	0	[672.7981152944267, 952.4638275615872]	0.7677832891088011	0	0	0	0	0	0.34	1.0	0	0
95	1.0	5.0	[3]	set()	2.6740887034065497	2.3951089695160923	2.3904833324438464	0.0	0	[420.23787274956703]	0.6803686630524258	0	0	0	0	0	0.8225	1.625	0	0
469	1.0	5.0	[3, 3, 2, 3]	set()	5.69921947305019	4.641214303181702	4.613135279298662	0.0	0	[499.02011710219085, 758.2700999919325, 772.7582121050202, 946.7920456081628]	1.218587093568396	0	0	0	0	0	0.42087500000000005	2.25	0	0
280	1.0	5.0	[2, 3]	set()	5.941797672191885	5.097694923262246	5.081968035972723	0.0	0	[437.1759681962431, 744.496111389968]	1.0729638445961156	0	0	0	0	0	0.25	0.75	0	0
406	1.0	5.0	[3, 3, 2, 2]	set()	6.848880782013671	4.988486597765742	5.318521461745701	0.0	0	[7.350134663283825, 38.96559006534517, 473.3948218636215, 861.0340540762991]	1.1491189977625207	0	0	0	0	0	0.12025	0.375	0	0
158	1.0	5.0	[3]	set()	2.583794446796165	2.375311869990346	2.371753258075777	0.0	0	[235.8294390141964]	0.5462247372596953	0	0	0	0	0	0.404375	0.875	0	0
342	1.0	5.0	[3, 3]	set()	4.173458501842653	3.3633519115487025	3.3217226966366065	0.0	0	[175.27223052456975, 634.8407916224379]	1.0303904897328457	0	0	0	0	0	0.5218750000000001	1.625	0	0
223	1.0	5.0	[2]	set()	2.681027844739813	2.603201145227918	2.6136349037704845	0.0	0	[309.2284300364554]	0.6184819241841213	0	0	0	0	0	0.25	0.5	0	0
34	1.0	5.0	[3, 3]	set()	4.327407485206972	3.9188760955422444	3.896063632093395	0.0	0	[74.5610105805099, 575.2541008405387]	0.9036257692778673	0	0	0	0	0	0.5623750000000001	1.75	0	0
96	1.0	5.0	[3]	set()	5.406113313636316	4.707360918112696	4.751512062667475	0.0	0	[895.5298541113734]	0.3347953134466517	0	0	0	0	0	0.5	1.0	0	0
159	1.0	5.0	[3]	set()	2.2678340736251608	2.1434556815891863	2.151489074392671	0.0	0	[755.2691148594022]	0.5564720430179231	0	0	0	0	0	0.655625	1.375	0	0
470	1.0	5.0	[3, 3, 3]	set()	3.293856624054488	2.6293563352027647	2.6283911113302443	0.0	0	[313.53627424687147, 753.1288047321141, 949.6638905256988]	1.1951581944238332	0	0	0	0	0	0.37312500000000004	1.75	0	0
343	1.0	5.0	[2]	set()	4.163389008936805	3.8699283143696355	3.877052496562277	0.0	0	[380.7142183650285]	0.6644126885873696	0	0	0	0	0	0.25	0.5	0	0
224	1.0	5.0	[3, 3]	set()	3.1416564296089495	2.6669668962149253	2.7020329645467736	0.0	0	[39.47857161983848, 105.80566385760903]	0.40755011271742986	0	0	0	0	0	0.236875	0.5	0	0
35	1.0	5.0	[3]	set()	4.016798075253619	3.498120305390103	3.428561415915285	0.0	0	[827.3370233364403]	0.46008367576801357	0	0	0	0	0	0.396625	0.875	0	0
281	1.0	5.0	[2, 3, 3]	set()	8.191470557397425	6.1826260398058706	6.500251597309487	0.0	0	[406.9177871569991, 469.0421542618424, 880.4235439747572]	1.1578571077515663	0	0	0	0	0	0.18362499999999998	0.75	0	0
407	1.0	5.0	[3]	set()	8.05999058615906	7.476510584035888	7.4007453104194605	0.0	0	[584.7195386886597]	0.6787228921826125	0	0	0	0	0	0.354	0.75	0	0
97	1.0	5.0	[3]	set()	5.241910298942311	4.694342398590441	4.824461929863735	0.0	0	[238.45729511231184]	0.5492951502195844	0	0	0	0	0	0.5	1.0	0	0
160	1.0	5.0	[3]	set()	3.5901451901697237	3.276453600417502	3.155873122366503	0.0	0	[776.9657815806568]	0.530721532109866	0	0	0	0	0	0.278	0.625	0	0
344	1.0	5.0	[2]	set()	3.962947714796008	3.4690913479092433	3.551021876647652	0.0	0	[41.09250847250223]	0.1714007909031175	0	0	0	0	0	0.5	1.0	0	0
471	1.0	5.0	[3, 2, 3]	set()	4.548631382078114	3.294478052749638	3.5233501215700405	0.0	0	[494.9080243379136, 682.162893936038, 928.1449345871806]	1.1960061547343417	0	0	0	0	0	0.5527500000000001	2.0	0	0
225	1.0	5.0	[3, 3]	set()	2.775771269380837	2.4440139895834565	2.3600572389719177	0.0	0	[346.3866850361228, 945.2153630706892]	0.8334197276325097	0	0	0	0	0	0.343375	1.125	0	0
36	1.0	5.0	[3, 3, 3, 3]	set()	5.518076148223988	4.704242636348163	4.575475321393687	0.0	0	[53.12030393644873, 287.01474751394903, 638.2209828589112, 715.8772810362279]	1.4192093979822589	0	0	0	0	0	0.535875	2.75	0	0
282	1.0	5.0	[2, 2, 3]	set()	5.682339562973324	4.599345830716423	4.778955653720573	0.0	0	[150.83690546453, 495.9350406715116, 946.4087942615153]	1.1685359756658968	0	0	0	0	0	0.25	1.0	0	0
408	1.0	5.0	[3, 2, 2, 2]	set()	4.452893869274959	3.6099189252008776	3.621106707978156	0.0	0	[270.4955884255469, 632.0855848025531, 690.3111077063446, 922.8206649226172]	1.4239534089199444	0	0	0	0	0	0.25	1.25	0	0
98	1.0	5.0	[3, 3]	set()	5.508792719462285	5.254438693880916	5.208832872755146	0.0	0	[555.2775486620311, 905.3211342543364]	0.9172857148209865	0	0	0	0	0	0.24812499999999998	1.0	0	0
472	1.0	5.0	[3, 3]	set()	4.486697165043153	4.33231777849759	4.310963706808726	0.0	0	[19.473094725981355, 489.5705685485154]	0.7748010882479313	0	0	0	0	0	0.3135	1.125	0	0
37	1.0	5.0	[3]	set()	1.8489028536045193	1.590735731652066	1.5919216765219444	0.0	0	[573.2218660414219]	0.6823856378774698	0	0	0	0	0	0.678375	1.375	0	0
161	1.0	5.0	[3, 2, 2, 2, 3]	set()	5.220641174199105	3.598565293016644	3.991635673412067	0.0	0	[434.0083296194983, 548.0525933671743, 580.7412748690695, 754.8212017863989, 975.0687030609696]	1.4512974358415094	0	0	0	0	0	0.30737500000000006	1.75	0	0
409	1.0	5.0	[3]	set()	2.0768624796405817	1.9433547335540053	1.9612458606767573	0.0	0	[902.4078140500932]	0.319760023837631	0	0	0	0	0	0.39949999999999997	1.0	0	0
99	1.0	5.0	[3]	set()	2.2704167426454984	2.178238255199844	2.1657411269608042	0.0	0	[838.4677488356829]	0.44220198940974437	0	0	0	0	0	0.4155	1.0	0	0
283	1.0	5.0	[3]	set()	5.395392736996849	5.146113455028789	5.1183427067469145	0.0	0	[33.29433919861913]	0.14601341761783262	0	0	0	0	0	0.254125	0.625	0	0
345	1.0	5.0	[3, 3, 2]	set()	4.467732724183306	3.5479664602480314	3.5538522029631405	0.0	0	[99.45162036456168, 142.80156325548887, 680.1832146011293]	1.0639268027952942	0	0	0	0	0	0.280125	1.375	0	0
226	1.0	5.0	[3, 3, 3, 3, 2]	set()	5.886308655912747	4.520286685987825	4.587573235945034	0.0	0	[111.79320582583064, 120.83685211837292, 362.430174266569, 591.1112080793828, 695.7570934213794]	1.5663238943123923	0	0	0	0	0	0.21550000000000002	1.5	0	0
473	1.0	5.0	[3, 3]	set()	4.660336807911153	3.710256478130374	3.8531942501860823	0.0	0	[134.40979272127151, 437.1577492713512]	0.9549786022250353	0	0	0	0	0	0.375	1.125	0	0
38	1.0	5.0	[3, 3]	set()	2.8524686717679826	2.702577561428309	2.6982901000903174	0.0	0	[238.3256903849542, 985.7603767886758]	0.6199144155419487	0	0	0	0	0	0.31925000000000003	1.125	0	0
100	1.0	5.0	[3, 2]	set()	4.343567882437722	3.5620962526210853	3.654517769291346	0.0	0	[94.20024370774628, 578.848667517792]	0.9377745532619138	0	0	0	0	0	0.26175	0.875	0	0
162	1.0	5.0	[3, 2, 3]	set()	5.747824537596831	5.009199195551665	4.833702841553314	0.0	0	[642.0207368209958, 742.2884181141853, 873.0347938835621]	1.0431475947017605	0	0	0	0	0	0.5895	2.75	0	0
346	1.0	5.0	[3, 3]	set()	5.373799935059212	4.708939417087651	4.778524150566112	0.0	0	[35.952591995447314, 497.1037935465574]	0.8221833423838785	0	0	0	0	0	0.19225	0.625	0	0
284	1.0	5.0	[2, 3]	set()	5.643041310222438	5.051473387914643	5.002469055370338	0.0	0	[39.70376192592085, 593.2260476984084]	0.821371393777262	0	0	0	0	0	0.175875	0.5	0	0
227	1.0	5.0	[3, 3, 3]	set()	4.837130006964124	3.634936282777634	3.7507034448076997	0.0	0	[119.55974879674612, 403.98126281797886, 529.489467692172]	1.2267532081921293	0	0	0	0	0	0.155625	0.75	0	0
410	1.0	5.0	[2, 3, 2, 3]	set()	7.905855159568057	5.9262917384962295	6.211004476129581	0.0	0	[327.92852349002067, 644.4475911557674, 644.9372343647478, 918.6070134372404]	1.2922755529537087	0	0	0	0	0	0.145625	0.875	0	0
474	1.0	5.0	[3]	set()	2.4960640871299065	2.158203956708123	2.180239309350751	0.0	0	[952.6257931720464]	0.1907099425032565	0	0	0	0	0	0.494	0.875	0	0
39	1.0	5.0	[3]	set()	2.4192631762025094	2.3671869700805948	2.3733131003479695	0.0	0	[271.77524752914906]	0.585016557712216	0	0	0	0	0	0.375	0.75	0	0
101	1.0	5.0	[3, 3, 3, 3]	set()	3.48201216810256	2.8067463015799734	2.8520373586790266	0.0	0	[213.0365583890388, 528.7074111402035, 544.4912518468157, 828.0596056448454]	1.4189873604085337	0	0	0	0	0	0.5895	3.0	0	0
228	1.0	5.0	[3]	set()	2.546330659316202	2.5263721239184047	2.5051177500639312	0.0	0	[152.81507140025496]	0.4275611952186078	0	0	0	0	0	0.451	1.25	0	0
347	1.0	5.0	[3, 2]	set()	4.363871650343728	4.073204686683452	4.091817303588362	0.0	0	[365.5479652807117, 988.9509405301732]	0.7122492236933807	0	0	0	0	0	0.170625	0.5	0	0
285	1.0	5.0	[3, 3, 3, 3]	set()	6.271957166212699	4.437816558747954	4.254646041201985	0.0	0	[605.5930051180555, 607.4948292225599, 735.0028692744672, 981.9904750836909]	0.9959940684129073	0	0	0	0	0	0.28950000000000004	1.875	0	0
163	1.0	5.0	[3, 2, 3, 3]	set()	4.523006448117018	3.511544053165436	3.5830189850876373	0.0	0	[660.31704583109, 713.8615091313645, 900.6025199778378, 937.9888470145185]	1.039436616413202	0	0	0	0	0	0.6075	3.125	0	0
411	1.0	5.0	[2, 3, 3]	set()	3.371315135985694	2.8558592140754326	2.8714142017516764	0.0	0	[377.4414893705398, 416.62226035259664, 457.7551810070872]	0.9578122644352048	0	0	0	0	0	0.6040000000000001	2.5	0	0
475	1.0	5.0	[3, 3, 3]	set()	6.14253740697194	5.396493779176405	5.222089535392097	0.0	0	[91.49264730513096, 339.8491169511673, 955.1307982765138]	1.0028388071825343	0	0	0	0	0	0.375	1.5	0	0
40	1.0	5.0	[3, 3, 3]	set()	5.936517693497349	5.27716892593868	5.278730875886254	0.0	0	[428.3117556478828, 488.03527373820543, 806.5476040355861]	1.213666790582182	0	0	0	0	0	0.40674999999999994	1.75	0	0
229	1.0	5.0	[3, 3]	set()	5.288946109412542	4.495633219059419	4.651437062682914	0.0	0	[399.84826603904366, 932.3984291404486]	0.8842042229918599	0	0	0	0	0	0.066625	0.125	0	0
102	1.0	5.0	[3, 3, 3, 3, 3]	set()	4.1914737522853915	3.4835799592732375	3.381737955285531	0.0	0	[143.3495786041021, 295.0598236113606, 522.4509909749031, 595.7868329714984, 962.165942415595]	1.5847007158999964	0	0	0	0	0	0.31075	2.0	0	0
476	1.0	5.0	[2]	set()	2.3620903053910847	2.1479591952329544	2.124300772504046	0.0	0	[61.90531398169696]	0.232178192312845	0	0	0	0	0	0.125	0.25	0	0
348	1.0	5.0	[2]	set()	5.107114485940553	5.011340111798118	5.010293633739003	0.0	0	[418.2702170219272]	0.6797275284113944	0	0	0	0	0	0.25	0.5	0	0
164	1.0	5.0	[3]	set()	3.326716467689397	2.9236222555832616	2.985326627685041	0.0	0	[113.13027213327588]	0.3530102916790604	0	0	0	0	0	0.264125	0.625	0	0
412	1.0	5.0	[3]	set()	2.699329820333654	2.6333974807138043	2.658410029026909	0.0	0	[69.87830391153693]	0.2533240431378332	0	0	0	0	0	0.275875	0.875	0	0
286	1.0	5.0	[3, 3, 3, 2, 3]	set()	6.941918599068574	5.538669515319013	5.7559226217151735	0.0	0	[1.4986067544668913, 518.2689381096535, 624.9436105135828, 656.7301962058991, 991.40266305767]	1.1064778103492081	0	0	0	0	0	0.35737500000000005	2.5	0	0
230	1.0	5.0	[2]	set()	3.0638815169009566	2.5936172909992106	2.599333081857328	0.0	0	[203.3507963642478]	0.5050126722958536	0	0	0	0	0	0.375	0.75	0	0
41	1.0	5.0	[2, 2, 3, 3]	set()	8.1882863291661	6.181277760325191	6.542237722045677	0.0	0	[214.70370841610008, 574.8598724550264, 613.8978240648165, 796.5379497036338]	1.4592266627058694	0	0	0	0	0	0.1505	0.75	0	0
349	1.0	5.0	[3]	set()	1.8252797248091475	1.6905614640438253	1.678341295441785	0.0	0	[596.7802279628813]	0.6742955935872086	0	0	0	0	0	0.6755	1.375	0	0
103	1.0	5.0	[3, 3]	set()	4.42755134688729	4.081647217318312	4.074387430748996	0.0	0	[41.67693573981524, 439.0308167785406]	0.8234605868474436	0	0	0	0	0	0.804875	2.5	0	0
165	1.0	5.0	[3, 3, 3, 2, 3, 3]	set()	4.9547415117752545	3.708078100285076	3.617613268601918	0.0	0	[174.49486788716405, 176.91879300400615, 356.9812390736873, 401.27507800864623, 444.5982784954978, 486.82594428973977]	1.3780001132460171	0	0	0	0	0	0.4565	3.25	0	0
413	1.0	5.0	[3, 3, 3]	set()	9.125297239428738	7.944508731593938	8.012774785685798	0.0	0	[312.69805738702416, 576.518792193383, 596.4788370765746]	1.1593843225554208	0	0	0	0	0	0.255	1.25	0	0
477	1.0	5.0	[3, 2, 2, 3, 2, 3]	set()	8.438335493695401	5.368907265392942	5.856935900365523	0.0	0	[124.685370741188, 313.6340652806464, 400.46022733488354, 515.8228575899051, 673.2760546728969, 873.5378451291982]	1.9103863817512707	0	0	0	0	0	0.25	1.75	0	0
231	1.0	5.0	[3, 3, 3, 3]	set()	4.526655502966065	3.896158262693102	3.7212288661074004	0.0	0	[239.838540321216, 258.27550468966365, 635.4175849042056, 860.8102074358612]	1.3941145770251673	0	0	0	0	0	0.280875	1.375	0	0
42	1.0	5.0	[2, 3, 2]	set()	3.4744598829173583	3.0224376058247797	3.0827322407819517	0.0	0	[246.16409118756155, 706.2297770225782, 788.5506972670555]	1.2363604059096593	0	0	0	0	0	0.375	1.5	0	0
104	1.0	5.0	[3]	set()	5.310292750583066	4.642965918090098	4.673742041356774	0.0	0	[588.188243098557]	0.6775111817984434	0	0	0	0	0	0.3015	0.625	0	0
287	1.0	5.0	[3, 2, 3, 3, 3]	set()	5.4015730202010115	3.7577695485376217	3.8527149373598095	0.0	0	[204.9671948195781, 359.5482432283461, 626.019945833832, 893.3067759498954, 929.5057151466608]	1.6256355135612084	0	0	0	0	0	0.106875	1.0	0	0
232	1.0	5.0	[2, 3, 3]	set()	3.1978503526418374	2.4464938784556147	2.583515366707245	0.0	0	[28.06472240479718, 429.73482655361295, 910.5490120127796]	1.0346834137244505	0	0	0	0	0	0.38625000000000004	1.625	0	0
350	1.0	5.0	[3, 3, 2, 2, 2, 2]	set()	6.5354758856039235	4.1857488060012775	4.2431210485325455	0.0	0	[55.77218160033226, 77.70005497150123, 474.7423318982371, 544.0244139172137, 583.5206906776875, 681.2575373332947]	1.5158159657079233	0	0	0	0	0	0.256875	1.875	0	0
166	1.0	5.0	[3]	set()	7.171040165305602	6.1515063746822625	6.092573767602198	0.0	0	[328.3022167161107]	0.6329697667930845	0	0	0	0	0	0.375	0.75	0	0
478	1.0	5.0	[2, 3, 2]	set()	4.853046800256744	3.6828805496208483	3.7507343413954137	0.0	0	[365.9086997154538, 548.3503092546016, 620.4970412597835]	1.2356419634778801	0	0	0	0	0	0.262	1.0	0	0
414	1.0	5.0	[3, 3, 2, 3]	set()	9.10359120155223	6.3937554992666	6.644812394437158	0.0	0	[139.47491813582857, 397.4937340244651, 792.8289387211587, 930.0420358777046]	1.4497848165654061	0	0	0	0	0	0.174625	0.875	0	0
105	1.0	5.0	[3, 3, 3]	set()	4.773512851101804	4.151217474995303	4.090558683829735	0.0	0	[100.65057873725893, 267.4985760822892, 645.352150698989]	1.2652579009164753	0	0	0	0	0	0.19724999999999998	0.875	0	0
43	1.0	5.0	[3, 3, 3]	set()	5.884221461081854	5.15656666563891	5.216645149584677	0.0	0	[636.2356622703373, 768.0643922649324, 789.1666032373905]	0.9644371166717121	0	0	0	0	0	0.24737499999999998	0.875	0	0
288	1.0	5.0	[2, 3, 3]	set()	7.231715341412423	5.440765185721617	6.005914947940008	0.0	0	[206.2886571733217, 422.589424107194, 871.6135376598686]	1.2798614821848715	0	0	0	0	0	0.213375	0.875	0	0
233	1.0	5.0	[2, 3, 3]	set()	4.286593673026966	3.5082528083089604	3.4516794576012604	0.0	0	[780.752987600863, 793.7360960265174, 931.8179544061422]	0.706130985915938	0	0	0	0	0	0.051750000000000004	0.625	0	0
415	1.0	5.0	[3]	set()	5.250422685497573	5.178537572805849	5.111175935180357	0.0	0	[885.5813797563314]	0.35565495960281374	0	0	0	0	0	0.264375	0.625	0	0
351	1.0	5.0	[2, 3, 3, 3]	set()	5.770759204486688	4.216301837751967	4.067151163984554	0.0	0	[58.68412187683858, 362.3046041466296, 660.581695828101, 987.324166111648]	1.3100052395401294	0	0	0	0	0	0.49400000000000005	2.25	0	0
167	1.0	5.0	[3, 2, 3, 3, 3, 2, 3]	set()	10.413308879987778	6.002868593943385	6.428151982306107	0.0	0	[263.98178562521935, 448.6751304371577, 463.6666280825739, 531.831605204248, 540.5032410881568, 619.1444331332578, 792.9824143648148]	1.7809350644729025	0	0	0	0	0	0.379625	2.75	0	0
479	1.0	5.0	[3, 3, 3, 2, 2]	set()	9.772149490635572	7.3681783420598945	7.431480966407077	0.0	0	[23.184797594415272, 105.25191156193614, 522.3868732649098, 688.7433402925076, 931.7939344317892]	1.4824999754939716	0	0	0	0	0	0.263125	1.75	0	0
289	1.0	5.0	[3]	set()	4.8638305387563125	4.769188128218065	4.767303096643333	0.0	0	[632.5019830837846]	0.6576106431091526	0	0	0	0	0	0.20400000000000001	0.375	0	0
44	1.0	5.0	[3, 3]	set()	6.461439641945047	4.6583021020835105	4.877314462794665	0.0	0	[134.21070761978626, 425.9986657857513]	0.9475863408057714	0	0	0	0	0	0.14175	0.5	0	0
106	1.0	5.0	[2, 2, 2, 3]	set()	6.273541144634692	5.446831801597139	5.523108823353943	0.0	0	[29.9863307736814, 818.483708039908, 852.4858599994332, 984.384434763342]	0.7396452418257682	0	0	0	0	0	0.127	0.75	0	0
234	1.0	5.0	[2, 3, 3]	set()	3.436332634301763	2.8027588451436327	2.8431492993735348	0.0	0	[59.08136162906885, 100.15393421053886, 678.4917830955237]	0.9797742198724919	0	0	0	0	0	0.34725	1.625	0	0
416	1.0	5.0	[3, 3, 3, 3]	set()	4.8863860896043105	3.6027163894233043	3.663017759156815	0.0	0	[162.77663921937346, 286.6558327805251, 412.2214640956372, 761.9413719512522]	1.52385018355235	0	0	0	0	0	0.322125	1.375	0	0
168	1.0	5.0	[2, 3]	set()	3.6921556569177487	3.278119385300054	3.272822550786579	0.0	0	[137.95530251292598, 422.04625345766544]	0.9476524756427569	0	0	0	0	0	0.23049999999999998	0.875	0	0
480	1.0	5.0	[3]	set()	4.7439870049061	4.37064387997166	4.391585093546145	0.0	0	[178.66714647971094]	0.4693663881330662	0	0	0	0	0	0.47775	0.875	0	0
352	1.0	5.0	[3, 3, 3, 2, 3, 3, 2]	set()	5.148356203397467	3.6508758333663933	3.6120683139354335	0.0	0	[309.24337354907385, 501.0453420240868, 619.2563819033196, 644.5284016418246, 646.5268861502409, 811.5005418658257, 837.3176797758788]	1.7245520537003567	0	0	0	0	0	0.6228750000000001	5.125	0	0
45	1.0	5.0	[2, 3]	set()	4.966731560659584	4.289657059119866	4.2670501253840305	0.0	0	[402.4081649258733, 559.2940780334175]	1.0180017754594486	0	0	0	0	0	0.0	0.0	0	0
290	1.0	5.0	[2, 3, 3]	set()	6.997383276081725	4.678492038433752	4.9677733058553875	0.0	0	[497.5104066543281, 539.3971629688217, 957.7332232147456]	0.978518106910137	0	0	0	0	0	0.43799999999999994	1.875	0	0
235	1.0	5.0	[2, 2]	set()	4.958940121843501	3.904723925959936	4.139010408766147	0.0	0	[199.2256441153586, 685.622300952673]	1.035760568011866	0	0	0	0	0	0.25	0.75	0	0
417	1.0	5.0	[3, 2, 3, 3]	set()	8.113935823262098	6.577033375915988	6.666438806789452	0.0	0	[93.35479749451636, 444.4685397998915, 702.9370041564107, 973.4379686415195]	1.388620033777411	0	0	0	0	0	0.34112499999999996	1.75	0	0
107	1.0	5.0	[3, 3, 3, 3, 3, 3, 2]	set()	9.040139607441475	6.595533332853172	6.632457469011184	0.0	0	[194.7203547045677, 299.99252362176776, 419.633883238536, 517.9282016055905, 588.5992783587426, 795.2088310848922, 988.098437897861]	1.9208697275565416	0	0	0	0	0	0.5405	4.375	0	0
169	1.0	5.0	[2, 3]	set()	7.957691332682346	7.105153044624691	7.175552969543297	0.0	0	[582.0302618667483, 876.7522992566228]	0.9331088151342382	0	0	0	0	0	0.24999999999999997	0.75	0	0
353	1.0	5.0	[2]	set()	3.735066252651941	3.4584110645023287	3.4275490347451356	0.0	0	[205.3618049249053]	0.5077462165213154	0	0	0	0	0	0.25	0.5	0	0
481	1.0	5.0	[3, 3, 3]	set()	10.39485482242999	7.54094902288331	7.9386876257633325	0.0	0	[12.230871058228844, 326.0387131012976, 522.0511737279594]	1.089821381485365	0	0	0	0	0	0.10600000000000001	0.625	0	0
236	1.0	5.0	[3, 3]	set()	4.4414403593901675	3.732275461765587	3.796307182123546	0.0	0	[631.3236782272612, 815.6241020187736]	0.9137943819595384	0	0	0	0	0	0.31925000000000003	1.125	0	0
46	1.0	5.0	[2, 3, 2]	set()	11.143453261008375	8.273296039697385	8.48846941033255	0.0	0	[9.86030139029026, 20.573695190250877, 494.00286029585146]	0.7928514254963897	0	0	0	0	0	0.0	0.0	0	0
291	1.0	5.0	[2, 3, 3, 3, 2]	set()	5.14777470786186	3.7842365046276742	4.012546397600582	0.0	0	[76.98566745966673, 107.97895928834456, 126.81710760324172, 697.8866745341519, 794.4160354998993]	1.2507232722702377	0	0	0	0	0	0.330375	2.625	0	0
108	1.0	5.0	[3, 3]	set()	4.319395596872899	3.990905545820423	4.028792641533203	0.0	0	[692.4076084842277, 854.7392720356584]	0.8298935705204155	0	0	0	0	0	0.41350000000000003	1.375	0	0
354	1.0	5.0	[3, 3, 3, 3]	set()	4.146744933169586	3.482574755162624	3.4273535878061376	0.0	0	[74.61678795516491, 852.7945652604103, 888.7257017514147, 935.5097725056112]	0.828385294703027	0	0	0	0	0	0.06837499999999999	1.25	0	0
418	1.0	5.0	[2, 2, 3, 2, 2]	set()	7.4679878752126445	5.870024525124959	6.113694772958032	0.0	0	[18.17654499151411, 87.7314549870789, 149.44789744913578, 700.7194104162381, 949.2439874447882]	1.255732478430354	0	0	0	0	0	0.356375	1.875	0	0
482	1.0	5.0	[3, 3, 3]	set()	6.9509893756687635	5.722832765609423	5.823696238573493	0.0	0	[166.88389820046723, 510.36821559029335, 982.6238285750152]	1.0905727942433312	0	0	0	0	0	0.28924999999999995	1.125	0	0
47	1.0	5.0	[3, 2]	set()	4.17176562786942	3.8259650532453313	3.7904671727514483	0.0	0	[16.027249861508608, 608.2536473404616]	0.7436169740375306	0	0	0	0	0	0.252	0.875	0	0
170	1.0	5.0	[2, 2, 3, 2, 3]	set()	11.323624600006344	7.228721957024876	7.201140054398507	0.0	0	[314.22596238553524, 606.4439269248396, 619.7867059636397, 710.6348890811205, 860.9304819256067]	1.5579539589961258	0	0	0	0	0	0.11274999999999999	0.875	0	0
292	1.0	5.0	[3, 3]	set()	3.4366851213766343	3.147791431293268	3.198183523551316	0.0	0	[579.949751496315, 869.1865352448076]	0.9408379957192183	0	0	0	0	0	0.21375	0.625	0	0
237	1.0	5.0	[2, 2, 3]	set()	6.25631850536606	4.547793648500092	4.822046941333303	0.0	0	[610.4904639068991, 671.2650447152555, 901.0813829954714]	1.0382600135697926	0	0	0	0	0	0.262375	1.125	0	0
109	1.0	5.0	[2, 3]	set()	3.3761694097554797	3.039009065071983	3.0368264356693895	0.0	0	[401.7784907482565, 403.83031964302063]	0.6874191026484668	0	0	0	0	0	0.22575	0.875	0	0
355	1.0	5.0	[3, 3]	set()	4.529046499517374	4.02727916666903	3.930344190558261	0.0	0	[713.8996059074998, 771.4497209526598]	0.7422446808689842	0	0	0	0	0	0.343125	1.25	0	0
419	1.0	5.0	[3, 3, 2, 3, 3]	set()	6.7122453212379165	4.93345959414229	5.228169126383706	0.0	0	[543.3751598226778, 615.0533504921809, 709.4973497675205, 822.9459205153971, 906.1668664216996]	1.4190615764872698	0	0	0	0	0	0.11449999999999999	0.625	0	0
48	1.0	5.0	[3, 2, 2]	set()	4.157142519080421	3.8234560170123766	3.5102110888016362	0.0	0	[26.87137108296156, 574.3444310501218, 873.2122802175581]	1.0498122831849968	0	0	0	0	0	0.2565	1.25	0	0
483	1.0	5.0	[3, 3, 3]	set()	5.483803061808886	4.476734085058236	4.589140395037462	0.0	0	[27.179141467422507, 224.71925266068183, 796.5899272821844]	1.0618848364489413	0	0	0	0	0	0.3545	1.625	0	0
293	1.0	5.0	[2, 3]	set()	5.507234851440416	3.9132274333532644	4.445228906596481	0.0	0	[99.81428879872922, 151.09255723655224]	0.5213933087593496	0	0	0	0	0	0.356125	0.875	0	0
171	1.0	5.0	[2, 2]	set()	3.404410230573651	2.7371479771717366	2.7467084202720953	0.0	0	[242.926592938602, 813.2427046075463]	0.9773779688912039	0	0	0	0	0	0.375	1.125	0	0
238	1.0	5.0	[3, 2, 3]	set()	5.534690622147561	3.9982344199465087	4.092913982357068	0.0	0	[523.0563648445652, 617.4744387183234, 730.8444092050195]	1.1618789650089545	0	0	0	0	0	0.559625	2.375	0	0
110	1.0	5.0	[3]	set()	1.8205746778890166	1.7270718662373954	1.7164592459838404	0.0	0	[307.8812323510647]	0.6173948906759461	0	0	0	0	0	0.25	0.5	0	0
356	1.0	5.0	[3, 3, 3, 3, 3]	set()	2.9538828259634173	2.271902450015946	2.3067739821127424	0.0	0	[185.63728428962636, 295.3176930281041, 617.3019409179688, 712.8534125983599, 720.8074601367116]	1.5389320632182795	0	0	0	0	0	0.546875	3.375	0	0
484	1.0	5.0	[3]	set()	2.9415847925146483	2.719900688035218	2.61135350437438	0.0	0	[763.9492945745587]	0.5464847404313444	0	0	0	0	0	0.125	0.25	0	0
294	1.0	5.0	[2]	set()	3.5494204695743754	3.1639197392159435	3.148624572265107	0.0	0	[582.4096677824855]	0.6795022991067141	0	0	0	0	0	0.125	0.25	0	0
172	1.0	5.0	[2, 3]	set()	2.191845926785464	2.0278134136469923	1.9341580990120868	0.0	0	[49.8552928559759, 905.6928805075586]	0.5054076663961672	0	0	0	0	0	0.363125	1.0	0	0
420	1.0	5.0	[3, 3, 2, 2, 2, 3]	set()	10.115011255158626	7.422235801298251	7.722969034763003	0.0	0	[29.953396858859893, 221.9060510396957, 374.9490099173956, 725.6535675842315, 853.6294009240013, 949.5877753943204]	1.7152644187852315	0	0	0	0	0	0.44475000000000003	3.0	0	0
357	1.0	5.0	[3, 3]	set()	4.99685133306197	4.785089015629749	4.769788062602825	0.0	0	[618.0696114897728, 753.2298022415489]	0.9131871248784023	0	0	0	0	0	0.625	1.875	0	0
111	1.0	5.0	[3]	set()	3.080227281015847	2.771956578724982	2.780164959097781	0.0	0	[411.8116060271859]	0.6775111280146364	0	0	0	0	0	0.323625	0.625	0	0
49	1.0	5.0	[3, 3, 3, 2, 2, 2, 3]	set()	10.230261707755858	6.9837545687000455	7.6799048670740016	0.0	0	[83.73760711401701, 505.4315398447216, 555.6524941119352, 796.3175622734724, 832.7232591973257, 843.2726663860666, 971.8189446785036]	1.5977356872035091	0	0	0	0	0	0.62375	5.5	0	0
295	1.0	5.0	[3, 3]	set()	2.90844516136481	2.4135113772807975	2.4885935860221053	0.0	0	[105.61150568537414, 547.4991700612009]	0.9571204930074965	0	0	0	0	0	0.251375	0.75	0	0
358	1.0	5.0	[3]	set()	2.787361338468671	2.58553803049441	2.5609946737420786	0.0	0	[979.1429457254708]	0.10135613290504694	0	0	0	0	0	0.5	1.0	0	0
485	1.0	5.0	[2]	set()	2.8636647115911	2.785279162422893	2.6934527736846823	0.0	0	[843.0049866437912]	0.4346531606952452	0	0	0	0	0	0.125	0.25	0	0
239	1.0	5.0	[3, 3, 2, 2]	set()	15.245764995761032	12.018780446907165	12.508346482661839	0.0	0	[7.792369763451767, 54.27908408455551, 82.52609521150589, 938.1276578567732]	0.5868305744116586	0	0	0	0	0	0.125	0.625	0	0
173	1.0	5.0	[3, 2, 3, 2, 3, 3]	set()	10.490748941756491	6.856688373010165	7.213463406848929	0.0	0	[26.820171624422077, 125.81922800724088, 367.3450832757701, 568.2878279452084, 803.9031848311424, 812.1518922872689]	1.6858904424137247	0	0	0	0	0	0.37387499999999996	2.5	0	0
421	1.0	5.0	[3, 3, 3, 3, 3]	set()	4.645146047163066	3.3475580042603745	3.514579039474568	0.0	0	[233.65352977998555, 388.2692006492712, 762.1758815366775, 794.760093012804, 996.607200070604]	1.450043978091507	0	0	0	0	0	0.207125	1.375	0	0
50	1.0	5.0	[3, 3, 3]	set()	7.871316018577478	6.422270471265764	6.371550118233311	0.0	0	[247.3011519759893, 652.253637323156, 931.7555706948042]	1.2510946552379554	0	0	0	0	0	0.056749999999999995	0.5	0	0
112	1.0	5.0	[3, 2, 3, 3, 2, 3, 3]	set()	7.979495125142838	5.59860976150304	5.73439537658971	0.0	0	[127.68627624755968, 135.4919136782975, 212.2738762933693, 333.87260930612683, 494.2217224743217, 626.0875833849959, 891.6998135652276]	1.9074974833227119	0	0	0	0	0	0.28300000000000003	2.625	0	0
296	1.0	5.0	[3]	set()	4.48634653451107	4.075119530538764	4.021028961342513	0.0	0	[998.6623728182168]	0.010187621270871002	0	0	0	0	0	0.00025	0.125	0	0
486	1.0	5.0	[3]	set()	2.915294972772072	2.84503203260096	2.8026564889871786	0.0	0	[892.2422111500055]	0.3418016226479302	0	0	0	0	0	0.527	1.25	0	0
359	1.0	5.0	[3, 2, 2]	set()	4.132065738873596	3.500960087649891	3.56804513130895	0.0	0	[501.604511635378, 646.3594993110746, 950.4300890563608]	1.1367695283571848	0	0	0	0	0	0.5623750000000001	2.375	0	0
240	1.0	5.0	[3, 3, 3]	set()	4.135229423564057	3.4211289763546917	3.2659402316908697	0.0	0	[651.9312241696199, 745.3409244772047, 937.447612406686]	0.9906576145033308	0	0	0	0	0	0.470125	2.375	0	0
174	1.0	5.0	[3]	set()	5.302380671291272	4.917741699681744	5.00216229528262	0.0	0	[7.089368999004364]	0.042150593795307376	0	0	0	0	0	0.25	0.5	0	0
422	1.0	5.0	[2]	set()	3.1291475249996608	2.558113204684281	2.5602790104015662	0.0	0	[998.7519790884108]	0.009591754552162468	0	0	0	0	0	0.125	0.25	0	0
51	1.0	5.0	[3]	set()	4.335403420000488	3.8665780453913463	3.833834417845333	0.0	0	[964.7638653405012]	0.15249686208988575	0	0	0	0	0	0.2545	0.625	0	0
297	1.0	5.0	[2]	set()	2.32810000101025	2.1229103730887133	2.173100849362143	0.0	0	[746.5980425477028]	0.5660418073003448	0	0	0	0	0	0.5	1.0	0	0
113	1.0	5.0	[3]	set()	3.2172078664452575	2.8404531573562646	2.8292536237521007	0.0	0	[439.1878645401448]	0.6857326054163886	0	0	0	0	0	0.125	0.25	0	0
360	1.0	5.0	[2, 3]	set()	4.311640067960313	3.72020517227386	3.6164049739840696	0.0	0	[562.1370812878013, 921.797510003671]	0.8908786915352888	0	0	0	0	0	0.259875	0.875	0	0
487	1.0	5.0	[3, 3]	set()	5.086879539997655	4.7855328005040505	4.775726807774035	0.0	0	[570.4179033637047, 788.510506041348]	0.9809096396260095	0	0	0	0	0	0.57125	1.625	0	0
52	1.0	5.0	[3]	set()	3.112862241310278	2.8037393588924155	2.835044680181954	0.0	0	[602.8743241913617]	0.6718290030249097	0	0	0	0	0	0.42475	0.875	0	0
241	1.0	5.0	[3, 3, 3]	set()	5.248476943289955	3.8616018436496775	3.909028978155047	0.0	0	[242.4675775691867, 271.2725936435163, 927.4238653015344]	0.9125808636398318	0	0	0	0	0	0.091125	0.25	0	0
423	1.0	5.0	[3]	set()	2.891800245697254	2.7894265115592565	2.7968407062171505	0.0	0	[417.7901665680111]	0.6795686965477439	0	0	0	0	0	0.406375	0.875	0	0
175	1.0	5.0	[3, 3, 2, 3, 3, 3]	set()	8.052627278468439	5.494805944223755	5.906149579105698	0.0	0	[28.31292198970914, 132.6146389660121, 156.47205700513533, 377.6904656775066, 401.88014068022346, 559.2573667659069]	1.5016800782639232	0	0	0	0	0	0.23925	2.25	0	0
298	1.0	5.0	[2]	set()	4.158220348024788	3.5684641055311515	3.626324144125541	0.0	0	[956.74817613326]	0.1781443688539991	0	0	0	0	0	0.375	0.75	0	0
114	1.0	5.0	[3, 3, 2, 2, 3, 3, 3]	set()	7.547683389803482	4.832767189041781	5.417801122093121	0.0	0	[53.21564220960862, 269.1743718460202, 444.6907650333625, 490.4080886180546, 749.6040765838305, 877.1990486819399, 887.2513587092454]	1.8385372416658947	0	0	0	0	0	0.121875	0.875	0	0
488	1.0	5.0	[2, 3, 3, 3]	set()	6.077230100992552	4.05483794302699	4.350020497524254	0.0	0	[476.92298232242814, 922.0832996070384, 922.651631757617, 974.7580584108056]	0.9644565287117105	0	0	0	0	0	0.520125	3.125	0	0
361	1.0	5.0	[2, 2, 2]	set()	4.87898467591543	3.620405826977491	3.8662119209199624	0.0	0	[143.0916574317962, 144.43210675381124, 619.4139630533755]	1.0083518825883615	0	0	0	0	0	0.375	1.5	0	0
242	1.0	5.0	[3, 3]	set()	7.725899937808298	6.322409593296597	6.458552650633733	0.0	0	[830.1919349469244, 874.8226137831807]	0.553390578659227	0	0	0	0	0	0.35625	2.0	0	0
53	1.0	5.0	[2, 3, 3]	set()	5.451443498759083	4.432781276894749	4.443688883217983	0.0	0	[197.38865364342928, 886.5982634015381, 901.7993416637182]	0.8683456520086315	0	0	0	0	0	0.37687500000000007	1.625	0	0
424	1.0	5.0	[3, 3, 2]	set()	6.284937907902681	4.99101016401178	5.132559465067675	0.0	0	[659.9358368422857, 724.6982895303518, 955.0049484241754]	0.929242498580884	0	0	0	0	0	0.33237500000000003	1.125	0	0
176	1.0	5.0	[3, 3, 2, 2]	set()	6.23948907986709	5.5951753870740255	5.399737948812623	0.0	0	[80.53999440744519, 497.9158150963485, 504.4698240235448, 507.0068882372087]	0.9643592715014031	0	0	0	0	0	0.196375	0.875	0	0
299	1.0	5.0	[3, 2, 3, 3]	set()	6.9398334839514515	5.27132985461011	5.5682435351717405	0.0	0	[290.5399305745959, 499.3453146889806, 937.0954946138424, 955.175478477031]	1.259537007655019	0	0	0	0	0	0.141875	1.0	0	0
243	1.0	5.0	[3]	set()	2.520877331315369	2.1887056879909292	2.184119560563077	0.0	0	[654.1400123387575]	0.6448460701839658	0	0	0	0	0	0.25	0.5	0	0
115	1.0	5.0	[3]	set()	3.0679372434270604	2.8524050531354854	2.870520542095984	0.0	0	[836.0421471297741]	0.4461750101502956	0	0	0	0	0	0.416	1.0	0	0
489	1.0	5.0	[3]	set()	4.442560908468915	3.897784762247976	3.905275311204589	0.0	0	[363.8214441016317]	0.6555852738423849	0	0	0	0	0	0.0	0.0	0	0
362	1.0	5.0	[3, 3, 2, 3]	set()	6.842366786094921	3.5173384491606017	4.181249547304192	0.0	0	[602.7911365963519, 616.0717227125015, 909.4753861736926, 928.1414125990772]	0.9858062781647388	0	0	0	0	0	0.45025	2.0	0	0
425	1.0	5.0	[3, 3, 3, 3]	set()	8.124015209615893	6.723370066351018	6.697030993555951	0.0	0	[233.28992569694228, 269.7369540752952, 386.6650922099928, 488.82683576084673]	1.2872789878474173	0	0	0	0	0	0.433625	1.5	0	0
54	1.0	5.0	[3, 3]	set()	4.35794325498582	4.1364510019266625	4.015621863906513	0.0	0	[142.3448185705002, 399.81028786860406]	0.9332512593651582	0	0	0	0	0	0.3675	1.375	0	0
244	1.0	5.0	[3]	set()	3.401750481911934	3.0371196697315006	3.0372871749268535	0.0	0	[362.9797329194844]	0.6551133811226834	0	0	0	0	0	0.375	0.75	0	0
363	1.0	5.0	[3]	set()	4.479246927757966	4.419939058525587	4.401444578264515	0.0	0	[101.9174645189196]	0.32927576254537766	0	0	0	0	0	0.287875	0.875	0	0
490	1.0	5.0	[3, 3, 3]	set()	5.199334943821745	4.571447196263883	4.574865243487526	0.0	0	[529.6881583053619, 530.9792524203658, 560.985843418166]	0.8118080330760165	0	0	0	0	0	0.356375	1.5	0	0
177	1.0	5.0	[2, 3, 3]	set()	5.364261601632654	4.859695633856363	4.764852698569112	0.0	0	[116.9369090348482, 145.53059823811054, 816.1398435477167]	0.9319352615125417	0	0	0	0	0	0.291125	1.375	0	0
300	1.0	5.0	[3, 3, 2, 3, 2, 3]	set()	6.9226468700097685	5.155839219190009	5.376110496903242	0.0	0	[160.01929493767008, 331.1130547282182, 355.3466730136012, 442.9537332616746, 453.9772905409336, 763.145339204516]	1.652523979440192	0	0	0	0	0	0.32662500000000005	2.375	0	0
116	1.0	5.0	[2, 3, 2, 2, 3]	set()	6.915292982576537	4.49328577826881	4.533493544290669	0.0	0	[341.1986263722886, 513.0211125046321, 583.8685286473552, 750.4460307424989, 900.9589997585864]	1.669654616053937	0	0	0	0	0	0.448375	2.875	0	0
426	1.0	5.0	[3, 2]	set()	5.261121582006214	4.690430621664656	4.701148977424347	0.0	0	[532.6629467308521, 602.0432773511857]	0.8873058713606042	0	0	0	0	0	0.242	0.875	0	0
55	1.0	5.0	[3, 3, 2]	set()	3.7661780586972804	3.126225098828217	3.3309721022978445	0.0	0	[148.76597933471203, 557.0870898663998, 804.6064171940088]	1.3138193942277383	0	0	0	0	0	0.25	1.0	0	0
245	1.0	5.0	[2]	set()	2.8240556233910272	2.465864870578481	2.460769126777775	0.0	0	[550.4057705402374]	0.6880570548131449	0	0	0	0	0	0.25	0.5	0	0
364	1.0	5.0	[3]	set()	3.573544494042765	3.4453812295690573	3.469337237106701	0.0	0	[356.7932611331344]	0.6515508070991324	0	0	0	0	0	0.16949999999999998	0.375	0	0
427	1.0	5.0	[3, 3]	set()	2.8642426901145006	2.322751729638693	2.3982217350384785	0.0	0	[11.720288544893265, 387.0333569015178]	0.7199316372285973	0	0	0	0	0	0.423375	1.375	0	0
301	1.0	5.0	[3, 3, 2, 3]	set()	5.66271121684406	4.1365172373809	4.3024943641805	0.0	0	[408.1341677810997, 540.9382714460302, 843.3669586695464, 881.218431228123]	1.3725356341897192	0	0	0	0	0	0.32399999999999995	1.75	0	0
491	1.0	5.0	[3, 3, 3, 3, 2]	set()	8.711397660127037	7.051690346100572	6.980220728934726	0.0	0	[66.35420862585306, 291.241847909987, 363.1256882059648, 436.562834325084, 460.79742535948753]	1.3197845171897167	0	0	0	0	0	0.39525	2.75	0	0
56	1.0	5.0	[3]	set()	6.016031115540887	5.949898894316653	5.953453847903429	0.0	0	[828.1084964983165]	0.45887279153094973	0	0	0	0	0	0.27149999999999996	0.625	0	0
117	1.0	5.0	[2, 3, 3]	set()	9.131790091118933	7.762125506400015	7.8967579611497465	0.0	0	[42.7616098895669, 150.60894105507637, 825.4223675467074]	0.9450919430245169	0	0	0	0	0	0.16562500000000002	0.875	0	0
178	1.0	5.0	[2, 3, 3, 2, 2, 3]	set()	10.223814838003454	6.7592943755826616	6.742700336250431	0.0	0	[372.9964990634471, 392.0965394747138, 406.7044202238321, 607.1570974308997, 724.2430000463278, 997.9669582098722]	1.445720919697302	0	0	0	0	0	0.324625	2.375	0	0
246	1.0	5.0	[3, 3, 2, 2]	set()	7.5970682792299655	5.161552088009673	5.352368443586709	0.0	0	[382.8479191288352, 442.5850927364081, 577.5759802816733, 781.7978991661221]	1.4628248666111867	0	0	0	0	0	0.24999999999999997	1.25	0	0
365	1.0	5.0	[3, 3]	set()	5.203227564550332	4.873481349245978	4.83871836438836	0.0	0	[21.637198342442154, 781.5947339404374]	0.623827988445504	0	0	0	0	0	0.187625	1.0	0	0
428	1.0	5.0	[3, 3, 3]	set()	3.6195250457018133	2.9647498709188884	2.9647396368614958	0.0	0	[441.7467685416341, 493.2205157820136, 778.3557320944965]	1.205354242055999	0	0	0	0	0	0.686625	2.75	0	0
57	1.0	5.0	[2]	set()	2.9851235834174608	2.834282298183468	2.788604995858117	0.0	0	[8.335257414728403]	0.04820347397840233	0	0	0	0	0	0.5	1.0	0	0
302	1.0	5.0	[3, 3, 3, 3]	set()	3.561641419110245	2.7452530756997757	2.7867337941236454	0.0	0	[36.59821953624487, 393.8462599180639, 438.7014858987763, 748.4579502070692]	1.338216516660378	0	0	0	0	0	0.549125	2.75	0	0
118	1.0	5.0	[3, 3, 3]	set()	3.652574872944529	3.202911182806723	3.2067229883714865	0.0	0	[272.4387003108859, 480.7373946532607, 570.1367165893316]	1.2598344850720373	0	0	0	0	0	0.24775000000000003	1.25	0	0
492	1.0	5.0	[3]	set()	7.353614645302911	7.070131876525417	6.727720194713203	0.0	0	[969.598908443004]	0.13613364970842753	0	0	0	0	0	0.378875	0.875	0	0
179	1.0	5.0	[3, 3, 2, 3]	set()	7.109903851458867	5.377059363754631	5.581072186216057	0.0	0	[129.10118978470564, 206.4691519599613, 694.387129603461, 841.0961672898587]	1.386299058652575	0	0	0	0	0	0.291875	1.625	0	0
366	1.0	5.0	[2, 3, 2]	set()	4.920537334457865	4.300704822849891	4.248460792741694	0.0	0	[225.1152558426397, 805.6292930948658, 961.828667903319]	1.0660446869435278	0	0	0	0	0	0.375	1.5	0	0
247	1.0	5.0	[3, 3, 3, 3, 3]	set()	5.709594844959786	4.448036582179285	4.501459250489564	0.0	0	[115.71980587455232, 146.1693001911044, 231.01121742613276, 406.11309968048914, 803.1973709614622]	1.5569398738756295	0	0	0	0	0	0.475125	2.875	0	0
429	1.0	5.0	[2, 2, 3, 3]	set()	4.4075745810691895	3.647206804056605	3.6236268454758633	0.0	0	[127.96125304885209, 201.66591880843043, 357.4315174482763, 390.75793675147]	1.160181986406343	0	0	0	0	0	0.21837499999999999	1.5	0	0
58	1.0	5.0	[2, 3, 3, 3]	set()	6.834708952147808	5.284991985077505	5.49498695805328	0.0	0	[109.77130755782127, 563.3219423248418, 635.421983897686, 833.43936237622]	1.4099365344460288	0	0	0	0	0	0.503875	2.375	0	0
119	1.0	5.0	[3, 3]	set()	6.079555564990265	5.127735516656859	5.141813384084757	0.0	0	[373.7134458497167, 671.5599223971367]	1.0942637257740415	0	0	0	0	0	0.46825	1.375	0	0
303	1.0	5.0	[3, 3, 3, 3]	set()	6.28822096857608	4.83388423257428	4.884977638817833	0.0	0	[520.3903934452683, 594.8354137856526, 707.2265211027116, 778.3251707442105]	1.3008784766844417	0	0	0	0	0	0.42525	2.125	0	0
493	1.0	5.0	[3]	set()	5.48843464442879	5.271696818652843	5.286443447069117	0.0	0	[373.5375888645649]	0.6608116362508879	0	0	0	0	0	0.171625	0.375	0	0
180	1.0	5.0	[3, 2, 3]	set()	5.513582819519247	4.755356885067064	4.708476883253747	0.0	0	[122.62403452768922, 214.98323464766145, 402.4794124998152]	1.0989199418215356	0	0	0	0	0	0.46499999999999997	1.75	0	0
59	1.0	5.0	[3, 3]	set()	5.067520180097094	4.02163782449425	3.9377579628744783	0.0	0	[179.06317953020334, 270.2816587407142]	0.7563458901658932	0	0	0	0	0	0.375	1.125	0	0
304	1.0	5.0	[3]	set()	5.172171182885411	4.881578752283476	4.876642600564446	0.0	0	[842.4706738442183]	0.43555013408324894	0	0	0	0	0	0.23024999999999998	0.375	0	0
120	1.0	5.0	[2, 2]	set()	5.387305969355828	4.478790788467827	4.517228227466227	0.0	0	[422.3038228228688, 943.5026552528144]	0.8660127766757489	0	0	0	0	0	0.25	0.75	0	0
367	1.0	5.0	[3, 2, 3, 3, 3, 3]	set()	5.820993446772707	3.8335939967558956	4.079868104200438	0.0	0	[91.35947842150884, 176.06157691368463, 179.26091079455796, 217.15002646669743, 460.13711486011744, 868.3365297038108]	1.546570124770033	0	0	0	0	0	0.40862499999999996	3.625	0	0
430	1.0	5.0	[3, 3, 3, 2, 3, 2]	set()	8.634194283798545	5.936161669763548	6.18034327881062	0.0	0	[207.81480126002893, 484.2287343926728, 595.5188030210205, 718.1591736989899, 847.3279809113592, 987.8185894270466]	1.7774229204609737	0	0	0	0	0	0.17162499999999997	1.0	0	0
494	1.0	5.0	[3, 3, 2]	set()	4.438654380931981	3.8957307649905903	3.8093749388548646	0.0	0	[74.530935471957, 146.92232618108392, 258.6066331773962]	0.8502618534962957	0	0	0	0	0	0.241	0.875	0	0
60	1.0	5.0	[3]	set()	1.907566902268406	1.7960655742581413	1.7845954938481252	0.0	0	[311.9603372178972]	0.620660195464103	0	0	0	0	0	0.375	0.75	0	0
181	1.0	5.0	[2]	set()	3.1654529010788504	2.9456683341347096	2.943799978426325	0.0	0	[599.4389657862484]	0.6732384911606871	0	0	0	0	0	0.125	0.25	0	0
305	1.0	5.0	[2, 3]	set()	5.402610111510936	5.32233661860039	5.316234535563661	0.0	0	[371.4712797664106, 424.24964159727097]	0.8409785431611546	0	0	0	0	0	0.053	0.25	0	0
121	1.0	5.0	[3, 3]	set()	4.5798255765360585	3.95391548889507	4.047135187080229	0.0	0	[158.75756740570068, 196.4605962857604]	0.5915222742190203	0	0	0	0	0	0.33075	0.75	0	0
368	1.0	5.0	[3]	set()	2.939313539585779	2.8709657302735545	2.8708935243334155	0.0	0	[502.682545920834]	0.6931327883856655	0	0	0	0	0	0.375	0.75	0	0
431	1.0	5.0	[3, 3, 3, 3, 3]	set()	4.916582819356083	3.708363624965308	3.814049232313899	0.0	0	[104.8265064728171, 219.5579555787788, 483.5781326983124, 750.2654325217009, 855.3554336540401]	1.7053492990600958	0	0	0	0	0	0.389375	2.375	0	0
182	1.0	5.0	[3]	set()	3.33813505599058	3.1361253403495155	3.1143730723592413	0.0	0	[81.36879559606314]	0.28209978307933103	0	0	0	0	0	0.25	0.5	0	0
495	1.0	5.0	[2, 3, 3, 3, 3, 3]	set()	9.031953031646484	6.561408908328097	6.757483152201388	0.0	0	[174.54916298674885, 175.74004198148606, 242.19166552566173, 373.3541746556792, 600.0650517701738, 957.7578497119248]	1.5971666672347442	0	0	0	0	0	0.438625	3.125	0	0
122	1.0	5.0	[3]	set()	2.889741913124925	2.6061476720215206	2.6562767335458033	0.0	0	[341.4111591409892]	0.6419670574468104	0	0	0	0	0	0.33237500000000003	0.625	0	0
369	1.0	5.0	[3, 3]	set()	3.0302841490144363	2.737572762111852	2.6335173538979144	0.0	0	[326.0632006837705, 749.5027706027031]	1.0760529314122458	0	0	0	0	0	0.612875	1.875	0	0
306	1.0	5.0	[2, 3]	set()	3.711051866422557	3.481973420811755	3.5242845502542393	0.0	0	[191.51123613119125, 932.5871006585658]	0.7204036486309541	0	0	0	0	0	0.5085	1.625	0	0
61	1.0	5.0	[2, 2, 2, 2, 3]	set()	8.48099703458266	5.517419557643887	6.025761610789596	0.0	0	[21.516471868380904, 68.51674081503889, 295.68813310307297, 376.43431685864925, 857.498038560152]	1.3958530546177494	0	0	0	0	0	0.017875	0.125	0	0
432	1.0	5.0	[2]	set()	6.877858732144411	5.711581934486536	5.762230342408898	0.0	0	[776.4867590740323]	0.5313187245195015	0	0	0	0	0	0.25	0.5	0	0
183	1.0	5.0	[3]	set()	2.7862854038737708	2.641834633666656	2.6526168801638903	0.0	0	[592.7211828529835]	0.6758528143993514	0	0	0	0	0	0.19899999999999998	0.375	0	0
123	1.0	5.0	[3, 3]	set()	2.6593417948701092	2.3847474046058035	2.3709277207854194	0.0	0	[586.4356644451618, 820.2455546706915]	0.9612477372591917	0	0	0	0	0	0.625	1.875	0	0
307	1.0	5.0	[3]	set()	3.5797178134830823	3.206375969968869	3.193476751730132	0.0	0	[65.06509240716696]	0.2406826134306445	0	0	0	0	0	0.116875	0.125	0	0
370	1.0	5.0	[3, 3, 3, 2]	set()	6.246782383973152	4.392193299831375	4.659968769713525	0.0	0	[96.9254756346345, 115.19670253619552, 311.02593475952744, 385.583458468318]	1.1114735738097234	0	0	0	0	0	0.300875	1.75	0	0
184	1.0	5.0	[3]	set()	3.7938201479793525	3.487742632400562	3.5044688869153875	0.0	0	[580.1971908658743]	0.6802282724123504	0	0	0	0	0	0.4475	0.875	0	0
433	1.0	5.0	[3]	set()	6.423097188925456	5.449142365847508	5.711096004690233	0.0	0	[955.4974059574306]	0.1819986485568639	0	0	0	0	0	0.125	0.25	0	0
308	1.0	5.0	[2]	set()	5.132876702288778	5.058896697208015	5.023274656018957	0.0	0	[215.1960430201143]	0.5207601553105106	0	0	0	0	0	0.0	0.0	0	0
371	1.0	5.0	[3, 3, 3, 2, 3, 3]	set()	7.468622452127625	4.081259718466976	4.953439490108776	0.0	0	[39.31044583124565, 275.9621007971172, 280.9795173816383, 584.557283543929, 703.3555307425559, 787.1478276383426]	1.6468910498193565	0	0	0	0	0	0.24262499999999998	2.0	0	0
185	1.0	5.0	[3]	set()	5.268647490796259	4.658549442972269	4.845777825689035	0.0	0	[236.22282524593172]	0.5466868052502174	0	0	0	0	0	0.1545	0.375	0	0
309	1.0	5.0	[2, 3]	set()	3.993036081458771	3.32127324585349	3.3487547653388905	0.0	0	[81.15002512931824, 244.2375561222434]	0.711193527647474	0	0	0	0	0	0.25	0.75	0	0
