iter	recomb_rate	mut_rate	recomb_type	recomb_node	ARG_length_1	ARG_length_2	ARG_length_3	ARG_length_4	root_height_change	bp	bp_pos_deviation	rank_stat	info_sites_global	confounding_info_sites	consistent_info_sites	weighted_consistent_info_sites	rf_dist	no_neu_recurr_mut	no_adv_recurr_mut	info_sites_imbalance
124	0.1	25.0	[3]	{0}	2.656230230083684	2.396739615524296	2.242352042008525	0.0	0	158.91467197798187	341.08532802201813	1.7483753391450625	49	27	38	24.865440159339457	2.4540711753972975	0	0	27
248	0.1	25.0	[1]	{2}	1.4978845926959796	1.1052496529235862	1.1052496529235862	0.0	0	493.0770564824344	6.9229435175656135	1.0606601717798212	7	1	4	2.6311541129648686	0.0	0	0	1
310	0.1	25.0	[1]	{1}	2.293071973308639	2.2628352230009363	2.2628352230009363	0.0	0	622.560782590881	122.56078259088099	1.4458731732254195	46	18	32	19.97517652227357	0.0	0	0	18
372	0.1	25.0	[3]	{1}	6.737787844477052	6.557176335708169	6.588795864682846	0.0	0	220.23557638749492	279.7644236125051	7.147249546726075	125	119	122	79.42190380544962	12.396661830187377	0	0	119
186	0.1	25.0	[2]	{2}	3.2012940096010394	2.6252528472411405	2.79045480784117	0.0	0	140.86388703435662	359.1361129656434	1.9812009571733007	59	49	54	33.32273880358041	1.6498059893434398	0	0	49
62	0.1	25.0	[3]	{2}	1.3388113269470452	1.0850895626467882	1.067084431192738	0.0	0	787.3426338192077	287.34263381920766	2.60423717853257	17	13	15	9.504916295627131	0.5664683301256621	0	0	13
434	0.1	25.0	[3]	{2}	4.493347416632689	3.572184553933707	3.85113487391322	0.0	0	915.9734258428216	415.9734258428216	2.2712394820115707	66	56	61	33.390302133701745	4.519590983134827	0	0	56
0	0.1	25.0	[3]	{2}	1.907321777204697	1.5599667216115507	1.5690097146039101	0.0	0	276.3252260629088	223.67477393709117	1.069778949862942	20	12	16	10.896601808503267	1.1485762572776395	0	0	12
496	0.1	25.0	[1]	{2}	4.732986919688102	3.9094335412052703	3.9094335412052703	0.0	0	551.4401406981051	51.4401406981051	0.29277002188455997	9	1	5	3.6763204220943155	0.0	0	0	1
125	0.1	25.0	[3]	{2}	5.407224693311097	4.684831566284557	4.658459184224874	0.0	0	674.5284190401436	174.5284190401436	5.30885970918558	87	55	71	50.94478952399641	4.975431834032251	0	0	55
373	0.1	25.0	[1]	{1}	4.140786524766445	3.1879167287745878	3.1879167287745878	0.0	0	297.1333814784885	202.8666185215115	0.7348469228349533	9	1	5	3.7441333814784885	0.0	0	0	1
311	0.1	25.0	[1]	{0}	1.4818035785372048	1.183958363382499	1.183958363382499	0.0	0	132.01139122247685	367.98860877752315	1.3643820804812932	23	7	15	9.219125303447244	0.0	0	0	7
249	0.1	25.0	[2]	{2}	1.6829645163080693	1.4325972637686029	1.4382674251576328	0.0	0	416.9085016474128	83.09149835258722	0.1556997888323046	32	4	18	14.729280976936224	0.665025137415123	0	0	4
63	0.1	25.0	[1]	{2}	7.832480714456453	5.337575248212882	5.337575248212882	0.0	0	644.9347534216939	144.93475342169393	0.0	5	1	3	2.522934753421694	0.0	0	0	1
187	0.1	25.0	[1]	{2}	6.130903562957876	5.5405495804157745	5.5405495804157745	0.0	0	163.76194381155076	336.23805618844926	0.9507278005253982	116	56	86	53.15095550492407	0.0	0	0	56
435	0.1	25.0	[1]	{1}	2.519262121381873	2.1681244121839747	2.1681244121839747	0.0	0	185.60274620540451	314.3972537945955	0.06438005420030285	46	14	30	18.92487689375132	0.0	0	0	14
497	0.1	25.0	[3]	{0}	3.308428722732245	2.661556103156716	2.6008012702283936	0.0	0	348.19530253298564	151.80469746701436	0.561011491466461	50	2	26	20.79682818480209	1.3560549066048606	0	0	2
1	0.1	25.0	[1]	{0}	4.519526041758721	3.518061015884122	3.518061015884122	0.0	0	463.5751878377051	36.42481216229493	1.6583123951777	32	8	20	15.040150375675408	0.0	0	0	8
126	0.1	25.0	[1]	{0}	3.1216309755276033	2.4375760192038793	2.4375760192038793	0.0	0	888.3369285613298	388.33692856132984	0.9741763740941048	29	5	17	9.539619928702713	0.0	0	0	5
374	0.1	25.0	[3]	{2}	6.997689739604154	5.963977694838083	5.932788613687074	0.0	0	769.509474746883	269.50947474688303	4.153791770996971	121	71	96	65.9465641616434	5.59189583247467	0	0	71
250	0.1	25.0	[3]	{2}	2.310237520122012	1.9902093800084117	2.051164604559193	0.0	0	798.026588279754	298.02658827975404	2.6	39	31	35	22.070388469565653	2.7524212005187287	0	0	31
188	0.1	25.0	[1]	{2}	4.938844975954812	4.267134110748693	4.267134110748693	0.0	0	196.43004192039376	303.56995807960624	0.4629100498862757	13	3	8	5.258580251522361	0.0	0	0	3
312	0.1	25.0	[2]	{1}	8.127468326468762	6.634604870070297	6.643770105450193	0.0	0	336.07156993821275	163.92843006178725	1.0775841957051477	114	2	58	41.96414709814636	2.6359459230314775	0	0	2
64	0.1	25.0	[1]	{1}	5.792162883161746	5.090520981946996	5.090520981946996	0.0	0	68.39021854102623	431.60978145897377	0.17366269075057592	83	5	44	24.3163891787231	0.0	0	0	5
436	0.1	25.0	[1]	{0}	3.9373656450341903	3.6280752038731148	3.6280752038731148	0.0	0	50.185011001303565	449.81498899869644	1.0803914371968328	51	7	29	14.824365319037806	0.0	0	0	7
498	0.1	25.0	[1]	{0}	4.015427079773104	3.3504609198312516	3.3504609198312516	0.0	0	448.4934518113731	51.50654818862688	1.3416407864998738	4	0	2	1.141	0.0	0	0	0
2	0.1	25.0	[1]	{2}	1.1975281572448644	1.020852270390347	1.020852270390347	0.0	0	246.2954591028393	253.7045408971607	1.3333333333333333	8	2	5	3.9277045408971607	0.0	0	0	2
127	0.1	25.0	[1]	{2}	4.009232236253562	3.226388247375231	3.226388247375231	0.0	0	203.13487155362964	296.86512844637036	2.135808425767383	56	18	37	24.924292816411704	0.0	0	0	18
251	0.1	25.0	[2]	{2}	2.7267066010323564	2.2486265401117853	2.2236053242028246	0.0	0	723.5966222360731	223.59662223607313	1.997824904196083	33	3	18	12.757999999999997	0.9721553952972575	0	0	3
189	0.1	25.0	[3]	{1}	2.2843551830017432	2.0148318918213626	2.0117249921237903	0.0	0	531.9706909358504	31.97069093585037	2.4628771839478376	46	24	35	25.689029309064153	2.484848462148029	0	0	24
375	0.1	25.0	[2]	{1}	6.3140133838575085	4.905724770920765	4.8673755743051235	0.0	0	936.725687235594	436.725687235594	0.5732493021245196	85	9	47	27.882795448869462	1.798179601407771	0	0	9
313	0.1	25.0	[3]	{1}	8.152760744529385	6.47508769405589	6.281061774482438	0.0	0	894.39123403281	394.39123403280996	1.5852361187029176	96	22	59	34.93939446852356	1.8238927918310823	0	0	22
65	0.1	25.0	[2]	{0}	4.204932188109537	3.7702601906203324	3.7638207435238185	0.0	0	361.71198193915177	138.28801806084823	1.109730522019572	90	28	59	41.866615223383526	1.7079201233749701	0	0	28
437	0.1	25.0	[2]	{0}	2.364769073711172	2.0400980847440775	1.9542106092828542	0.0	0	2.425734186544959	497.57426581345504	2.39534179975684	29	15	22	11.541366152103988	0.9444384468249094	0	0	15
499	0.1	25.0	[2]	{0}	4.49786789191139	4.088344497203117	4.049699370127348	0.0	0	559.0347272809595	59.03472728095949	3.1167914248177335	98	28	63	48.5512849093955	2.4553822718424856	0	0	28
3	0.1	25.0	[2]	{0}	2.239345066677583	1.9609782902892312	1.946466802919273	0.0	0	712.3946335632355	212.39463356323552	1.3588540570494747	42	6	24	16.13989659586176	0.8951174994404196	0	0	6
252	0.1	25.0	[1]	{0}	5.64810933509918	5.526958660994195	5.526958660994195	0.0	0	236.89882829785347	263.10117170214653	0.7636496582544282	44	0	22	15.74478593957424	0.0	0	0	0
128	0.1	25.0	[1]	{0}	5.370219780235145	3.914355111450833	3.9143551114508335	0.0	0	96.15002060309048	403.84997939690953	nan	4	4	4	1.761600082412362	0.0	0	0	4
190	0.1	25.0	[1]	{2}	5.758501011782176	4.7974398869107215	4.7974398869107215	0.0	0	394.2353990860284	105.7646009139716	0.033389028164708894	22	0	11	8.271176995430142	0.0	0	0	0
314	0.1	25.0	[1]	{0}	3.503282335654604	2.717426060569337	2.717426060569337	0.0	0	501.208529341966	1.2085293419660275	0.7855844048495726	29	11	20	13.604165882632136	0.0	0	0	11
376	0.1	25.0	[2]	{0}	6.03767487662858	4.981910652864817	4.897162754267466	0.0	0	335.3340334724633	164.66596652753668	1.3184100118715407	80	10	46	34.845004200834786	2.392990856043261	0	0	12
66	0.1	25.0	[1]	{0}	6.70752694870768	4.786610778803007	4.7866107788030074	0.0	0	49.66791160404687	450.3320883959531	0.647150228929434	12	6	9	4.786675381228328	0.0	0	0	6
438	0.1	25.0	[3]	{0}	8.152574450189114	6.74599551462739	6.734870076833811	0.0	0	688.6794075835497	188.67940758354973	4.3991032418953075	133	63	98	64.57838843598958	5.022478683120706	0	0	63
4	0.1	25.0	[1]	{1}	3.7790072467109477	2.8535053597146427	2.8535053597146427	0.0	0	652.5078481063248	152.5078481063248	0.9701425001453319	16	2	9	6.465523544318975	0.0	0	0	2
253	0.1	25.0	[3]	{0}	3.3703350490052686	2.856347181392393	2.8688961734902425	0.0	0	411.834164056927	88.16583594307298	3.6661368551323124	51	29	40	29.131678296796974	2.8714930485749015	0	0	29
315	0.1	25.0	[1]	{0}	3.608981106653818	3.1242702355901377	3.1242702355901377	0.0	0	511.6798365488648	11.679836548864785	0.0	7	1	4	2.7853596730977297	0.0	0	0	1
191	0.1	25.0	[2]	{1}	3.6058677724204604	2.7370914831948987	2.780664563111408	0.0	0	13.295783894136658	486.70421610586334	0.6619582613212986	45	17	32	17.524873516824098	1.0672574951916347	0	0	19
377	0.1	25.0	[1]	{1}	11.617874563229158	8.285344906895975	8.285344906895975	0.0	0	69.52513987198469	430.4748601280153	nan	0	0	0	0.0	0.0	0	0	0
439	0.1	25.0	[1]	{2}	2.717780931842886	2.2853749542993005	2.2853749542993005	0.0	0	242.42531647905716	257.5746835209428	0.2799452432867979	36	4	20	13.577805063664917	0.0	0	0	4
67	0.1	25.0	[2]	{2}	3.16752416926648	2.7516602575836915	2.7512932126902	0.0	0	594.6911524515599	94.6911524515599	2.309494800549729	43	9	26	18.29570617058128	1.171407360249599	0	0	9
5	0.1	25.0	[2]	{1}	2.9052725682552394	2.47619249626797	2.5465600535843684	0.0	0	269.8925517033788	230.10744829662121	0.1800756689900115	58	26	42	26.042916964728384	1.3997268098941489	0	0	26
129	0.1	25.0	[1]	{0}	7.809212714587565	5.5949130620078105	5.594913062007809	0.0	0	841.6457469575108	341.6457469575108	0.5685352436149612	21	1	11	8.261771265212445	0.0	0	0	1
254	0.1	25.0	[2]	{2}	2.2897577624174	1.9936932898863386	1.994892387159264	0.0	0	474.5942226145417	25.405777385458293	1.5126508264255916	37	1	19	14.353651996469125	0.8972113245700342	0	0	1
316	0.1	25.0	[1]	{0}	5.243636031422497	4.720659792859264	4.720659792859264	0.0	0	942.019861890003	442.01986189000297	0.408248290463863	19	3	11	6.538821242989973	0.0	0	0	3
378	0.1	25.0	[1]	{0}	11.729945789541032	9.597585093421653	9.597585093421651	0.0	0	844.1604007966815	344.16040079668153	1.0	2	0	1	0.26883959920331846	0.0	0	0	0
192	0.1	25.0	[1]	{1}	1.878436073323353	1.2963417963177086	1.2963417963177086	0.0	0	869.7123150341213	369.7123150341213	nan	0	0	0	0.0	0.0	0	0	0
440	0.1	25.0	[2]	{2}	4.595000651269575	4.3179205013025035	4.190976221482559	0.0	0	791.0657739266754	291.06577392667543	1.7547130412528589	111	45	78	50.396869633719334	2.329611955774638	0	0	45
68	0.1	25.0	[2]	{0}	4.666014728053369	4.419564725426504	4.423659546478884	0.0	0	770.1324403751644	270.1324403751644	1.4308927049326663	102	54	78	49.55419941223784	2.1058107507703685	0	0	54
130	0.1	25.0	[1]	{2}	7.534010171174267	5.725006638125489	5.725006638125489	0.0	0	499.5428491383791	0.457150861620903	0.0	3	1	2	1.489	0.0	0	0	1
6	0.1	25.0	[2]	{2}	4.352585996925221	3.5455338986145417	3.53547734790227	0.0	0	671.4813723228872	171.48137232288718	0.8560087587956656	55	5	30	20.540372553542255	1.4178294989159315	0	0	5
255	0.1	25.0	[2]	{0}	5.825467159013877	5.338965179239237	5.284681014356297	0.0	0	344.5758521556855	155.42414784431452	1.0214594022010017	115	23	69	48.006430390119576	2.7212121124161652	0	0	23
379	0.1	25.0	[3]	{1}	10.765942450473215	10.382485619716594	10.398670107702333	0.0	0	863.8320793397727	363.8320793397727	8.690078008951723	223	215	219	133.7283560196943	18.638189558965294	0	0	215
317	0.1	25.0	[1]	{2}	4.927646073847999	4.0279393695079	4.027939369507898	0.0	0	95.53639171645048	404.46360828354955	0.7137742529753551	74	4	39	23.238700926642874	0.0	0	0	4
193	0.1	25.0	[3]	{1}	4.85680333379508	4.277813228614846	4.222793190847218	0.0	0	369.6932471357287	130.3067528642713	3.913868800043918	84	42	63	46.66855818985031	5.063760262869478	0	0	42
69	0.1	25.0	[3]	{0}	2.4591778041695576	2.117764391590256	2.1111797337471305	0.0	0	441.8546683155	58.14533168449998	3.72955574521214	35	23	29	21.379564004946502	2.2476158687893086	0	0	23
441	0.1	25.0	[2]	{1}	4.492756670966405	3.838031694228709	3.682672658912491	0.0	0	728.7430441938342	228.74304419383418	0.26040724817205546	78	4	41	31.096770867418503	2.115480157751614	0	0	4
131	0.1	25.0	[1]	{2}	5.5229242601821	4.397654913968793	4.397654913968794	0.0	0	8.049045223742779	491.9509547762572	0.1270001270001905	30	6	18	10.183882814027369	0.0	0	0	6
7	0.1	25.0	[1]	{2}	5.315402573289106	4.018506889527007	4.018506889527008	0.0	0	207.20511721447107	292.7948827855289	0.10073108022903861	52	6	29	20.81648699264601	0.0	0	0	6
256	0.1	25.0	[3]	{1}	2.1594358236779856	1.870292262148848	1.8584853362079228	0.0	0	412.0448392350229	87.95516076497711	4.1723444981736995	40	24	32	23.942269035410135	2.0455057597625355	0	0	24
194	0.1	25.0	[1]	{0}	6.77013809309711	5.019736780222756	5.019736780222756	0.0	0	107.57133690640325	392.42866309359675	2.2836061706995676	24	2	13	7.716999358344823	0.0	0	0	2
380	0.1	25.0	[1]	{1}	11.097033066356515	8.218330602253337	8.218330602253337	0.0	0	984.6398327499628	484.6398327499628	0.8249579113843055	15	3	9	5.237241505250335	0.0	0	0	3
70	0.1	25.0	[3]	{0}	3.796597389441206	3.440814090524722	3.48079887653689	0.0	0	641.3216365035626	141.32163650356256	6.129234328986056	84	72	78	55.85970763188601	5.349741313269066	0	0	72
318	0.1	25.0	[1]	{2}	3.525180855260841	3.0558485847171464	3.0558485847171464	0.0	0	698.9832054823638	198.98320548236381	nan	1	1	1	0.7670167945176362	0.0	0	0	1
442	0.1	25.0	[1]	{2}	5.892379532049663	4.745006088076048	4.745006088076048	0.0	0	136.07143680565065	363.92856319434935	1.9892663849480288	90	26	58	35.77185747222602	0.0	0	0	26
132	0.1	25.0	[3]	{1}	1.4279490878554435	1.1934664420843144	1.181262890091144	0.0	0	864.0269620809706	364.02696208097063	1.1844401845279642	29	19	24	14.246406834218647	0.9159323521758251	0	0	19
8	0.1	25.0	[1]	{1}	3.601533960283624	2.908044686858849	2.908044686858849	0.0	0	618.8602764159442	118.86027641594421	1.0	2	0	1	0.7991397235840558	0.0	0	0	0
257	0.1	25.0	[3]	{1}	5.6210379668786485	5.480636598353401	5.338029905661268	0.0	0	894.1095580812547	394.1095580812547	1.8088793035952868	86	70	78	47.64220739896221	9.339856747609524	0	0	70
319	0.1	25.0	[3]	{1}	3.175690903872148	2.7044764558737597	2.718806095688823	0.0	0	207.6994532253594	292.30054677464057	3.81107966983353	53	39	46	29.036786877408616	2.7453269926717168	0	0	39
195	0.1	25.0	[1]	{1}	4.4994843639416615	4.299446226644855	4.299446226644855	0.0	0	745.5460086930545	245.54600869305455	1.0	2	0	1	0.3334539913069454	0.0	0	0	0
381	0.1	25.0	[1]	{1}	1.35200747724254	1.0972122386232586	1.0972122386232586	0.0	0	917.1640602871778	417.1640602871778	0.11785113019775793	15	3	9	4.2415234574154	0.0	0	0	3
71	0.1	25.0	[2]	{1}	2.302335770568546	1.8717409333454211	1.958055467054681	0.0	0	149.05074308626365	350.94925691373635	1.2991505716398728	32	16	24	14.114014861725272	1.0528334899290799	0	0	16
133	0.1	25.0	[3]	{1}	1.4312061265410336	1.1495243757459255	1.145563457961495	0.0	0	481.848572380841	18.151427619158994	0.0	20	2	11	8.41384857238084	0.7954861251730575	0	0	2
443	0.1	25.0	[3]	{2}	2.8132936430738087	2.1113097203829256	2.29740354435396	0.0	0	982.5225127860904	482.5225127860904	0.12458356352887048	40	26	33	16.83875707805902	1.8851351834238144	0	0	26
9	0.1	25.0	[1]	{1}	5.007433892447158	3.8527074759016555	3.8527074759016555	0.0	0	131.65501970797771	368.3449802920223	1.224744871391589	3	3	3	1.6636550197079776	0.0	0	0	3
258	0.1	25.0	[3]	{1}	1.0227619604986742	0.883012322689962	0.8802540251195561	0.0	0	275.7713489700109	224.22865102998912	2.5086740278783255	24	20	22	15.347256187640134	0.9177617097141817	0	0	20
196	0.1	25.0	[3]	{1}	2.4398307395390817	1.998046167838389	1.9924490737111324	0.0	0	641.7888544965535	141.78885449655354	2.3849888978799783	30	12	21	16.088211145503447	1.3400830050241161	0	0	12
382	0.1	25.0	[3]	{2}	4.173716586850839	3.8048978609471162	3.8200530225229787	0.0	0	248.79425880499184	251.20574119500816	5.635445125120265	83	75	79	55.625918681444595	5.578454337468184	0	0	75
320	0.1	25.0	[1]	{2}	5.377819971924881	4.7353747991565545	4.7353747991565545	0.0	0	616.23855214566	116.23855214566004	0.262431940540739	65	3	34	25.262614478543405	0.0	0	0	3
72	0.1	25.0	[1]	{2}	6.272763280572075	5.275505886591899	5.275505886591899	0.0	0	896.9502502586694	396.95025025866937	0.09237755128757119	65	5	35	21.871442742498587	0.0	0	0	5
444	0.1	25.0	[1]	{2}	6.2890301791857155	5.081611270525606	5.081611270525606	0.0	0	372.3804806359113	127.61951936408872	1.1125260831613277	39	1	20	12.535326728902756	0.0	0	0	1
134	0.1	25.0	[2]	{1}	5.606381256693915	5.1795746387417285	5.2656104099750785	0.0	0	126.65598327293996	373.34401672706	0.7396628621307254	112	68	90	48.02472652801869	2.692866145781984	0	0	68
10	0.1	25.0	[1]	{0}	9.014206827877238	7.497856202590251	7.497856202590251	0.0	0	631.7209075205029	131.72090752050292	1.067268710306828	31	5	18	12.44511636991799	0.0	0	0	5
259	0.1	25.0	[1]	{0}	2.3800748364893725	2.0812884233993256	2.0812884233993256	0.0	0	186.02934526279563	313.97065473720437	0.6123724356957946	11	5	8	4.022234762102364	0.0	0	0	5
383	0.1	25.0	[3]	{0}	9.054877043276951	7.925186620898499	7.900736547593427	0.0	0	259.206669870764	240.79333012923598	5.604445662583734	131	95	113	76.73660686211664	8.978169782885933	0	0	95
197	0.1	25.0	[2]	{0}	2.1931936555919185	1.8618544998690774	1.7956502925408953	0.0	0	255.21708442829555	244.78291557170445	0.5008354224706333	45	1	24	14.357341688565912	0.9695143634296268	0	0	3
73	0.1	25.0	[1]	{1}	8.57956825513716	7.421149054618585	7.421149054618585	0.0	0	958.102547330782	458.10254733078204	0.565685424949238	29	13	21	11.14905160071514	0.0	0	0	13
321	0.1	25.0	[1]	{2}	2.6598002537565257	2.327245146706782	2.327245146706782	0.0	0	381.282740039751	118.71725996024901	0.06950480468569159	45	7	26	19.858130960159006	0.0	0	0	7
445	0.1	25.0	[2]	{2}	4.01194268642027	3.385760720344793	3.2196792730922956	0.0	0	115.22033088840548	384.7796691115945	1.034270726863522	66	2	34	18.797728603098545	1.645335327545757	0	0	2
135	0.1	25.0	[1]	{0}	4.735348537001739	3.987860626295557	3.987860626295557	0.0	0	792.82436450012	292.82436450012005	1.794221493916169	51	21	36	22.50116143899784	0.0	0	0	21
11	0.1	25.0	[1]	{1}	11.026890318960037	7.734381660794957	7.734381660794959	0.0	0	193.16868204623455	306.83131795376545	0.9541300465126665	38	4	21	13.353192866601049	0.0	0	0	4
260	0.1	25.0	[2]	{0}	3.81140349174993	3.2996858441098293	3.2471029751927247	0.0	0	662.7762415446339	162.77624154463388	0.3764037045814055	55	1	28	18.354475169107324	1.6644389676150046	0	0	1
198	0.1	25.0	[3]	{2}	7.057519419727749	5.7516333066251715	6.000767406160676	0.0	0	808.9389698579909	308.93896985799086	5.038730463831792	123	93	108	72.64239417022468	6.4674412272647235	0	0	93
384	0.1	25.0	[1]	{2}	18.90639866685178	13.814902253499183	13.814902253499183	0.0	0	742.2423046082257	242.2423046082257	2.0207259421636903	8	2	5	3.3842730861753227	0.0	0	0	2
322	0.1	25.0	[1]	{2}	2.468424600047358	2.169183229401633	2.169183229401633	0.0	0	934.1553719714284	434.1553719714284	0.05730682550612528	41	15	28	17.687581816628573	0.0	0	0	15
74	0.1	25.0	[1]	{2}	3.130517147518743	2.97117451230206	2.97117451230206	0.0	0	78.31789297051722	421.6821070294828	0.34158855172449526	60	36	48	24.38825886258483	0.0	0	0	36
446	0.1	25.0	[1]	{1}	5.186352148310486	3.7123821544792204	3.7123821544792204	0.0	0	121.66094873100523	378.33905126899475	0.23145502494313785	15	1	8	4.631965692386031	0.0	0	0	1
136	0.1	25.0	[2]	{2}	7.755715625829109	6.538370279031133	6.459945966625666	0.0	0	730.8056806214155	230.8056806214155	1.4602629982755606	101	33	67	45.070910288307815	2.9218731719754754	0	0	33
12	0.1	25.0	[1]	{2}	4.42419536605299	3.8933119381659402	3.8933119381659402	0.0	0	875.314245466143	375.314245466143	0.4629100498862757	15	1	8	4.956114527203142	0.0	0	0	1
261	0.1	25.0	[2]	{1}	4.98882727552376	4.003677903693129	4.0351867654602	0.0	0	717.0882264617834	217.0882264617834	1.9182249228023533	70	24	47	33.53779433845541	1.6859162443040354	0	0	24
199	0.1	25.0	[1]	{1}	2.736126227244158	2.635175625589925	2.635175625589925	0.0	0	652.7753893751653	152.77538937516533	0.08021849185198157	36	0	18	12.895347663749009	0.0	0	0	0
385	0.1	25.0	[2]	{1}	4.065994437898309	3.5153946716168796	3.4072739685757	0.0	0	323.11620493419485	176.88379506580515	1.157375317359028	65	3	34	26.82476759013161	1.985529481969584	0	0	3
75	0.1	25.0	[3]	{1}	1.1491061788687125	1.0461980581523962	1.04687301741773	0.0	0	503.6123823374511	3.612382337451095	3.0568684048294332	17	15	16	12.600325705975294	1.6671930869220926	0	0	15
323	0.1	25.0	[3]	{1}	5.115972471020203	4.577229678895195	4.598646764727585	0.0	0	647.1113665029407	147.11136650294065	6.390890242854428	108	78	92	69.30066360196473	6.238923459269275	0	0	76
447	0.1	25.0	[1]	{2}	11.609631653875415	9.79846799954288	9.79846799954288	0.0	0	67.21204379573464	432.78795620426536	1.082870204560525	80	6	43	25.393269708033653	0.0	0	0	6
137	0.1	25.0	[1]	{1}	6.263653316939344	5.857428387453114	5.857428387453114	0.0	0	916.6295805480336	416.6295805480336	0.011495377924622135	118	62	91	46.23470817012895	0.0	0	0	64
13	0.1	25.0	[2]	{0}	3.2971147962376346	3.185380537125253	3.189486441641238	0.0	0	406.0330642387269	93.96693576127308	2.6348259320698384	64	10	37	25.47495886292308	1.5846242484657456	0	0	10
262	0.1	25.0	[3]	{0}	5.437395551357545	5.093592778765364	5.0739636341312835	0.0	0	547.0478450879453	47.04784508794535	6.041264695482157	90	74	82	62.64723447859284	8.384552421637903	0	0	74
386	0.1	25.0	[1]	{0}	4.997345229240047	4.231797798066943	4.231797798066943	0.0	0	210.28028288856152	289.7197171114385	nan	2	2	2	0.735560565777123	0.0	0	0	2
200	0.1	25.0	[1]	{1}	3.1356773121696517	2.280239940725348	2.280239940725348	0.0	0	18.231195397675062	481.76880460232496	0.0	7	3	5	2.305155976988375	0.0	0	0	3
76	0.1	25.0	[3]	{1}	10.342152045597725	9.230080409518058	9.211373738631655	0.0	0	453.9516784716399	46.04832152836008	9.156907082636206	148	122	136	103.00509664305675	12.04431765172636	0	0	124
324	0.1	25.0	[2]	{1}	3.3242593634566804	2.5986070515812347	2.671077123356646	0.0	0	125.53646275773654	374.46353724226344	1.221389746944481	58	24	41	23.167849122036255	1.202477824610631	0	0	24
448	0.1	25.0	[2]	{0}	6.197248911057462	5.777788156367108	5.573769823673888	0.0	0	812.8399085253476	312.8399085253476	2.281707884010478	101	25	64	40.33492567142845	3.127294685202927	0	0	27
138	0.1	25.0	[1]	{1}	2.8788245497414984	2.2103387179006844	2.2103387179006844	0.0	0	357.5442880392074	142.4557119607926	0.0	3	1	2	1.901	0.0	0	0	1
14	0.1	25.0	[1]	{1}	1.3976498882769763	1.2874152670612937	1.2874152670612937	0.0	0	909.803538117558	409.803538117558	0.5590169943749475	31	29	30	16.19389385647326	0.0	0	0	29
263	0.1	25.0	[3]	{1}	2.2419830007352086	1.9222419992833617	1.879974307620323	0.0	0	169.30336644873034	330.69663355126966	0.5097970656333187	32	8	20	11.244247130282227	1.7157105537471111	0	0	8
77	0.1	25.0	[2]	{0}	3.6130288363019005	2.825284644375756	2.8134265114663455	0.0	0	82.6036888174711	417.3963111825289	0.20681914679005176	45	5	25	13.184677465166894	1.035321862620291	0	0	5
387	0.1	25.0	[1]	{2}	8.216701697753066	6.95361200549314	6.953612005493139	0.0	0	281.79725585505355	218.20274414494645	0.5773502691896258	5	1	3	2.1483917675651605	0.0	0	0	1
201	0.1	25.0	[1]	{1}	6.189247456099881	5.119661597145531	5.11966159714553	0.0	0	654.6725213993343	154.6725213993343	0.5111012519999519	48	6	27	20.00260226460732	0.0	0	0	6
325	0.1	25.0	[1]	{2}	3.790103190980397	3.054214226073573	3.054214226073573	0.0	0	17.449853476136923	482.5501465238631	0.6735645239877782	20	6	13	6.691848095189779	0.0	0	0	6
202	0.1	25.0	[2]	{2}	1.9531091726809175	1.7440760471888708	1.7397926934443295	0.0	0	542.9119791369885	42.91197913698852	0.7974698666114665	40	0	20	14.909767707917842	0.8630553103810148	0	0	0
139	0.1	25.0	[2]	{2}	6.060077637629394	4.600844936221867	4.711696773044939	0.0	0	258.7837083265186	241.2162916734814	0.8288624656799143	69	1	36	24.238241583183402	2.1412116438007827	0	0	3
449	0.1	25.0	[2]	{1}	3.343173352638577	2.699463753599917	2.6485042920465762	0.0	0	715.7008287031205	215.70082870312046	1.9217284649607218	41	9	25	18.822897513890638	1.2131682683544904	0	0	9
15	0.1	25.0	[2]	{1}	8.340078389531506	7.346166746521636	7.244141148448088	0.0	0	396.8105423264207	103.18945767357928	1.7433487046148723	135	7	71	52.05168525121734	4.062823092195206	0	0	7
388	0.1	25.0	[2]	{2}	2.0859758737456593	1.7271631543775021	1.7469511201781525	0.0	0	86.78226009942586	413.21773990057414	2.0256914833653537	33	11	22	12.438209722187372	0.7518506864057752	0	0	11
326	0.1	25.0	[1]	{1}	5.547643413783285	4.040169181001873	4.040169181001873	0.0	0	299.04059227555985	200.95940772444015	nan	2	0	1	0.48304059227555995	0.0	0	0	0
78	0.1	25.0	[1]	{1}	1.495917873054904	1.252202045047093	1.252202045047093	0.0	0	940.2623837813736	440.2623837813736	0.6998964726756152	29	17	23	15.407489940591153	0.0	0	0	17
264	0.1	25.0	[1]	{2}	5.832616808218537	5.751821450950413	5.751821450950413	0.0	0	63.62465210258961	436.3753478974104	0.44674935250684983	123	79	101	55.483089862361545	0.0	0	0	79
140	0.1	25.0	[2]	{1}	4.5552290906767245	3.5333946117796966	3.675404995886435	0.0	0	49.42160914652063	450.5783908534794	2.7470937487044598	67	35	51	32.000502066472556	1.7129639852525316	0	0	35
450	0.1	25.0	[2]	{2}	4.2583516632608704	3.8329269383284323	3.798221988303939	0.0	0	419.022073969245	80.97792603075499	0.9996508074969921	66	10	38	26.43783881083131	2.097619123722728	0	0	10
203	0.1	25.0	[1]	{2}	6.146424017998445	5.457974272204103	5.457974272204103	0.0	0	832.5697572436184	332.56975724361837	0.21632002118690763	121	43	82	48.03455893499776	0.0	0	0	43
16	0.1	25.0	[1]	{1}	2.9944589104916353	2.465384928491787	2.465384928491787	0.0	0	718.1829763576388	218.18297635763884	nan	4	2	3	2.3864510709270834	0.0	0	0	2
327	0.1	25.0	[3]	{0}	7.466286871678962	7.106294628435431	6.72352078288324	0.0	0	55.1542390603571	444.8457609396429	0.5068118892706279	117	81	99	51.08065271073394	9.85090921892405	0	0	81
265	0.1	25.0	[1]	{1}	4.26955962315491	3.744978169388461	3.744978169388461	0.0	0	928.0276766512546	428.02767665125464	0.9320827648567408	25	3	14	7.541612526882435	0.0	0	0	3
389	0.1	25.0	[2]	{2}	6.846577770068006	5.710677516910041	5.793800972057343	0.0	0	436.76868220791226	63.23131779208774	1.426835899572498	108	26	67	50.541665428187706	3.685105204007258	0	0	26
79	0.1	25.0	[2]	{1}	7.746880623184726	7.325608466777764	7.340902764974009	0.0	0	75.99077187478557	424.00922812521446	1.4124840215418761	149	127	138	69.37372651872042	3.503533126333441	0	0	127
451	0.1	25.0	[1]	{0}	10.938372074727408	7.964609482233158	7.964609482233158	0.0	0	997.4436513148248	497.4436513148248	0.1889822365046136	11	3	7	3.0578944407962263	0.0	0	0	3
141	0.1	25.0	[1]	{1}	3.7677573371975566	2.5364983284552114	2.5364983284552114	0.0	0	85.596221499145	414.40377850085497	1.5491933384829668	4	0	2	1.56719244299829	0.0	0	0	0
17	0.1	25.0	[1]	{2}	3.7927534998449213	2.913843732171471	2.913843732171472	0.0	0	829.5578556135297	329.5578556135297	nan	1	1	1	0.4064421443864703	0.0	0	0	1
204	0.1	25.0	[3]	{1}	3.1472423777492207	2.872657865467989	2.8398742729197615	0.0	0	650.4350369796158	150.4350369796158	4.960747331250307	70	54	62	45.027649630203854	4.05346516357687	0	0	54
328	0.1	25.0	[1]	{2}	7.2097629476729574	5.190813723226435	5.190813723226435	0.0	0	34.15642725303772	465.8435727469623	0.3105295017040594	34	2	18	9.340815690554676	0.0	0	0	2
80	0.1	25.0	[1]	{1}	2.173219871731514	2.0580151102683857	2.0580151102683857	0.0	0	660.4932111222297	160.4932111222297	0.3418817293789138	10	2	6	4.505027155511081	0.0	0	0	2
266	0.1	25.0	[2]	{1}	8.62877922259895	7.46466752439914	7.597186621256435	0.0	0	198.7679451704026	301.23205482959736	1.3260179013625035	121	57	89	52.46813177812101	3.7227206327342883	0	0	57
390	0.1	25.0	[1]	{2}	11.77566733092949	9.955296568252502	9.9552965682525	0.0	0	280.90155823156243	219.09844176843757	0.0	7	1	4	2.817	0.0	0	0	1
452	0.1	25.0	[2]	{1}	1.2328388023500827	1.1042188335089238	1.0786621216429786	0.0	0	861.1372597515584	361.1372597515584	0.5477225575051661	23	15	19	10.56539206472039	0.5330100289520487	0	0	15
142	0.1	25.0	[1]	{0}	14.467614372763556	12.911324297442237	12.911324297442237	0.0	0	867.1858035959303	367.18580359593034	0.2449489742783178	9	3	6	4.120628392808139	0.0	0	0	3
18	0.1	25.0	[3]	{2}	2.128795808984802	1.9091073112785928	1.907543125780275	0.0	0	490.7669678796083	9.233032120391726	4.017953131685467	39	33	36	27.068466064240777	2.6569820506049497	0	0	33
205	0.1	25.0	[1]	{1}	3.1499849129967328	2.2506492914736036	2.250649291473603	0.0	0	299.3158614262939	200.6841385737061	0.0	8	0	4	2.3296317228525876	0.0	0	0	0
329	0.1	25.0	[1]	{2}	5.544778688073746	3.8853547521628102	3.8853547521628107	0.0	0	375.7736994884908	124.22630051150918	1.613743060919757	23	1	12	9.202189595907926	0.0	0	0	1
81	0.1	25.0	[3]	{0}	3.927218345156703	3.112410103222672	3.2905182639522375	0.0	0	247.1188171766697	252.8811828233303	3.9432660309744674	70	50	60	40.61575268706679	3.4651516356185557	0	0	50
267	0.1	25.0	[1]	{2}	2.6756461192565113	2.1155776962959276	2.1155776962959276	0.0	0	860.1843588985503	360.1843588985503	1.224744871391589	3	1	2	1.6396312822028993	0.0	0	0	1
391	0.1	25.0	[1]	{0}	7.30934687648613	6.0649603348800945	6.0649603348800945	0.0	0	346.5944421477615	153.40555785223847	1.3410492384920214	117	7	62	44.003322190068666	0.0	0	0	7
453	0.1	25.0	[3]	{1}	3.5018902653037074	2.6372770619763393	2.6481970324736306	0.0	0	110.8006844297052	389.1993155702948	0.1473752252367224	33	1	17	12.446604791007935	0.20229219546088284	0	0	1
143	0.1	25.0	[2]	{0}	2.1053231149909957	1.9087153820632812	1.8040568895117988	0.0	0	917.9149207193408	417.9149207193408	1.3749298523071758	35	11	23	14.96695682345516	1.0018254730874494	0	0	11
19	0.1	25.0	[1]	{1}	10.763983075797654	8.733316788946405	8.733316788946405	0.0	0	975.62147770077	475.62147770077	1.3416407864998738	8	2	5	3.89489261149615	0.0	0	0	2
206	0.1	25.0	[2]	{1}	3.834252373918007	3.2371475399149157	3.2052386657276495	0.0	0	528.508394258097	28.50839425809704	4.188058639135222	55	37	46	34.27111751961336	2.4073924318373425	0	0	37
330	0.1	25.0	[3]	{1}	3.376723676064422	2.731593975952055	2.700628816928406	0.0	0	676.3094027992339	176.3094027992339	3.378491982310179	55	29	42	31.390668360810732	1.520318130846122	0	0	29
82	0.1	25.0	[1]	{1}	7.341248960427482	6.994396980730633	6.994396980730633	0.0	0	742.1461571939288	242.14615719392884	nan	1	1	1	0.3258538428060711	0.0	0	0	1
392	0.1	25.0	[1]	{1}	9.065882345948049	6.094408852791956	6.094408852791956	0.0	0	775.8897976018488	275.88979760184884	nan	1	1	1	0.8201102023981511	0.0	0	0	1
268	0.1	25.0	[1]	{1}	5.343524427666164	4.668409868500779	4.668409868500779	0.0	0	992.9264136590062	492.92641365900624	nan	0	0	0	0.0	0.0	0	0	0
454	0.1	25.0	[1]	{0}	1.8330153750857678	1.5195020683758282	1.5195020683758282	0.0	0	971.2854584213344	471.2854584213344	0.5685352436149612	21	3	12	6.463574498943989	0.0	0	0	3
144	0.1	25.0	[1]	{1}	9.964642863885937	8.962343198533906	8.962343198533908	0.0	0	811.9441138114782	311.94411381147825	0.8645929541431207	68	4	36	21.043341268524518	0.0	0	0	4
20	0.1	25.0	[1]	{1}	11.404376263512393	10.201512771627819	10.201512771627819	0.0	0	851.4944608323277	351.4944608323277	1.3856406460551016	24	2	13	7.673538774173707	0.0	0	0	2
207	0.1	25.0	[2]	{0}	5.079790941665262	4.350024348194521	4.294985388337414	0.0	0	849.1358319297434	349.1358319297434	1.7404679956112354	64	20	42	27.553566722810267	1.912733318220472	0	0	20
331	0.1	25.0	[3]	{2}	5.998822268692576	5.04147738559471	5.269626980534433	0.0	0	691.2927094381303	191.29270943813026	6.206589963992837	122	94	108	78.57653536584603	7.3567549461499855	0	0	94
83	0.1	25.0	[3]	{2}	1.0132763404384195	0.8502070179512606	0.8642509521449996	0.0	0	179.49553951621067	320.50446048378933	1.5652475842498528	19	17	18	12.845937553226948	0.8781677921372474	0	0	17
393	0.1	25.0	[1]	{2}	1.8405519338849037	1.5755523806420646	1.5755523806420646	0.0	0	183.12331521883607	316.87668478116393	0.47140452079103173	15	1	8	5.263493260875344	0.0	0	0	1
269	0.1	25.0	[1]	{2}	4.040981801294134	3.0138538585855774	3.0138538585855774	0.0	0	902.5304354727268	402.5304354727268	0.0	6	2	4	1.9778782581090928	0.0	0	0	2
455	0.1	25.0	[1]	{2}	5.491417751806778	4.004045823757386	4.004045823757386	0.0	0	548.0982954613863	48.09829546138633	0.15877683720748895	31	3	17	13.457901704538612	0.0	0	0	3
21	0.1	25.0	[1]	{2}	3.970232284060389	3.28880487059768	3.28880487059768	0.0	0	946.8125381972642	446.8125381972642	0.08388269992021519	56	14	35	18.66381131588481	0.0	0	0	14
145	0.1	25.0	[1]	{2}	7.46549297429622	6.119128161448684	6.119128161448684	0.0	0	676.6972746700047	176.69727467000473	0.1889822365046136	11	3	7	5.692697274670005	0.0	0	0	3
208	0.1	25.0	[3]	{2}	4.5087282729115365	3.690654910879759	3.737882603438777	0.0	0	262.0880655013025	237.91193449869752	3.8382158529796833	80	52	66	42.970818096041675	3.049200326030883	0	0	52
332	0.1	25.0	[3]	{1}	2.3408574309911745	2.20510295519388	2.200235176428452	0.0	0	547.4834472406656	47.483447240665555	5.664351740190996	55	49	52	39.395	3.6592521028730496	0	0	49
84	0.1	25.0	[1]	{0}	1.6466906799038794	1.6079449984760696	1.6079449984760696	0.0	0	543.1146090850233	43.11460908502329	nan	0	0	0	0.0	0.0	0	0	0
270	0.1	25.0	[1]	{2}	8.411056329872997	7.55739615463667	7.55739615463667	0.0	0	211.38082072138783	288.61917927861214	0.9128709291752769	11	1	6	3.4845232828855517	0.0	0	0	1
394	0.1	25.0	[1]	{1}	9.871157122513619	8.192677350980599	8.192677350980599	0.0	0	946.2299880106004	446.22998801060044	0.41574858983784074	43	7	25	13.20671027575619	0.0	0	0	7
456	0.1	25.0	[1]	{1}	4.551889077372255	3.1711318385974874	3.1711318385974874	0.0	0	695.2403835020959	195.24038350209594	0.4472135954999579	8	0	4	2.0930384659916164	0.0	0	0	0
146	0.1	25.0	[3]	{1}	7.268696889885792	5.717154019953398	5.883410535608166	0.0	0	121.74387997947647	378.25612002052355	1.4116393871171649	90	42	66	41.18168175893278	3.894637184007175	0	0	42
22	0.1	25.0	[1]	{2}	12.827893871554236	10.068468612454494	10.068468612454494	0.0	0	480.1288861781358	19.871113821864185	1.3019700651014094	24	0	12	9.116257772356272	0.0	0	0	0
333	0.1	25.0	[1]	{1}	6.08575019351031	4.5715275591333615	4.571527559133362	0.0	0	8.197068702429505	491.80293129757047	1.4289915348674005	16	2	9	6.375773618321865	0.0	0	0	2
209	0.1	25.0	[2]	{0}	4.453042260398428	3.765661587873317	3.6122673878625484	0.0	0	117.15129041112964	382.84870958887035	1.7640194743489521	59	5	32	16.327933550689373	1.7864115757611654	0	0	5
85	0.1	25.0	[1]	{2}	3.2246609978195027	2.845508492947027	2.845508492947027	0.0	0	36.97894793003795	463.021052069962	0.0	5	3	4	1.9549157917201518	0.0	0	0	3
271	0.1	25.0	[1]	{1}	6.2989476236944	5.365907643796163	5.365907643796163	0.0	0	600.2468445803971	100.24684458039712	0.6148987099291022	28	8	18	13.462025243356823	0.0	0	0	8
395	0.1	25.0	[2]	{2}	3.6160208661405675	2.9717914572931963	3.0594081977971723	0.0	0	635.6381548102946	135.63815481029462	1.5816300218550894	56	18	37	26.58387505860441	1.8973571603447201	0	0	18
457	0.1	25.0	[2]	{0}	4.075676658783998	3.128833155785899	3.1272940011251844	0.0	0	363.3539471775293	136.64605282247072	0.33042051817780815	64	4	34	25.471999999999994	1.1007194779604634	0	0	4
23	0.1	25.0	[3]	{0}	4.128818700665227	3.503525283846664	3.604420414462999	0.0	0	299.17570808902366	200.82429191097634	3.962375795015949	78	48	63	41.48774411840363	4.564856122860687	0	0	48
147	0.1	25.0	[2]	{1}	4.270970483167048	3.327002037529688	3.3166090951637623	0.0	0	628.1580359209329	128.1580359209329	1.9984051612237688	45	15	30	23.300948215525597	1.2622185917388173	0	0	15
210	0.1	25.0	[3]	{2}	4.6018323702678785	3.6114425608297536	3.558733150318318	0.0	0	692.2774643171579	192.27746431715786	1.7339696301168708	58	2	30	21.458560570925474	1.133003005191956	0	0	2
334	0.1	25.0	[1]	{1}	1.4855597402055358	1.0996916866637658	1.0996916866637658	0.0	0	43.41422300785796	456.58577699214203	0.19166296949998196	14	0	7	3.7418995610550057	0.0	0	0	0
86	0.1	25.0	[1]	{0}	4.676967344857399	3.734495321452382	3.7344953214523824	0.0	0	616.4742466062308	116.47424660623085	0.21125363706585912	21	1	11	8.777577260181307	0.0	0	0	1
396	0.1	25.0	[1]	{1}	9.654023652697692	7.126304620453121	7.126304620453121	0.0	0	372.9444039054214	127.05559609457862	2.1957751641342	13	9	11	8.062055596094579	0.0	0	0	9
272	0.1	25.0	[1]	{1}	9.406206528243807	8.146395299309239	8.146395299309239	0.0	0	287.90196264162654	212.09803735837346	0.19518001458970666	27	1	14	9.758607850566507	0.0	0	0	1
24	0.1	25.0	[1]	{1}	5.277213541537046	4.664240806432872	4.664240806432872	0.0	0	979.2288478929552	479.2288478929552	0.7484811885651197	33	11	22	13.263423042140895	0.0	0	0	11
148	0.1	25.0	[2]	{1}	3.542057592762031	3.1716749061295366	3.1673649912582147	0.0	0	456.18757908232527	43.81242091767473	1.3239285801152196	60	2	31	24.038439793387433	1.494708181200908	0	0	2
458	0.1	25.0	[2]	{2}	2.5119076559040745	2.458228931804951	2.174073169803151	0.0	0	983.7110617663712	483.71106176637124	1.267452171261309	36	6	21	10.371067702906204	1.5055687190974116	0	0	6
211	0.1	25.0	[1]	{0}	5.994398568290693	4.321576245076285	4.321576245076285	0.0	0	618.4655278921127	118.46552789211273	0.7912565680749444	22	4	13	9.125672360539435	0.0	0	0	4
335	0.1	25.0	[2]	{1}	2.462870276723753	2.035043550165982	2.01714032027275	0.0	0	178.72917908243843	321.27082091756154	0.867227382716513	47	9	28	15.639041939813644	0.8414314686682589	0	0	9
87	0.1	25.0	[1]	{1}	6.89251527192476	5.088808797116633	5.088808797116633	0.0	0	65.00119762495163	434.9988023750484	nan	3	3	3	1.3340035928748546	0.0	0	0	3
273	0.1	25.0	[1]	{0}	17.023874273140546	12.322764329871802	12.322764329871802	0.0	0	425.026085227728	74.973914772272	0.7071067811865475	5	1	3	2.0720782556831843	0.0	0	0	1
397	0.1	25.0	[1]	{1}	7.337629750885856	6.36922168856587	6.36922168856587	0.0	0	323.4352036379279	176.56479636207212	1.0	2	0	1	0.7914352036379279	0.0	0	0	0
459	0.1	25.0	[3]	{2}	4.998201372105616	4.357799550127935	4.492543788046262	0.0	0	282.7104558236898	217.2895441763102	4.559823062330522	86	68	77	51.975391423713425	6.571255839424163	0	0	68
25	0.1	25.0	[1]	{0}	10.962698516895237	9.600200102285957	9.600200102285957	0.0	0	557.0349814370276	57.03498143702757	nan	0	0	0	0.0	0.0	0	0	0
149	0.1	25.0	[2]	{0}	2.6222762825185173	2.066986239639582	2.0685499044808964	0.0	0	519.2147025372831	19.214702537283074	1.5977269249294042	38	10	24	18.147570594925433	0.8387903241585282	0	0	10
212	0.1	25.0	[1]	{0}	7.67136250612039	5.5511515718985915	5.5511515718985915	0.0	0	517.1536109410226	17.153610941022635	0.31622776601683794	17	7	12	8.534228887528181	0.0	0	0	7
336	0.1	25.0	[2]	{0}	6.1961401571411585	5.675852620424777	5.658482912724688	0.0	0	679.4117013923825	179.4117013923825	0.4103651212155833	127	35	81	56.54723940949515	2.6572276325495636	0	0	35
88	0.1	25.0	[1]	{1}	5.234159311313258	3.6402038865867494	3.6402038865867494	0.0	0	268.57239217497414	231.42760782502586	1.8516401995451028	6	2	4	3.291	0.0	0	0	2
398	0.1	25.0	[2]	{1}	2.8203989207838367	2.715352763088789	2.6550028449675893	0.0	0	119.12949592806406	380.87050407193595	0.9908673886137246	49	31	40	24.855920845266432	1.4032559753538765	0	0	31
274	0.1	25.0	[2]	{2}	4.293858806516551	3.9632594301130633	3.807132845803772	0.0	0	837.6097187865525	337.60971878655255	0.2964115800385947	64	20	42	25.08905012368411	2.1226503912602612	0	0	20
150	0.1	25.0	[3]	{0}	1.1635053713358698	0.8954267490709031	0.9298277607855547	0.0	0	187.34307843260467	312.65692156739533	1.2535663410560174	10	6	8	5.121372313730419	0.5676178453107151	0	0	6
26	0.1	25.0	[1]	{2}	8.332913171744943	7.821669583760794	7.821669583760794	0.0	0	421.8126935884356	78.1873064115644	nan	3	1	2	1.2536253871768712	0.0	0	0	1
460	0.1	25.0	[2]	{1}	4.582251390592242	4.088249659183134	4.0217122963482534	0.0	0	333.1544727552685	166.8455272447315	0.9240890541327589	87	17	52	36.241105746742356	2.129382804544493	0	0	17
213	0.1	25.0	[2]	{0}	10.494156808514882	9.14084161127496	9.155044650760576	0.0	0	935.5757345911117	435.57573459111165	0.13800193626524038	151	89	120	66.45721478743106	3.940573755043409	0	0	89
337	0.1	25.0	[2]	{0}	2.880902868191917	2.3313997214418203	2.376289507950109	0.0	0	571.2425927631556	71.24259276315559	2.0238095238095237	48	16	32	24.86860370131582	1.565935670912748	0	0	16
89	0.1	25.0	[1]	{1}	0.5633328794229181	0.4536288806682806	0.4536288806682806	0.0	0	490.0261638686063	9.973836131393682	0.7745966692414834	7	1	4	3.0519476722627874	0.0	0	0	1
275	0.1	25.0	[1]	{1}	5.600907105827073	5.003080998564837	5.003080998564837	0.0	0	96.53309686109432	403.46690313890565	0.020412414523193152	95	51	73	38.06591607085987	0.0	0	0	51
399	0.1	25.0	[2]	{2}	5.17108378404995	4.474854677209031	4.5981162489865595	0.0	0	946.203055791557	446.20305579155695	0.8045782541042483	100	70	85	48.401146369300776	2.2888198245298534	0	0	70
27	0.1	25.0	[3]	{1}	3.189272168123764	2.429659239436544	2.4559752898544853	0.0	0	313.6767304968091	186.3232695031909	0.04303314829119352	47	5	26	19.58076730496809	0.6534079781786668	0	0	5
151	0.1	25.0	[1]	{0}	0.9577563139619714	0.7171085579718872	0.7171085579718872	0.0	0	66.02213066071269	433.9778693392873	0.35355339059327373	7	3	5	3.398066391982139	0.0	0	0	3
461	0.1	25.0	[1]	{1}	6.586334326976924	4.652488011959618	4.652488011959619	0.0	0	555.8517356403172	55.8517356403172	1.2172890852574152	20	2	11	9.149334379237146	0.0	0	0	2
214	0.1	25.0	[2]	{2}	5.284581259725513	3.8364759551883494	4.355502302365897	0.0	0	14.164099702611566	485.83590029738843	0.3988149755212999	78	56	67	33.75799468007497	2.7815278402870405	0	0	56
338	0.1	25.0	[1]	{2}	6.015935768687192	4.883653225465132	4.883653225465131	0.0	0	51.486088428646376	448.5139115713536	0.0	13	1	7	4.788430442143232	0.0	0	0	1
90	0.1	25.0	[2]	{0}	2.561352424232096	2.1009125762669227	2.119023114487759	0.0	0	595.4791144467888	95.4791144467888	0.015145142274197894	40	2	21	16.268729741085323	1.0280275286088707	0	0	2
276	0.1	25.0	[3]	{0}	1.2888551731306255	1.1762538372819968	1.0940217140587816	0.0	0	841.3078140001742	341.3078140001742	0.7011695914588867	22	12	17	9.897229673998433	1.259975110185515	0	0	12
400	0.1	25.0	[2]	{0}	6.036114385693172	5.545991706635116	5.538626788720603	0.0	0	554.9774530809373	54.977453080937266	2.065627899052878	123	3	63	47.647346139347185	2.6545321114468963	0	0	3
152	0.1	25.0	[3]	{1}	4.0252490080822945	3.447244206961503	3.472545784812315	0.0	0	250.1011062413455	249.8988937586545	4.417992622257927	71	43	57	39.978123231068274	3.7301194883269435	0	0	43
462	0.1	25.0	[1]	{1}	0.9414878614734747	0.7626611196773432	0.7626611196773432	0.0	0	193.8963865395636	306.1036134604364	0.0	7	3	5	3.4326891596186906	0.0	0	0	3
28	0.1	25.0	[2]	{2}	4.299711824141204	3.5497069026095547	3.56557919031093	0.0	0	273.5442048870028	226.45579511299718	2.1543974961525953	71	1	36	24.768326146610086	1.4858132827529331	0	0	1
215	0.1	25.0	[3]	{0}	2.662312492659479	2.0200338532441924	2.0760862256742048	0.0	0	165.07807327434426	334.92192672565574	1.7853823645343279	32	8	20	11.714093025840821	0.8021743680505633	0	0	8
339	0.1	25.0	[1]	{0}	5.486768088839558	5.071010273056475	5.071010273056475	0.0	0	654.9874250777068	154.9874250777068	0.887796045374059	54	4	29	20.982088024456058	0.0	0	0	4
91	0.1	25.0	[3]	{0}	5.280162509839288	4.158181368310302	4.179517391543595	0.0	0	408.19137007929385	91.80862992070615	2.054467677629328	69	19	44	31.07067918111012	1.987560779937662	0	0	19
277	0.1	25.0	[1]	{0}	0.9443552547309217	0.6976429744882497	0.6976429744882497	0.0	0	251.70187372714287	248.29812627285713	nan	1	1	1	0.3737018737271428	0.0	0	0	1
401	0.1	25.0	[1]	{2}	2.9558301849179336	2.553978346998805	2.553978346998805	0.0	0	827.7293813880534	327.7293813880534	0.282842712474619	14	6	10	7.220623711671679	0.0	0	0	6
153	0.1	25.0	[1]	{1}	3.513296615216682	2.5852374566578655	2.585237456657866	0.0	0	766.4215648546815	266.4215648546815	0.816496580927726	19	1	10	8.465	0.0	0	0	1
29	0.1	25.0	[1]	{2}	8.267296988585532	7.640926739999574	7.640926739999574	0.0	0	505.60185452923184	5.601854529231844	0.4629100498862757	13	1	7	5.86100927264616	0.0	0	0	1
463	0.1	25.0	[1]	{0}	4.698952474613462	3.428251775045654	3.4282517750456547	0.0	0	625.0783191062511	125.07831910625112	1.1418272204367774	40	10	25	17.917765042681246	0.0	0	0	10
216	0.1	25.0	[1]	{1}	2.948540432130506	2.483808821350285	2.483808821350285	0.0	0	641.6973262093964	141.69732620939635	0.15947323018612514	34	6	20	14.670421390324826	0.0	0	0	6
340	0.1	25.0	[1]	{0}	6.453126462974212	5.702989063328662	5.702989063328662	0.0	0	83.29275529831648	416.7072447016835	0.18257418583505536	14	10	12	6.040513063579798	0.0	0	0	10
92	0.1	25.0	[1]	{1}	5.591542710700013	4.564811748870532	4.564811748870532	0.0	0	885.3327976539732	385.3327976539732	0.07106690545187015	21	1	11	6.7560048211142405	0.0	0	0	1
278	0.1	25.0	[1]	{2}	2.5925321615807477	2.1256649163437906	2.125664916343791	0.0	0	329.8233831301332	170.1766168698668	2.066666666666667	14	8	11	7.697176616869868	0.0	0	0	8
402	0.1	25.0	[1]	{0}	3.8577311392353444	2.8120129388277526	2.8120129388277526	0.0	0	591.7127947323025	91.71279473230254	0.4629100498862757	15	1	8	5.5920000000000005	0.0	0	0	1
30	0.1	25.0	[1]	{2}	3.6232670992107026	2.992473898184694	2.992473898184694	0.0	0	624.4950070977212	124.49500709772121	1.775592090748118	10	8	9	6.1165049929022794	0.0	0	0	8
154	0.1	25.0	[1]	{0}	3.9521385492820262	3.126619912748359	3.126619912748359	0.0	0	43.32681908272184	456.67318091727816	1.8261928258412774	43	9	26	13.860882743488991	0.0	0	0	9
464	0.1	25.0	[2]	{2}	7.755895621779217	5.554670241414424	6.424810118229162	0.0	0	903.76567421481	403.76567421481	1.6121609683983387	112	94	103	61.78579229802268	4.7019238501685034	0	0	94
217	0.1	25.0	[1]	{1}	6.353743815353748	4.617806587265167	4.617806587265167	0.0	0	201.4457364566624	298.5542635433376	0.0	4	2	3	2.5454457364566627	0.0	0	0	2
341	0.1	25.0	[3]	{2}	3.274698392105831	2.9981412720689025	2.907400547359356	0.0	0	954.0314802434297	454.03148024342966	0.28449727119606555	57	41	49	27.3005204285588	3.8108696059915057	0	0	41
93	0.1	25.0	[1]	{1}	3.59338251112428	2.5056082074390797	2.505608207439079	0.0	0	170.30127812176943	329.6987218782306	1.2509255832441892	17	3	10	6.383205112487079	0.0	0	0	3
279	0.1	25.0	[3]	{2}	3.2867659178218647	2.9355348766488034	2.950236988667331	0.0	0	439.339648000896	60.66035199910402	5.3538084861267174	55	45	50	37.09499999999999	4.123668135762267	0	0	45
403	0.1	25.0	[1]	{2}	9.748150508182835	6.7646038741279035	6.764603874127902	0.0	0	614.209617022425	114.20961702242505	1.4638501094227998	6	4	5	4.120951914887875	0.0	0	0	4
31	0.1	25.0	[3]	{2}	4.299037732109028	3.541257434804205	3.6865940807736326	0.0	0	313.414745265618	186.58525473438198	5.395951671055667	68	56	62	44.1141243958436	4.4774551467977854	0	0	56
155	0.1	25.0	[2]	{2}	2.8464220209198343	2.5078575627179536	2.550714421332218	0.0	0	307.79582052491605	192.20417947508395	0.4691756453222205	52	18	35	23.528670436272407	1.3504790960593136	0	0	18
465	0.1	25.0	[3]	{2}	7.077823824208313	6.674373685396128	6.563733914629053	0.0	0	42.78469202108684	457.2153079789132	2.375109104948511	129	99	114	60.45903858615086	10.284914518869684	0	0	99
218	0.1	25.0	[2]	{1}	4.32052817788245	3.6675108576564193	3.482421540991685	0.0	0	226.59869049675777	273.40130950324226	0.9002982732126874	46	0	23	15.709388214470819	1.9991451263269027	0	0	0
342	0.1	25.0	[1]	{0}	3.3270120411696142	2.496177821772223	2.496177821772223	0.0	0	947.24662671797	447.24662671797	0.8226035963188325	36	2	19	10.50180734579451	0.0	0	0	2
94	0.1	25.0	[1]	{2}	4.093034449834882	3.31815380896031	3.31815380896031	0.0	0	140.6260093208403	359.3739906791597	1.2963624321753373	15	3	9	5.135634083887562	0.0	0	0	3
280	0.1	25.0	[1]	{1}	7.437682268834308	6.49393022219035	6.49393022219035	0.0	0	212.45932905003428	287.5406709499657	0.5838742081211422	32	8	20	14.438430606700484	0.0	0	0	8
404	0.1	25.0	[1]	{0}	9.33974642585917	6.686143684818681	6.686143684818683	0.0	0	865.4234772548081	365.42347725480806	1.0327955589886444	14	0	7	3.7340356592163433	0.0	0	0	0
32	0.1	25.0	[2]	{2}	3.4739587447455245	2.8247565298497967	2.82195348306694	0.0	0	473.229872295633	26.770127704366985	1.5057509295076348	56	8	32	24.572701277043674	1.1896821200773182	0	0	8
466	0.1	25.0	[3]	{2}	5.25195796870425	4.2053828114811145	4.212363266574186	0.0	0	513.131020590663	13.131020590662956	0.8258457223952075	80	8	44	33.13947591763734	2.718758666652951	0	0	8
156	0.1	25.0	[2]	{2}	5.925854523842245	5.161681116668564	5.122919288402459	0.0	0	372.43401654995984	127.56598345004016	2.381323179753312	88	10	49	32.78753074474819	2.463849114537149	0	0	10
219	0.1	25.0	[1]	{2}	4.928093599215415	3.7821388349471334	3.782138834947134	0.0	0	751.6702241264284	251.67022412642837	0.7071067811865475	5	3	4	2.0646595517471433	0.0	0	0	3
343	0.1	25.0	[1]	{2}	13.390464221470733	9.5953583078368	9.5953583078368	0.0	0	230.76697625219828	269.2330237478017	0.4898979485566356	9	1	5	3.396300928756595	0.0	0	0	1
281	0.1	25.0	[3]	{0}	3.527475642271499	2.787295767333182	2.824678686312345	0.0	0	658.9262727648018	158.92627276480175	1.9202272592775904	43	19	31	22.942810999587177	1.667797405610847	0	0	19
95	0.1	25.0	[1]	{0}	3.8996574921182114	2.8097566410407095	2.8097566410407095	0.0	0	584.7149996552616	84.71499965526164	0.9733285267845753	31	3	17	13.198004997586832	0.0	0	0	3
405	0.1	25.0	[1]	{0}	8.823186838636076	6.659239388699018	6.659239388699018	0.0	0	759.211465716362	259.211465716362	0.4588314677411235	29	3	16	12.366462411403656	0.0	0	0	3
467	0.1	25.0	[1]	{2}	7.433536360923262	5.28716824380773	5.287168243807729	0.0	0	752.2249799221755	252.22497992217552	1.0101525445522108	35	1	18	12.683850281089544	0.0	0	0	1
33	0.1	25.0	[2]	{0}	2.398442614892226	2.0524488636148686	2.1078245560854545	0.0	0	286.2087578978389	213.7912421021611	0.6928203230275508	29	9	19	12.630131368467584	1.1676208394727605	0	0	9
157	0.1	25.0	[1]	{2}	7.232391784948664	5.902980044695218	5.902980044695218	0.0	0	412.9999885335564	87.0000114664436	0.5431201803225948	38	0	19	14.153999896802008	0.0	0	0	0
220	0.1	25.0	[1]	{0}	5.829685500394151	4.119057201072115	4.119057201072115	0.0	0	644.8041717521846	144.80417175218463	nan	3	1	2	1.5896083435043693	0.0	0	0	1
344	0.1	25.0	[2]	{1}	2.660785903248861	2.1691828076745194	2.199775701230685	0.0	0	659.3755856156349	159.37558561563492	1.863289920756248	45	1	23	17.837366215765478	1.061337454826575	0	0	1
282	0.1	25.0	[1]	{1}	3.8972272516980166	3.5052843791811967	3.5052843791811967	0.0	0	198.7124937586486	301.28750624135137	0.4472135954999579	4	2	3	2.108137481275946	0.0	0	0	2
96	0.1	25.0	[1]	{0}	10.621983001495108	9.93032215587552	9.93032215587552	0.0	0	839.7750062868	339.7750062868	0.38174144606174787	162	76	120	71.09664928330474	0.0	0	0	78
406	0.1	25.0	[1]	{2}	15.005297562185865	10.921924630510434	10.921924630510434	0.0	0	59.47389686480162	440.52610313519835	0.2886751345948129	8	2	5	4.135421690594405	0.0	0	0	2
468	0.1	25.0	[2]	{1}	5.297322309451861	4.586533977539273	4.648782191518823	0.0	0	325.7900949101897	174.20990508981032	0.5343678858508777	90	28	59	38.601714650599284	2.3574383428752292	0	0	28
34	0.1	25.0	[1]	{2}	8.069742522101883	6.26666246524608	6.26666246524608	0.0	0	678.627248853445	178.62724885344505	0.2889738156210036	41	1	21	15.487609258025884	0.0	0	0	1
158	0.1	25.0	[2]	{1}	2.42853306782588	1.8664139264983501	1.8567299281449028	0.0	0	627.6397940237077	127.63979402370774	0.26490647141300877	35	3	19	15.831080617928878	0.7183331371089245	0	0	3
221	0.1	25.0	[1]	{0}	5.918039115004386	4.876674460751458	4.876674460751458	0.0	0	629.6433825045824	129.6433825045824	0.11322770341445956	25	1	13	9.338922792449594	0.0	0	0	1
345	0.1	25.0	[1]	{0}	2.3326419544388712	1.774559774911281	1.7745597749112805	0.0	0	11.67877763509753	488.3212223649025	0.8006407690254357	12	0	6	2.5870726658105854	0.0	0	0	0
283	0.1	25.0	[1]	{2}	4.116421615855211	2.9385200285431745	2.9385200285431745	0.0	0	57.90490377694371	442.0950962230563	2.1	19	9	14	8.810668652877212	0.0	0	0	9
97	0.1	25.0	[1]	{2}	4.107620504897227	3.3960003112524975	3.3960003112524983	0.0	0	734.3264019582421	234.32640195824206	0.04794633014853841	28	2	15	10.228062382375823	0.0	0	0	2
407	0.1	25.0	[1]	{1}	5.601299325701203	4.5233074884467115	4.5233074884467115	0.0	0	880.1419446244837	380.1419446244837	0.0	3	1	2	0.8037161107510327	0.0	0	0	1
469	0.1	25.0	[3]	{1}	5.437706659791577	4.708180414416913	4.785881412098149	0.0	0	768.3308406267316	268.33084062673163	5.044253978460559	105	73	89	61.28180376552976	5.950382963495381	0	0	73
159	0.1	25.0	[1]	{0}	8.874077325608768	8.349186360075583	8.349186360075583	0.0	0	282.79154887422914	217.20845112577086	0.7071067811865476	15	1	8	5.138749293245374	0.0	0	0	1
35	0.1	25.0	[1]	{1}	3.992730945963906	2.926470757201604	2.926470757201604	0.0	0	801.1565208435059	301.15652084350586	0.5	7	5	6	2.982060874938965	0.0	0	0	5
222	0.1	25.0	[3]	{1}	5.288399583418152	4.82560006076708	4.6418896480991165	0.0	0	184.17220260016632	315.8277973998337	4.130117587566813	100	56	78	53.93419929360599	5.98639873274152	0	0	56
346	0.1	25.0	[1]	{0}	3.9849080244154442	3.5172814675148834	3.5172814675148834	0.0	0	715.4312455095348	215.43124550953485	0.2297384003223846	28	2	15	11.513843772452326	0.0	0	0	2
284	0.1	25.0	[3]	{0}	5.020840614196426	3.959369360088171	3.9770632306925138	0.0	0	222.7322503458709	277.2677496541291	1.7522810053768523	75	11	43	28.579841757955027	1.755277265531249	0	0	11
98	0.1	25.0	[1]	{0}	9.238364610014822	6.610977953783454	6.610977953783456	0.0	0	932.8268105164168	432.8268105164168	nan	0	0	0	0.0	0.0	0	0	0
470	0.1	25.0	[3]	{1}	2.7845464382827694	2.396896602375737	2.3742600820899638	0.0	0	269.70532513223594	230.29467486776406	1.5966928648225256	50	30	40	28.56869585238024	2.3850957470093315	0	0	30
408	0.1	25.0	[1]	{2}	8.521998885618144	5.8415579972906375	5.8415579972906375	0.0	0	366.5370093658565	133.46299063414352	1.1547005383792517	5	3	4	3.5380000000000003	0.0	0	0	3
36	0.1	25.0	[1]	{0}	8.589639727500607	6.152995738415948	6.152995738415948	0.0	0	907.1902674622834	407.1902674622834	0.437732769305958	35	1	18	13.457477860301733	0.0	0	0	1
160	0.1	25.0	[1]	{2}	4.0896864597662885	3.827792251603118	3.827792251603118	0.0	0	517.6999855320902	17.69998553209018	1.2353349340060547	85	5	45	32.78290062212013	0.0	0	0	5
223	0.1	25.0	[3]	{1}	2.348653295330949	2.1419025331852226	2.146987629449894	0.0	0	740.7504257280381	240.75042572803807	3.262029020921385	39	27	33	25.15524446553551	3.1051031214431766	0	0	27
347	0.1	25.0	[1]	{1}	3.100023174234403	2.685778370692592	2.685778370692592	0.0	0	462.4523860402408	37.54761395975919	0.0	8	0	4	3.0190952279195185	0.0	0	0	0
285	0.1	25.0	[1]	{0}	2.171191776908268	1.9507649685735617	1.9507649685735617	0.0	0	538.3815586101261	38.38155861012615	0.38100038100057154	30	2	17	13.092434027491134	0.0	0	0	4
99	0.1	25.0	[2]	{2}	6.783450402653903	6.153039650546658	6.0752395654848215	0.0	0	789.8683834355326	289.86838343553256	0.15892712293654987	118	32	75	41.97860800920613	2.951912332020894	0	0	32
409	0.1	25.0	[3]	{2}	3.670439478416306	3.452974411976461	3.4215989635267148	0.0	0	201.845664298162	298.154335701838	5.297098167836067	75	67	71	44.810363564820975	5.455387077172974	0	0	67
471	0.1	25.0	[1]	{2}	2.332104080565591	1.743205430829941	1.743205430829941	0.0	0	328.09363119304186	171.90636880695814	1.9364916731037085	7	3	5	3.6119063688069586	0.0	0	0	3
37	0.1	25.0	[1]	{2}	3.9551552817912325	2.9236908482284893	2.9236908482284893	0.0	0	755.2995239384471	255.29952393844712	1.3333333333333333	8	4	6	3.6238019042462115	0.0	0	0	4
161	0.1	25.0	[2]	{2}	6.060534513279985	5.425038783534473	5.382736515968127	0.0	0	68.60308907926077	431.39691092073923	2.57656303157965	103	63	83	45.7438502154201	2.450528068966012	0	0	63
224	0.1	25.0	[1]	{1}	6.764655389025128	4.999135235579019	4.99913523557902	0.0	0	339.8571629077196	160.1428370922804	nan	4	0	2	1.8292856741845607	0.0	0	0	0
286	0.1	25.0	[1]	{1}	4.99733920079708	4.068735042008689	4.068735042008689	0.0	0	170.27929006144402	329.72070993855596	1.01418510567422	13	5	9	6.12239645030722	0.0	0	0	5
348	0.1	25.0	[2]	{2}	3.794787389441574	3.400232230013693	3.4116843677988453	0.0	0	701.0399722494185	201.0399722494185	0.8891358801837473	86	12	49	32.00420124877618	1.571255154603873	0	0	12
100	0.1	25.0	[1]	{0}	2.7963916068332946	2.0985193047817488	2.0985193047817488	0.0	0	149.67961329966778	350.3203867003322	1.8371173070873834	15	3	9	5.843757293097674	0.0	0	0	3
472	0.1	25.0	[1]	{0}	1.3921707201441924	1.3006424900144289	1.3006424900144289	0.0	0	95.84828955121333	404.1517104487867	0.621966321647047	18	4	11	8.24763460596092	0.0	0	0	4
410	0.1	25.0	[2]	{2}	2.672695693030624	2.591640629340792	2.5952247479790587	0.0	0	144.31429188698525	355.68570811301475	0.8783100656536799	71	51	61	36.0931718051061	1.2689535465369537	0	0	51
162	0.1	25.0	[3]	{0}	1.8479021820004153	1.639261840696842	1.561197960358735	0.0	0	145.9559053182602	354.0440946817398	0.20385887657505022	29	19	24	14.786118106365205	1.6226625620956605	0	0	19
38	0.1	25.0	[2]	{1}	2.3112653662669946	2.20333370501934	2.11140475649588	0.0	0	990.1142118033024	490.1142118033024	1.150216247503343	42	28	35	14.801002586884417	1.1433384534214739	0	0	28
225	0.1	25.0	[1]	{2}	4.874704196286323	3.5875261007111607	3.5875261007111607	0.0	0	608.1168157979846	108.1168157979846	0.04364357804719848	29	1	15	11.857883184202016	0.0	0	0	1
287	0.1	25.0	[3]	{0}	3.918858965483155	3.314997675367585	3.4011579863085935	0.0	0	636.6836451925336	136.68364519253362	4.721113331504666	64	48	56	41.67069438653439	4.326473085179945	0	0	48
349	0.1	25.0	[1]	{2}	3.7662731378688825	3.1226325168506746	3.1226325168506746	0.0	0	65.32365130260592	434.6763486973941	0.5773502691896258	5	1	3	1.7319709539078176	0.0	0	0	1
101	0.1	25.0	[1]	{1}	2.5335206522450666	2.250363366538516	2.250363366538516	0.0	0	589.3204694148154	89.32046941481542	0.09413875735476426	38	4	21	15.84419295877777	0.0	0	0	4
411	0.1	25.0	[3]	{0}	3.6063831824387886	2.9408055833608158	3.037793845498239	0.0	0	272.43055962026114	227.56944037973886	2.553095409349123	65	41	53	37.11079182519019	3.090243613120238	0	0	41
473	0.1	25.0	[1]	{1}	5.3722591141236595	4.10572924913025	4.10572924913025	0.0	0	492.3236384056509	7.676361594349089	0.3333333333333333	8	2	5	3.6676181920282547	0.0	0	0	2
163	0.1	25.0	[1]	{0}	4.00774133040616	3.3647684086364595	3.3647684086364604	0.0	0	795.038494747132	295.03849474713195	0.21693045781865616	16	4	10	6.180692042022944	0.0	0	0	4
39	0.1	25.0	[1]	{2}	6.430549755907316	4.3981294572060925	4.3981294572060925	0.0	0	480.4475302807987	19.552469719201326	nan	1	1	1	0.8655524697192013	0.0	0	0	1
288	0.1	25.0	[3]	{2}	3.435781952354604	2.8027665321606494	2.8952142261460576	0.0	0	976.3966575264932	476.3966575264932	1.457669591491341	65	49	57	29.50239052098989	2.741078229828613	0	0	49
226	0.1	25.0	[1]	{0}	12.06623830813361	8.630330483591774	8.630330483591774	0.0	0	84.68659548088911	415.3134045191109	1.0	2	0	1	0.09168659548088909	0.0	0	0	0
350	0.1	25.0	[1]	{1}	4.028043955259311	3.7520417964941184	3.752041796494118	0.0	0	328.3115488011393	171.68845119886072	0.2719641466102106	25	3	14	9.314246195204555	0.0	0	0	3
102	0.1	25.0	[1]	{2}	3.9538945932264653	3.6629248343001866	3.6629248343001866	0.0	0	912.8553215414288	412.8553215414288	1.6214781852421252	60	22	41	26.09093181680142	0.0	0	0	22
412	0.1	25.0	[1]	{0}	9.914944968087552	7.308977806975985	7.308977806975987	0.0	0	552.2369788959621	52.236978895962125	0.42906393528989223	35	3	19	14.865289063312114	0.0	0	0	3
474	0.1	25.0	[3]	{0}	1.9510742616908123	1.7655248066257458	1.666088435490026	0.0	0	923.4170513227582	423.4170513227582	1.1664236870396085	27	19	23	12.005076024867597	1.857104537200819	0	0	19
40	0.1	25.0	[3]	{1}	2.513736413682089	2.071462932309958	2.033798820685855	0.0	0	30.45897465199246	469.54102534800757	1.4382930399215832	29	9	19	9.778802569083872	1.2681868241535093	0	0	9
164	0.1	25.0	[1]	{2}	10.707928001699486	9.012473651268042	9.012473651268042	0.0	0	627.4981084279715	127.49810842797149	0.2439750182371333	27	5	16	12.53101134943217	0.0	0	0	5
289	0.1	25.0	[3]	{0}	3.4968068587971777	2.658610070557901	2.729954454402745	0.0	0	161.55546111986024	338.44453888013976	3.1838316521069236	44	14	29	17.781220994558183	1.0695952951242216	0	0	14
227	0.1	25.0	[1]	{0}	5.5505274307833945	4.474999208789816	4.474999208789816	0.0	0	960.7495008967816	460.74950089678157	0.9981574523710538	36	8	22	13.135007985651495	0.0	0	0	8
351	0.1	25.0	[1]	{0}	4.13074135280529	3.5936405618297007	3.5936405618297007	0.0	0	431.890080217272	68.10991978272801	nan	2	2	2	1.620780160434544	0.0	0	0	2
103	0.1	25.0	[1]	{0}	6.97821741598273	6.3188971783539305	6.3188971783539305	0.0	0	180.1455793902276	319.85442060977243	0.7032128421785634	57	3	30	19.56591158780455	0.0	0	0	3
413	0.1	25.0	[3]	{1}	3.929569996176144	3.328115434974073	3.328983794041709	0.0	0	513.4552924428137	13.455292442813743	3.8829013735766034	71	35	53	38.31472353778594	3.118986993215541	0	0	35
475	0.1	25.0	[1]	{0}	5.359276327437544	3.8854590760761933	3.8854590760761933	0.0	0	731.125126592815	231.12512659281504	nan	0	0	0	0.0	0.0	0	0	0
41	0.1	25.0	[1]	{0}	6.574635288015612	5.538550602131406	5.538550602131406	0.0	0	431.22853664681327	68.77146335318673	1.2792042981336627	10	6	8	5.962457073293627	0.0	0	0	6
165	0.1	25.0	[1]	{1}	4.614337442950521	4.171079572335321	4.171079572335321	0.0	0	731.4811660908166	231.4811660908166	2.205534164863685	99	13	56	37.02697936327753	0.0	0	0	13
290	0.1	25.0	[3]	{1}	2.3261091597301773	2.00994388373419	1.883086989835538	0.0	0	823.4432523604485	323.44325236044847	1.8067753076304478	38	12	25	15.66623771931417	1.5002485360460178	0	0	12
228	0.1	25.0	[3]	{1}	3.235626716878745	2.606222764265697	2.5303870732229803	0.0	0	738.2531159091743	238.2531159091743	0.5665288228870652	57	13	35	22.301684565907326	1.1476351271238916	0	0	13
352	0.1	25.0	[1]	{0}	3.765085501931649	3.096362540055421	3.096362540055421	0.0	0	36.664867773652105	463.3351322263479	0.0	7	1	4	1.8076594710946083	0.0	0	0	1
414	0.1	25.0	[3]	{1}	4.718371784516325	4.597737406067324	4.5904599436974625	0.0	0	328.298670006916	171.70132999308402	7.593142416121507	106	96	101	73.5254667501729	8.455833268800136	0	0	96
104	0.1	25.0	[1]	{1}	5.22172985491314	3.9357035165987413	3.9357035165987413	0.0	0	647.5219163112341	147.52191631123412	1.0	2	0	1	0.46247808368876586	0.0	0	0	0
476	0.1	25.0	[1]	{2}	4.357633638711238	3.8616318299116594	3.8616318299116594	0.0	0	325.3762978129088	174.62370218709123	nan	1	1	1	0.5253762978129088	0.0	0	0	1
42	0.1	25.0	[1]	{2}	10.148117249405773	8.31234211995415	8.31234211995415	0.0	0	862.0836483314633	362.08364833146334	nan	0	0	0	0.0	0.0	0	0	0
166	0.1	25.0	[1]	{2}	3.408180456297463	2.6467903304308384	2.6467903304308384	0.0	0	461.6781875956804	38.32181240431959	1.7359623317892885	45	11	28	20.996356375191358	0.0	0	0	11
291	0.1	25.0	[2]	{2}	10.643185717297609	10.053071081532721	10.214169456246536	0.0	0	922.4324638489636	422.4324638489636	1.0157891176024585	198	162	180	93.6340214348845	5.2739354857049054	0	0	162
229	0.1	25.0	[2]	{2}	1.4709514209421863	1.2675420428392812	1.2113651024851118	0.0	0	190.26635773479933	309.7336422652007	2.716813440193714	30	6	18	9.950196292817594	0.6572611666243773	0	0	6
353	0.1	25.0	[3]	{2}	5.870952976365526	5.111561561654247	5.1669634890001745	0.0	0	868.2075391989202	368.20753919892024	1.873702082421559	99	67	83	53.011509952070185	6.260453913039537	0	0	67
415	0.1	25.0	[3]	{2}	3.6757762997359373	3.194870292133851	3.0609467100612964	0.0	0	204.36632330529392	295.6336766947061	2.5659296633424784	51	25	39	25.514692789411168	2.8859210456605426	0	0	27
477	0.1	25.0	[3]	{1}	2.5682266345326736	2.3879160632628107	2.2651136980026614	0.0	0	950.004639104009	450.004639104009	3.5248492059323513	51	33	42	23.561851548671708	2.9844411085783094	0	0	33
105	0.1	25.0	[2]	{2}	6.332018177007664	6.042945876781316	6.040103902215975	0.0	0	712.2950046323241	212.2950046323241	1.3992208778909965	127	51	89	60.037514615517104	2.887481725807707	0	0	51
43	0.1	25.0	[1]	{0}	8.779472474612017	6.916326083669879	6.916326083669879	0.0	0	978.1040926463902	478.1040926463902	1.2198750911856666	27	1	14	8.573542702950537	0.0	0	0	1
167	0.1	25.0	[1]	{1}	10.06141522999358	7.209498206984082	7.209498206984082	0.0	0	889.6778859198092	389.6778859198092	1.161895003862225	7	3	5	2.6236105704009542	0.0	0	0	3
292	0.1	25.0	[3]	{1}	4.35230446992604	3.6393907695919023	3.591002887809721	0.0	0	329.6032021753492	170.39679782465078	2.694240620140033	58	26	43	31.043254436980938	2.898168061733799	0	0	28
230	0.1	25.0	[1]	{2}	4.369095234886299	4.0214612074925835	4.0214612074925835	0.0	0	593.4575737919658	93.45757379196584	0.3333333333333333	8	4	6	4.423169704832137	0.0	0	0	4
354	0.1	25.0	[1]	{0}	4.2588289066322975	3.6407216529863424	3.6407216529863424	0.0	0	852.4566476698966	352.4566476698966	0.4879500364742666	17	7	12	7.8483468186408265	0.0	0	0	7
416	0.1	25.0	[3]	{1}	7.827200517983468	6.577085510784843	6.94812629289365	0.0	0	66.45968114025902	433.540318859741	2.2906251467128	127	113	120	70.76972620086744	9.477646394763445	0	0	113
478	0.1	25.0	[1]	{2}	4.153300953828817	3.620050143899309	3.620050143899309	0.0	0	635.5426234658808	135.54262346588075	0.10301575072754256	64	14	39	27.198263919489456	0.0	0	0	14
106	0.1	25.0	[2]	{0}	5.665591953137283	4.691664639643278	4.960803379558463	0.0	0	175.1346401870249	324.8653598129751	3.8520548926046945	102	80	91	57.16163657477497	2.9564698160649767	0	0	80
44	0.1	25.0	[1]	{1}	3.1594328432005834	2.4797716361378743	2.4797716361378743	0.0	0	365.9509823191912	134.0490176808088	1.429629237993359	41	3	22	16.783313752468676	0.0	0	0	3
168	0.1	25.0	[1]	{1}	5.636234967212812	4.061471390569618	4.061471390569618	0.0	0	533.0088739283384	33.0088739283384	0.8000946913656627	23	3	13	9.238973378214984	0.0	0	0	3
293	0.1	25.0	[2]	{1}	5.946221296685238	4.640104327448997	4.706133093838311	0.0	0	351.1354243382814	148.86457566171862	2.349388928879281	81	27	54	37.54233357882501	2.1765716652869713	0	0	27
231	0.1	25.0	[1]	{2}	3.8681172698667887	3.3897627486301074	3.3897627486301074	0.0	0	126.95605494081968	373.0439450591803	0.0	9	7	8	4.209736329644919	0.0	0	0	7
355	0.1	25.0	[2]	{2}	2.8155389848332995	2.5844285267805485	2.5256645117264562	0.0	0	152.331557823345	347.668442176655	0.9554199408739743	52	22	37	21.76760452381708	1.2869181687397266	0	0	22
417	0.1	25.0	[1]	{0}	4.536697614263472	3.4668523215124925	3.4668523215124925	0.0	0	582.7272282913328	82.72722829133284	0.3209703693831847	47	1	24	17.270182173669337	0.0	0	0	1
479	0.1	25.0	[2]	{2}	1.620136970422917	1.4304217941618889	1.3838048025080572	0.0	0	121.41538155265155	378.5846184473485	2.7929500175566697	35	11	23	16.047553775710984	0.6968712503665617	0	0	11
45	0.1	25.0	[3]	{1}	3.092039182512814	2.5229968086062433	2.5076865363646053	0.0	0	696.6069070622327	196.60690706223272	2.216769445868411	57	21	39	26.625041137568644	1.5871297002723272	0	0	21
107	0.1	25.0	[2]	{0}	7.7425491172586245	6.863430727478205	6.857284987816527	0.0	0	478.8963820319622	21.10361796803778	0.09759000729485331	119	7	63	44.22233719143829	3.277227777368226	0	0	7
169	0.1	25.0	[2]	{1}	4.247309723419628	3.8201726341361613	3.8122357888621816	0.0	0	516.0123729147017	16.0123729147017	1.8473806121236687	55	5	30	23.10027220412344	2.1842504519791626	0	0	5
294	0.1	25.0	[3]	{2}	1.9889131562262374	1.6705845449812453	1.681651263577201	0.0	0	576.0064157657326	76.00641576573264	2.6870057685088806	44	20	32	24.844	1.6653335981666846	0	0	20
232	0.1	25.0	[2]	{2}	5.055071499399008	4.051710450605289	4.051197805970546	0.0	0	495.7944208290429	4.205579170957094	0.558488658476091	71	9	40	29.855933900102983	1.645558378728503	0	0	9
356	0.1	25.0	[1]	{0}	4.833982913784121	4.56461182426003	4.56461182426003	0.0	0	384.33203543536354	115.66796456463646	0.43800034278301103	82	6	44	32.34796106306091	0.0	0	0	6
418	0.1	25.0	[1]	{1}	8.707877516809477	6.618262548146568	6.618262548146568	0.0	0	895.2704872936009	395.2704872936009	0.4629100498862757	6	2	4	3.076459025412798	0.0	0	0	2
480	0.1	25.0	[1]	{2}	9.348326667421265	7.605095218913938	7.605095218913938	0.0	0	239.5097124390304	260.4902875609696	0.9400193421607683	10	6	8	6.12901942487806	0.0	0	0	6
108	0.1	25.0	[1]	{2}	5.665002989078853	4.351527117392992	4.351527117392992	0.0	0	829.7349165659398	329.7349165659398	0.04714045207910317	44	0	22	14.48918100120872	0.0	0	0	0
46	0.1	25.0	[1]	{2}	2.6601619926595608	2.0009327618635417	2.0009327618635417	0.0	0	730.2397340536118	230.23973405361176	1.5874507866387544	20	6	13	9.063760265946389	0.0	0	0	6
170	0.1	25.0	[1]	{0}	10.485975709462764	7.3107132980685465	7.3107132980685465	0.0	0	302.25904798135167	197.74095201864833	1.0	8	0	4	3.055	0.0	0	0	0
295	0.1	25.0	[1]	{1}	6.910831657824193	6.038592177682425	6.038592177682425	0.0	0	448.4045223798605	51.59547762013949	2.185683161932155	48	10	29	20.3909773881007	0.0	0	0	10
233	0.1	25.0	[2]	{2}	2.078676507500073	1.6469920257238544	1.6457865810755425	0.0	0	682.5770752038808	182.57707520388078	0.202325659555628	26	2	14	10.738383398368953	0.6130507150949764	0	0	2
357	0.1	25.0	[1]	{0}	11.111951552921076	8.24360543691676	8.243605436916758	0.0	0	280.2849719300865	219.7150280699135	0.043852900965351466	29	3	16	10.514279775440691	0.0	0	0	3
419	0.1	25.0	[1]	{0}	0.9499711295610272	0.8500989463017282	0.8500989463017282	0.0	0	625.459901057184	125.45990105718397	0.4472135954999579	4	0	2	1.4740000000000002	0.0	0	0	0
481	0.1	25.0	[1]	{2}	1.896845279578058	1.3671545512769274	1.3671545512769274	0.0	0	927.0295787137004	427.0295787137004	0.2581988897471611	9	3	6	3.272822527717797	0.0	0	0	3
47	0.1	25.0	[2]	{2}	2.3942248162495527	1.8829534977728293	1.9142790863371615	0.0	0	638.910252135247	138.910252135247	0.9297198959726098	33	15	24	17.020256470106546	0.9426762290397266	0	0	15
109	0.1	25.0	[1]	{1}	1.6599234767731261	1.1607532984897373	1.1607532984897373	0.0	0	74.52652370557186	425.4734762944281	1.9379255804998177	8	2	5	3.3016326185278597	0.0	0	0	2
171	0.1	25.0	[1]	{2}	4.749157332733108	3.2402064945431848	3.2402064945431843	0.0	0	472.7969570085405	27.203042991459483	1.224744871391589	3	1	2	1.652406085982919	0.0	0	0	1
296	0.1	25.0	[2]	{0}	4.82653357697029	3.6620833365327226	3.7542657357138065	0.0	0	691.2809701170771	191.28097011707712	0.908317991828511	63	1	32	20.685818657424303	1.822920380001936	0	0	1
234	0.1	25.0	[2]	{2}	2.637738993216833	2.5387530593832377	2.2176781451582084	0.0	0	982.6421169564128	482.6421169564128	0.4896818102014666	50	10	30	14.080736491307613	1.5640529422922411	0	0	10
420	0.1	25.0	[3]	{2}	5.499814588377155	4.4271245323118835	4.354689411983443	0.0	0	856.1078596394509	356.1078596394509	0.5933908290969266	70	10	40	26.000548491537575	2.0420355769395835	0	0	10
358	0.1	25.0	[3]	{1}	17.84024274902294	16.146611362903077	16.074617968823468	0.0	0	532.6165410224351	32.61654102243506	11.385720519489107	275	225	250	188.54683458977578	23.76275362568549	0	0	225
482	0.1	25.0	[1]	{1}	3.325296584089145	3.1850222785015014	3.185022278501502	0.0	0	42.81854419969033	457.18145580030966	2.338738328607322	65	43	54	33.426201386783276	0.0	0	0	43
110	0.1	25.0	[2]	{1}	1.2854696218469357	1.1512016943688548	1.193444963218226	0.0	0	95.56487877853225	404.43512122146774	2.319334030455205	28	22	25	13.253862454349177	0.6551602028289182	0	0	22
48	0.1	25.0	[1]	{0}	2.259260424726447	1.6033627291605272	1.6033627291605272	0.0	0	125.94908336177464	374.0509166382254	0.35355339059327373	7	1	4	2.6467963334470985	0.0	0	0	1
172	0.1	25.0	[1]	{2}	4.480540225714226	4.1217438735939265	4.1217438735939265	0.0	0	527.1145259030163	27.11452590301633	0.11929584674762737	79	3	41	30.76513685242459	0.0	0	0	3
297	0.1	25.0	[1]	{2}	8.192367476062124	7.23737641625619	7.23737641625619	0.0	0	853.2312700990589	353.23127009905886	1.4688425261723612	148	44	96	60.374648231282805	0.0	0	0	44
235	0.1	25.0	[1]	{1}	7.001078536580025	5.234843789811127	5.234843789811127	0.0	0	462.9610585980118	37.03894140198821	nan	4	4	4	3.4181557656079526	0.0	0	0	4
421	0.1	25.0	[2]	{1}	3.6057164821592957	3.268750594446252	3.274042354517678	0.0	0	612.5530772842469	112.55307728424691	0.23190036174568116	59	5	32	22.81261999060959	1.5181997988293898	0	0	5
359	0.1	25.0	[1]	{2}	6.486788939689155	4.787677718212741	4.787677718212741	0.0	0	221.62348171696075	278.3765182830392	1.7078251276599332	27	9	18	12.89148178060353	0.0	0	0	9
483	0.1	25.0	[2]	{1}	2.3696679454267504	2.010292465547557	2.0457216020295963	0.0	0	889.1355230007322	389.1355230007322	1.4145961441635033	43	25	34	18.268934309978036	0.9519333817287366	0	0	25
111	0.1	25.0	[2]	{0}	7.357099253588679	6.656514189184744	6.786483959991652	0.0	0	933.898037299514	433.89803729951404	0.5032089943486181	137	97	117	64.78052178515492	3.407474224218281	0	0	97
49	0.1	25.0	[2]	{1}	2.616616910233448	2.242233001974479	2.1442801066596657	0.0	0	103.45699382014584	396.54300617985416	0.4906533814626582	51	3	27	18.103854907302185	1.08298873112393	0	0	3
173	0.1	25.0	[1]	{0}	1.8079157669022528	1.4744587006009349	1.4744587006009349	0.0	0	840.802593389526	340.802593389526	1.4430577774581361	36	16	26	16.47173775865138	0.0	0	0	16
298	0.1	25.0	[1]	{2}	8.973987520408649	7.506978312909447	7.506978312909447	0.0	0	307.3110049590469	192.6889950409531	0.502518907629606	17	7	12	8.95986602975428	0.0	0	0	7
236	0.1	25.0	[1]	{0}	11.165190292704548	8.77979653246865	8.77979653246865	0.0	0	826.1853647418321	326.18536474183213	0.27242750174728897	58	12	35	20.797624422486873	0.0	0	0	12
422	0.1	25.0	[2]	{2}	4.573836703254731	4.128398242669584	3.8322402828818776	0.0	0	729.211195372045	229.21119537204504	1.8943780182714158	85	9	47	32.91725446016341	2.8373965147276126	0	0	9
360	0.1	25.0	[2]	{0}	5.505313890226322	5.055934016761887	5.045079277593874	0.0	0	424.8381985817104	75.1618014182896	0.1011288067324221	106	14	60	44.57123353192211	2.4368406269226432	0	0	14
50	0.1	25.0	[1]	{0}	7.0928435783592105	5.0757398419062145	5.075739841906214	0.0	0	949.784312862903	449.784312862903	0.42008402520840293	16	0	8	3.756725497096776	0.0	0	0	0
112	0.1	25.0	[1]	{2}	2.720569649753283	2.321202287219088	2.3212022872190885	0.0	0	76.89602393656972	423.1039760634303	1.4696938456699067	9	1	5	2.5844801196828486	0.0	0	0	1
484	0.1	25.0	[1]	{0}	9.61108940566387	8.987163936240673	8.987163936240673	0.0	0	716.8090012855829	216.8090012855829	0.2339074631679014	165	51	108	68.87971787401287	0.0	0	0	51
174	0.1	25.0	[1]	{2}	3.79111115760176	3.3216817007738455	3.3216817007738455	0.0	0	877.6478909421712	377.6478909421712	1.6984155512168937	12	4	8	3.64581687246263	0.0	0	0	4
299	0.1	25.0	[1]	{1}	6.465084319550945	5.978217288730793	5.978217288730793	0.0	0	587.4173778574915	87.41737785749149	0.2013468165642073	36	2	19	14.926756400717421	0.0	0	0	2
237	0.1	25.0	[2]	{2}	5.737692356603156	4.81986832365671	4.538223448900003	0.0	0	826.8759737256916	326.87597372569155	0.6163589558910118	76	2	39	24.570092867052175	2.5310033838503534	0	0	2
423	0.1	25.0	[3]	{2}	3.4149302917293145	2.590976732087301	2.660266765040157	0.0	0	713.5416939854623	213.5416939854623	0.8822476172578326	30	2	16	10.839416284203528	1.1170324827498195	0	0	2
361	0.1	25.0	[1]	{1}	6.384077064122524	5.398146087703786	5.398146087703786	0.0	0	45.87623849511141	454.1237615048886	0.2886751345948129	8	2	5	3.940628715485334	0.0	0	0	2
485	0.1	25.0	[3]	{1}	5.84407274205756	5.128402722553108	5.133213559158844	0.0	0	397.2767731174828	102.72322688251722	5.992816490111826	91	65	78	55.30064255481957	6.048105018210794	0	0	65
113	0.1	25.0	[1]	{1}	5.7406046794505015	4.124151552371545	4.124151552371546	0.0	0	379.4582309201361	120.54176907986391	1.3502712035855329	21	9	15	12.075374692760409	0.0	0	0	9
51	0.1	25.0	[1]	{1}	3.536858633013173	2.968670775594502	2.968670775594502	0.0	0	717.258140910417	217.25814091041696	1.8077119625428861	52	16	34	22.96883718179166	0.0	0	0	16
175	0.1	25.0	[1]	{0}	6.015197600647328	4.39143426230624	4.391434262306241	0.0	0	982.3500071652232	482.35000716522325	0.22822323542815148	51	7	29	13.716849792208528	0.0	0	0	7
300	0.1	25.0	[1]	{2}	8.763990114433907	8.146093758311372	8.146093758311372	0.0	0	218.8992581795901	281.1007418204099	1.7526728679695163	158	72	114	67.62372433431818	0.0	0	0	70
238	0.1	25.0	[3]	{0}	4.9968757905157615	4.253373696123656	4.242620500294239	0.0	0	487.9233383107931	12.076661689206901	5.082133930822257	88	46	67	51.2259966019597	4.850120542290255	0	0	46
424	0.1	25.0	[2]	{0}	1.7566413763131519	1.3853081263336655	1.4459185135146457	0.0	0	311.600147979334	188.399852020666	0.8190283593479222	27	13	20	14.691602367669343	0.8893092626596861	0	0	13
362	0.1	25.0	[1]	{1}	12.758713156964323	10.174355181215565	10.174355181215567	0.0	0	335.5611392762514	164.43886072374858	0.2539682288667895	136	8	72	50.31144557105005	0.0	0	0	8
52	0.1	25.0	[3]	{2}	4.700289536401646	4.525300237437261	4.529934195321524	0.0	0	520.479370141402	20.479370141402	8.099970605472825	104	98	101	79.35939685070697	8.264010778008087	0	0	98
486	0.1	25.0	[1]	{0}	7.158339062304078	5.9961295962100625	5.9961295962100625	0.0	0	973.7829104997217	473.78291049972165	0.9015037604471401	22	4	13	7.394822163503618	0.0	0	0	4
114	0.1	25.0	[1]	{0}	5.179046357001122	4.295768050083346	4.295768050083346	0.0	0	155.39134806022037	344.60865193977963	0.23211917272131485	28	2	15	9.166304828662422	0.0	0	0	2
176	0.1	25.0	[1]	{2}	3.3720385952040086	2.9588343728557227	2.9588343728557227	0.0	0	751.0911352001132	251.09113520011317	0.5786375623578446	15	1	8	6.078453188799321	0.0	0	0	1
301	0.1	25.0	[1]	{0}	3.967981449616497	3.4978997534430163	3.4978997534430163	0.0	0	112.86446778103712	387.1355322189629	nan	2	2	2	1.331728935562074	0.0	0	0	2
239	0.1	25.0	[2]	{0}	4.90831255046431	3.8044852773550746	4.12996645569616	0.0	0	121.71571305952948	378.2842869404705	0.7704823031400883	72	54	63	34.99422707051225	2.536224396908332	0	0	54
425	0.1	25.0	[1]	{1}	3.6734902647724272	2.973596519871574	2.973596519871574	0.0	0	711.4919298328459	211.49192983284593	0.3872983346207417	14	2	8	5.744048421002924	0.0	0	0	2
363	0.1	25.0	[3]	{2}	5.6014777971138265	5.347128717486299	5.338930495745339	0.0	0	564.3240062054247	64.32400620542467	8.75271616590919	113	107	109	83.07491605584882	9.230029159992428	0	0	105
487	0.1	25.0	[3]	{0}	5.658752547019796	5.002077800782644	5.037429307806047	0.0	0	236.8779168464244	263.1220831535756	1.389319393446753	84	50	67	45.1580179254748	6.481273190451866	0	0	50
53	0.1	25.0	[1]	{0}	3.066396824160261	2.817605719718033	2.817605719718033	0.0	0	408.814987167716	91.18501283228397	0.0	11	1	6	4.588	0.0	0	0	1
115	0.1	25.0	[1]	{2}	5.015211042789211	3.4261179368241494	3.4261179368241494	0.0	0	590.1931175030769	90.1931175030769	1.4433756729740645	8	6	7	5.713193117503076	0.0	0	0	6
177	0.1	25.0	[3]	{2}	12.573931399375704	11.521200363381785	11.724999283071387	0.0	0	139.53179237432778	360.4682076256722	5.820248390702349	245	217	231	148.84893649600994	18.92177866785439	0	0	217
302	0.1	25.0	[3]	{1}	2.3754116080259418	1.899877002287114	1.8778951840265226	0.0	0	204.29240725934525	295.7075927406547	1.7320508075688772	24	10	17	11.918877221778036	0.8450281576516957	0	0	10
240	0.1	25.0	[1]	{0}	5.341796950004664	4.537781949701662	4.537781949701662	0.0	0	915.109497029334	415.10949702933397	0.20698949660560617	72	16	44	25.120401124767973	0.0	0	0	16
426	0.1	25.0	[2]	{0}	3.4291507613900953	2.7713763616298084	2.6775699027563715	0.0	0	269.146863836795	230.85313616320502	0.5253101487635479	42	0	21	13.590202957551924	1.3693414334895453	0	0	0
364	0.1	25.0	[3]	{1}	3.7399625882715783	3.3818278602417653	3.273041231804616	0.0	0	847.8726919274778	347.87269192747783	2.825918833194242	67	37	53	36.26620116639322	4.057273980479161	0	0	39
488	0.1	25.0	[2]	{1}	2.6048940445099293	2.273778111935984	2.275103904564649	0.0	0	845.877412008122	345.87741200812195	0.25290399327430235	54	20	37	22.404800227748222	0.9764900109923798	0	0	20
116	0.1	25.0	[1]	{0}	4.920353442747856	3.461325556469837	3.461325556469837	0.0	0	405.5125010199845	94.48749898001552	2.173706511928416	34	6	20	13.90302500203997	0.0	0	0	6
54	0.1	25.0	[2]	{2}	2.760801051082926	2.1518834260090167	2.1769458206018415	0.0	0	92.25530759431416	407.74469240568584	0.08119979429411502	48	22	35	21.196425150612374	0.8580111953151618	0	0	22
178	0.1	25.0	[1]	{1}	4.360774330268112	3.2680713969192956	3.2680713969192956	0.0	0	80.49851818941549	419.5014818105845	0.48947250518628044	47	1	24	13.678973327409478	0.0	0	0	1
303	0.1	25.0	[3]	{2}	3.674973928724004	2.970498707327338	2.9228837078218906	0.0	0	344.0615474246443	155.9384525753557	0.6505363111794832	54	2	28	18.96586166394502	1.6385709151865626	0	0	2
241	0.1	25.0	[1]	{0}	2.742265823703998	2.271442090779103	2.271442090779103	0.0	0	705.5469399783761	205.54693997837614	0.9759000729485332	17	5	11	7.304265300108121	0.0	0	0	5
427	0.1	25.0	[1]	{1}	10.004063040424148	6.954511607646738	6.954511607646739	0.0	0	595.9448134526609	95.94481345266092	1.055158909305437	32	4	18	12.126331119284036	0.0	0	0	4
365	0.1	25.0	[2]	{1}	4.481163709834828	3.4117404525929094	3.6763811824777286	0.0	0	188.2318886928261	311.7681113071739	3.0378365170340142	70	54	62	37.25259443464128	2.284637679806283	0	0	54
489	0.1	25.0	[3]	{2}	2.5092078057349045	2.0155829094486903	2.0233922421348685	0.0	0	656.1997770331801	156.1997770331801	1.7002508323424783	50	12	31	21.5870033445023	1.1818869018601927	0	0	12
117	0.1	25.0	[3]	{0}	2.382377956729614	2.011055270780495	2.0080496498565235	0.0	0	424.43858366459614	75.56141633540386	1.8535982326614302	37	11	24	18.6	1.8099066499266845	0	0	11
55	0.1	25.0	[2]	{2}	4.58670687354639	3.8961561764543298	3.9178146476222566	0.0	0	139.24327259883282	360.75672740116715	0.19518001458970666	79	27	53	30.459920357342813	1.6844974333859246	0	0	27
179	0.1	25.0	[2]	{1}	1.1997038360566483	0.9743046959038363	1.0116089994101585	0.0	0	699.1758039221169	199.17580392211687	0.18257418583505536	19	17	18	12.366835529401897	0.5990504311348448	0	0	17
304	0.1	25.0	[1]	{2}	7.0269553720678655	5.601830279230757	5.6018302792307555	0.0	0	924.070317298174	424.070317298174	0.7348469228349533	15	5	10	6.60029682701826	0.0	0	0	5
242	0.1	25.0	[2]	{1}	5.976235888322798	4.682838106074565	4.651584337770415	0.0	0	647.376430220902	147.37643022090197	2.4308576604806054	79	17	48	36.05249427911639	1.8755340102374307	0	0	17
428	0.1	25.0	[1]	{0}	2.7478123914369057	2.0059327946805046	2.005932794680505	0.0	0	429.4580952264368	70.5419047735632	1.3333333333333333	8	2	5	3.937709523867816	0.0	0	0	2
366	0.1	25.0	[1]	{0}	1.411750983592838	1.2155536923164565	1.2155536923164565	0.0	0	269.1771714016794	230.8228285983206	0.7423074889580903	20	6	13	8.573594542615115	0.0	0	0	6
490	0.1	25.0	[3]	{1}	0.6123946449319951	0.5291135116524268	0.5239064965598409	0.0	0	434.5686098095031	65.43139019049693	2.23606797749979	8	6	7	4.806431390190498	0.5964638745747208	0	0	6
118	0.1	25.0	[1]	{1}	4.371738396357021	3.2902063828523436	3.290206382852343	0.0	0	168.9153295010329	331.0846704989671	1.5491933384829668	7	5	6	4.157661318004131	0.0	0	0	5
56	0.1	25.0	[1]	{2}	0.8464849664767936	0.8011024043455776	0.8011024043455776	0.0	0	239.3588935956359	260.6411064043641	0.7024393586862705	18	12	15	9.242383403934538	0.0	0	0	12
180	0.1	25.0	[1]	{2}	4.162099221540056	3.1213566030341022	3.1213566030341013	0.0	0	632.2809916455299	132.28099164552987	0.07921884542627411	36	4	20	14.99643801670894	0.0	0	0	4
305	0.1	25.0	[2]	{2}	2.0830541511648875	1.7817542803737105	1.7960233985581848	0.0	0	710.4920125566424	210.4920125566424	0.18786728732554486	33	11	22	14.243159748867154	0.8222856799739533	0	0	11
243	0.1	25.0	[3]	{2}	2.246540322510375	2.1461245864481557	2.11766550566436	0.0	0	171.28718923777348	328.7128107622265	4.198802717790541	54	50	52	32.851764434084295	3.5486594502650397	0	0	50
429	0.1	25.0	[3]	{2}	5.080490036596543	4.58449131518629	4.187974059362636	0.0	0	103.71257853694264	396.28742146305734	0.23932258262514283	85	21	53	33.65664087708852	4.021432224173095	0	0	21
367	0.1	25.0	[3]	{0}	9.2849192548913	8.49145758279333	8.16200416222225	0.0	0	986.244216328487	486.244216328487	0.618095909379353	140	62	101	49.70482258347978	10.264064995744704	0	0	62
491	0.1	25.0	[1]	{1}	3.515777830001216	2.6984788973574183	2.698478897357418	0.0	0	354.6230588108301	145.37694118916988	1.0	2	2	2	1.315	0.0	0	0	2
119	0.1	25.0	[3]	{1}	4.680513598752057	4.371979618325671	4.321047174887143	0.0	0	295.24624207988404	204.75375792011596	6.101174198408581	87	73	80	56.409864714875845	6.73404554361478	0	0	73
57	0.1	25.0	[2]	{1}	6.996515886048533	6.3636126097306125	6.180382333444447	0.0	0	870.8688714541496	370.8688714541496	1.2588590859073847	118	52	85	52.738096898030484	3.1761811592391243	0	0	52
181	0.1	25.0	[1]	{2}	4.8503963402230585	3.9538915397430867	3.9538915397430867	0.0	0	832.5580093078316	332.55800930783164	1.0186496251525985	50	10	30	18.929839813843365	0.0	0	0	10
306	0.1	25.0	[1]	{1}	2.6152548888820153	1.9988196442518644	1.9988196442518644	0.0	0	128.06410714983937	371.9358928501606	0.7833494518006403	10	2	6	4.605384642899036	0.0	0	0	2
430	0.1	25.0	[1]	{2}	3.9592513650540573	2.792617991216078	2.792617991216078	0.0	0	473.0001571588219	26.999842841178122	0.0	4	2	3	2.649000157158822	0.0	0	0	2
244	0.1	25.0	[2]	{0}	5.694796808081252	4.611475153738915	4.512811490359558	0.0	0	78.98072223179037	421.01927776820963	0.10604746049596295	75	1	38	22.44242166695372	1.8997578505358248	0	0	1
368	0.1	25.0	[2]	{1}	2.5958952823326245	2.3738627554633664	2.209393714471153	0.0	0	25.882113957777644	474.1178860422224	0.2299838298304276	43	21	32	15.277227646648885	1.2583408980606534	0	0	21
492	0.1	25.0	[1]	{0}	2.338945532624473	1.9537479015832626	1.9537479015832626	0.0	0	435.61279494315374	64.38720505684626	0.9082951062292475	19	3	11	7.977289564602077	0.0	0	0	3
120	0.1	25.0	[1]	{0}	0.9071083053748381	0.7547993158413788	0.7547993158413788	0.0	0	994.9781873729082	494.9781873729082	0.9128709291752769	11	1	6	3.7971308757625506	0.0	0	0	1
58	0.1	25.0	[1]	{1}	10.454520052274518	7.3368664244345885	7.3368664244345885	0.0	0	845.1245292089878	345.12452920898784	1.3416407864998738	4	2	3	2.3896264123730364	0.0	0	0	2
182	0.1	25.0	[2]	{1}	5.272205875529924	4.142448962385182	4.151655193490389	0.0	0	587.7850088290872	87.78500882908725	0.05183597403550534	86	2	44	33.50557989405095	1.620424730285754	0	0	2
307	0.1	25.0	[1]	{2}	7.388686847444696	6.241395411457922	6.241395411457923	0.0	0	262.7121498808266	237.2878501191734	1.224744871391589	3	1	2	1.5230000000000001	0.0	0	0	1
431	0.1	25.0	[1]	{2}	6.277320401102465	5.418498658160887	5.418498658160887	0.0	0	206.14559599198404	293.854404008016	0.11396057645963795	10	2	6	3.4125823839679357	0.0	0	0	2
245	0.1	25.0	[1]	{2}	3.936761205938823	3.5247096962091136	3.5247096962091136	0.0	0	711.120561696589	211.120561696589	1.4378292092451277	70	10	40	26.730142025709156	0.0	0	0	10
369	0.1	25.0	[2]	{2}	12.542653432717819	12.017602183994406	12.00127946562954	0.0	0	247.3955049645156	252.6044950354844	0.6248263702188335	220	100	160	98.63769877446445	5.794570436943101	0	0	100
121	0.1	25.0	[3]	{2}	4.637001563126232	3.617865652923183	3.5576158728849387	0.0	0	278.0023240484297	221.99767595157027	2.5466240628814965	50	10	30	18.257060425259173	0.9103158510829952	0	0	10
493	0.1	25.0	[1]	{2}	2.9301867585415238	2.293158591761977	2.293158591761977	0.0	0	383.4864499513061	116.5135500486939	0.7744502841566949	35	5	20	14.39489159961045	0.0	0	0	5
59	0.1	25.0	[1]	{2}	6.12661360711159	5.102528690629525	5.102528690629525	0.0	0	76.37931732460856	423.62068267539144	1.0206207261596576	11	5	8	4.542034538596869	0.0	0	0	5
183	0.1	25.0	[1]	{2}	9.394923994817091	7.623698744378189	7.623698744378189	0.0	0	211.4932835102082	288.5067164897918	nan	0	0	0	0.0	0.0	0	0	0
308	0.1	25.0	[1]	{0}	7.661166607465413	6.8894067638674645	6.8894067638674645	0.0	0	587.1640520635992	87.16405206359923	0.1907641932953064	34	6	20	15.030015687618407	0.0	0	0	6
432	0.1	25.0	[1]	{0}	13.140930984609325	10.00426053872775	10.004260538727753	0.0	0	15.947295352816552	484.0527046471835	0.3051441424284631	44	4	24	12.505945907056331	0.0	0	0	4
246	0.1	25.0	[1]	{0}	3.3370921529553215	2.788716533998306	2.788716533998306	0.0	0	372.1080927643925	127.8919072356075	0.8247860988423226	20	2	11	8.354675721706824	0.0	0	0	2
494	0.1	25.0	[3]	{0}	2.132971542617954	1.7760977810843777	1.809584366070322	0.0	0	248.43145254999396	251.56854745000604	3.2806176411279164	44	30	37	22.962197598449887	1.8119568480211306	0	0	30
370	0.1	25.0	[1]	{1}	6.027564197354577	4.627824119360777	4.627824119360777	0.0	0	760.9712458215653	260.9712458215653	0.2809757434745082	39	5	22	15.667287541784345	0.0	0	0	5
122	0.1	25.0	[1]	{0}	14.760726298198271	12.242225470240783	12.242225470240783	0.0	0	892.9785771761092	392.9785771761092	1.111949416247271	189	79	134	79.57248504757135	0.0	0	0	79
60	0.1	25.0	[1]	{2}	4.794090477015229	3.789900169058984	3.789900169058984	0.0	0	192.6089897751808	307.3910102248192	0.2857142857142857	13	5	9	6.498826969325542	0.0	0	0	5
184	0.1	25.0	[1]	{2}	3.5841864481508074	2.999789338058206	2.999789338058206	0.0	0	718.1497549172491	218.14975491724908	1.0	2	0	1	0.5558502450827509	0.0	0	0	0
309	0.1	25.0	[3]	{1}	7.769821971215629	6.78646098754518	6.646846026089279	0.0	0	167.2608992084862	332.7391007915138	3.401515827092694	114	64	89	59.99234945646677	6.9754292730397065	0	0	64
433	0.1	25.0	[3]	{1}	2.821539973002812	2.4459474738340132	2.3559966192925743	0.0	0	252.7839061804116	247.2160938195884	2.1213203435596424	44	14	29	19.483190780345353	2.2825882891470695	0	0	14
247	0.1	25.0	[2]	{1}	3.685613407194417	3.4764525697023396	3.1271807876321835	0.0	0	933.9419014286252	433.9419014286252	0.4474797148900666	59	9	34	19.84385915428399	2.089255523048543	0	0	9
495	0.1	25.0	[2]	{1}	3.3028997512339338	3.0169471702133075	2.802424397377335	0.0	0	844.5011691655965	344.5011691655965	1.1348699190074616	58	10	34	18.595962586700914	1.773680021876841	0	0	10
371	0.1	25.0	[1]	{2}	1.264874239018888	0.9211931339010883	0.9211931339010883	0.0	0	105.01141007989642	394.98858992010355	0.3872983346207417	7	3	5	3.208057050399482	0.0	0	0	3
123	0.1	25.0	[2]	{0}	5.725807121987652	4.4901729421898136	4.630582670630163	0.0	0	769.9395217932761	269.93952179327607	0.12201777521731262	90	22	56	37.57929817185551	2.2878316516115627	0	0	22
61	0.1	25.0	[1]	{0}	7.425411656504188	5.833897400846137	5.833897400846137	0.0	0	169.8722515720874	330.1277484279126	0.44659886861763254	64	4	34	18.785423044018447	0.0	0	0	4
185	0.1	25.0	[1]	{1}	5.043471756860265	4.747111347789147	4.747111347789147	0.0	0	912.2636308893564	412.26363088935636	0.5946334704902357	93	27	60	32.90229119375347	0.0	0	0	27
