iter	recomb_rate	mut_rate	recomb_type	recomb_node	ARG_length_1	ARG_length_2	ARG_length_3	ARG_length_4	root_height_change	bp	bp_pos_deviation	rank_stat	info_sites_global	confounding_info_sites	consistent_info_sites	weighted_consistent_info_sites	rf_dist	no_neu_recurr_mut	no_adv_recurr_mut	info_sites_imbalance
310	1.0	5.0	[2]	{1}	6.72094924303408	5.0422667225114015	5.309913076694857	0.0	0	849.4812790304422	349.48127903044224	0.0	17	13	15	9.589705930665135	2.715277343389455	0	0	13
248	1.0	5.0	[2]	{0}	1.096930554965824	0.9843293772965557	0.9454555375802021	0.0	0	191.72471342608333	308.2752865739167	1.0	2	2	2	1.7690000000000001	0.5230913178511777	0	0	2
186	1.0	5.0	[1]	{1}	2.678035311773085	2.0034298638446906	2.0034298638446906	0.0	0	414.6320139989257	85.36798600107431	nan	3	1	2	1.7147359720021487	0.0	0	0	1
124	1.0	5.0	[2]	{1}	3.8712607993433994	3.2725835294550882	3.341619926190576	0.0	0	88.06099463254213	411.93900536745787	0.8885233166386385	18	6	12	6.445609946325422	1.57357840699866	0	0	6
372	1.0	5.0	[2]	{2}	2.566777054429867	2.1632920117480676	2.15600027051329	0.0	0	532.1678111795336	32.1678111795336	1.7320508075688774	5	5	5	4.075167811179535	1.0992899339306454	0	0	5
434	1.0	5.0	[1]	{2}	4.780244051108088	3.3547746213761087	3.3547746213761087	0.0	0	564.3509570509195	64.35095705091953	nan	0	0	0	0.0	0.0	0	0	0
62	1.0	5.0	[1]	{0}	1.0093642211182814	0.9599184582972448	0.9599184582972448	0.0	0	101.90998972393572	398.0900102760643	nan	1	1	1	0.6619099897239358	0.0	0	0	1
0	1.0	5.0	[3]	{2}	1.6107784522845094	1.3903526572680438	1.391077460952831	0.0	0	506.21140538714826	6.211405387148261	1.709408646894569	10	6	8	6.441422810774296	1.5806381351618848	0	0	6
496	1.0	5.0	[1]	{0}	4.890182759373269	4.003072904662643	4.003072904662643	0.0	0	71.85780606232584	428.14219393767416	0.0	14	2	8	4.735862448498607	0.0	0	0	2
311	1.0	5.0	[3]	{0}	2.685196483557052	2.476001164175755	2.373988736640101	0.0	0	115.39125139825046	384.60874860174954	1.8516401995451028	6	2	4	2.222565005593002	3.1459678796717703	0	0	2
373	1.0	5.0	[3]	{1}	3.240503417881113	2.632435769826075	2.6478384693910373	0.0	0	549.1282909642905	49.1282909642905	0.8931977372352652	12	4	8	6.339256581928581	2.0532072026912105	0	0	4
187	1.0	5.0	[3]	{1}	0.9908363281156656	0.7509273929109399	0.7512102723461322	0.0	0	244.19491621665657	255.80508378334343	0.0	4	0	2	1.2363898324333131	0.06577004984575502	0	0	0
249	1.0	5.0	[2]	{2}	2.1982305537246645	1.9264743495701733	1.9344542839710563	0.0	0	433.9341600425541	66.06583995744592	1.4638501094227998	6	4	5	3.4408024801276627	0.9561266093858329	0	0	4
125	1.0	5.0	[2]	{1}	3.8681180695800146	3.1687533398228664	3.0751200071169604	0.0	0	921.7660841532052	421.76608415320516	0.2182178902359924	6	2	4	2.7644678316935893	1.3630639645635076	0	0	2
435	1.0	5.0	[1]	{2}	4.467691393030027	3.093971695744206	3.093971695744206	0.0	0	193.74430179595947	306.2556982040405	nan	2	2	2	0.770488603591919	0.0	0	0	2
63	1.0	5.0	[1]	{1}	3.3450209634068018	2.4215752026560815	2.4215752026560815	0.0	0	632.502309512347	132.50230951234698	0.8783100656536799	6	2	4	2.606990761950612	0.0	0	0	2
1	1.0	5.0	[1]	{1}	2.650312436560784	1.9143945445175783	1.9143945445175783	0.0	0	80.16677806153893	419.83322193846107	1.4638501094227998	6	6	6	4.097667112246156	0.0	0	0	6
497	1.0	5.0	[1]	{1}	1.5434444220563237	1.2673957063497068	1.2673957063497068	0.0	0	74.75068117491901	425.249318825081	0.7745966692414834	7	3	5	2.2127534058745955	0.0	0	0	3
312	1.0	5.0	[3]	{1}	4.3202889738619525	3.3777427045688806	3.3874897370919164	0.0	0	545.8495942875743	45.84959428757429	0.2449489742783178	9	1	5	3.6771504057124256	1.390771158738439	0	0	1
250	1.0	5.0	[3]	{0}	2.6435595877975486	2.1209281261939656	2.2642808990219487	0.0	0	905.2230562083424	405.2230562083424	1.3643820804812932	14	12	13	7.555100269291548	2.606652292249023	0	0	12
188	1.0	5.0	[1]	{1}	2.306648175206031	1.666321121587178	1.666321121587178	0.0	0	250.41855592280623	249.58144407719377	nan	2	0	1	0.4204185559228063	0.0	0	0	0
126	1.0	5.0	[3]	{0}	2.6567955320523557	2.249467518902139	2.185017429149654	0.0	0	21.122751059010625	478.8772489409894	0.6666666666666666	8	4	6	2.8857365063540636	1.6739520661546337	0	0	4
374	1.0	5.0	[3]	{0}	1.3959235408881498	1.1412830365099227	1.1428446843404076	0.0	0	256.87480554915965	243.12519445084035	nan	3	3	3	1.645624416647479	0.7736394544081756	0	0	3
436	1.0	5.0	[1]	{2}	1.0155292377503784	0.8578703805240742	0.8578703805240742	0.0	0	191.4541674777865	308.54583252221346	nan	0	0	0	0.0	0.0	0	0	0
2	1.0	5.0	[3]	{0}	1.2259471892904743	1.027729558409676	1.0022588393385052	0.0	0	410.3013486601412	89.69865133985883	1.224744871391589	3	3	3	1.7826986513398588	0.9463463530460323	0	0	3
64	1.0	5.0	[1]	{2}	0.25413076747336705	0.18929247676181832	0.18929247676181832	0.0	0	67.00534117408097	432.99465882591903	nan	2	2	2	1.779010682348162	0.0	0	0	2
498	1.0	5.0	[1]	{2}	3.311803078974371	2.460851332863682	2.460851332863682	0.0	0	241.8435192666948	258.1564807333052	1.5491933384829668	4	2	3	2.007843519266695	0.0	0	0	2
313	1.0	5.0	[1]	{0}	2.0403350163309804	1.5012278843397926	1.5012278843397926	0.0	0	628.6779115907848	128.6779115907848	1.224744871391589	3	1	2	1.188	0.0	0	0	1
127	1.0	5.0	[3]	{1}	0.7161707987901402	0.6571071321066679	0.6580012509507744	0.0	0	518.3084947057068	18.308494705706835	1.224744871391589	3	3	3	1.7896915052942932	1.015821498704023	0	0	3
375	1.0	5.0	[1]	{1}	2.89950493309854	2.642762811637109	2.642762811637109	0.0	0	736.0532854218036	236.0532854218036	nan	1	1	1	0.6979467145781963	0.0	0	0	1
189	1.0	5.0	[1]	{1}	2.5087136748169385	1.9537287858078884	1.953728785807889	0.0	0	631.1527865473181	131.1527865473181	1.224744871391589	3	1	2	1.359	0.0	0	0	1
251	1.0	5.0	[1]	{2}	3.3301313052031754	2.3617380392406515	2.3617380392406515	0.0	0	98.1334405951202	401.8665594048798	1.0	2	2	2	1.169	0.0	0	0	2
3	1.0	5.0	[3]	{1}	2.417469325024605	1.9474627204784616	2.06589928034518	0.0	0	867.6508988719434	367.65089887194335	0.11396057645963795	10	4	7	4.24604730338417	2.3445223706783938	0	0	4
437	1.0	5.0	[3]	{2}	3.7050657071629196	3.0916604831976104	3.091051767547385	0.0	0	498.7077014520765	1.292298547923508	2.1602468994692865	13	9	11	8.504461492739617	2.969053197874997	0	0	9
65	1.0	5.0	[1]	{1}	2.521116264820761	2.269814547401479	2.269814547401479	0.0	0	151.6635611187667	348.33643888123333	1.0606601717798212	7	1	4	2.945654244475067	0.0	0	0	1
499	1.0	5.0	[1]	{1}	2.8446041593446085	2.3826899942881803	2.3826899942881803	0.0	0	389.4487265497446	110.5512734502554	0.5773502691896258	5	1	3	1.8054487265497445	0.0	0	0	1
314	1.0	5.0	[3]	{2}	1.2551842264718727	1.1565709513295137	1.0425996580732662	0.0	0	87.88245893083513	412.1175410691649	1.224744871391589	3	1	2	1.74176491786167	1.0862423601727502	0	0	1
190	1.0	5.0	[3]	{2}	2.0238800202876837	1.6691533486728982	1.597158854813809	0.0	0	191.7333654128015	308.2666345871985	1.8516401995451028	6	2	4	2.959933461651206	0.8675368933126774	0	0	2
128	1.0	5.0	[1]	{1}	1.030123804196093	0.8399471090424594	0.8399471090424594	0.0	0	649.8239131178707	149.8239131178707	nan	2	2	2	1.3556478262357414	0.0	0	0	2
252	1.0	5.0	[3]	{1}	1.9288687257634023	1.5345292004952973	1.5360023676223689	0.0	0	464.286865433678	35.713134566322026	nan	4	2	3	1.9518605963010338	0.7560565955327376	0	0	2
376	1.0	5.0	[1]	{1}	3.8808651615865033	3.5942998240857795	3.5942998240857795	0.0	0	467.22224564291537	32.77775435708463	1.091089451179962	8	4	6	4.3848889825716615	0.0	0	0	4
4	1.0	5.0	[1]	{1}	1.187650402038266	1.1160202584227294	1.1160202584227294	0.0	0	226.0306112002581	273.96938879974186	1.0	2	0	1	0.9040306112002581	0.0	0	0	0
438	1.0	5.0	[1]	{2}	2.3143234679139963	1.891104349599468	1.891104349599468	0.0	0	558.7134859524667	58.713485952466726	nan	0	0	0	0.0	0.0	0	0	0
66	1.0	5.0	[2]	{0}	3.1268717454563695	2.592389255728384	2.5977001262897144	0.0	0	696.9685873482376	196.96858734823763	nan	9	1	5	4.188842936741188	1.061227286768141	0	0	1
191	1.0	5.0	[3]	{1}	1.9606786860635763	1.5235259968987744	1.5206300794967147	0.0	0	625.1049311831594	125.10493118315935	0.0	3	1	2	1.604	0.42411642730998	0	0	1
315	1.0	5.0	[1]	{0}	4.038423955080317	3.1282104760358616	3.1282104760358616	0.0	0	734.7764847800136	234.77648478001356	nan	0	0	0	0.0	0.0	0	0	0
253	1.0	5.0	[2]	{1}	1.9165068340924565	1.57358421248584	1.6898985001528732	0.0	0	120.83320575766264	379.16679424233735	nan	4	4	4	2.3173328230306507	1.0384079363766854	0	0	4
439	1.0	5.0	[3]	{1}	1.6836201598661362	1.3856901981626604	1.4400573453995258	0.0	0	849.8366381973028	349.8366381973028	nan	1	1	1	0.3191633618026972	1.5741450464112088	0	0	1
377	1.0	5.0	[1]	{2}	1.2337205410944105	1.030847925619335	1.030847925619335	0.0	0	981.8274357821792	481.82743578217924	0.2182178902359924	6	0	3	1.3605176926534623	0.0	0	0	0
129	1.0	5.0	[1]	{2}	2.7891620227564253	2.4104187553028344	2.4104187553028344	0.0	0	575.2573572099209	75.25735720992088	1.0	2	0	1	0.7262573572099209	0.0	0	0	0
5	1.0	5.0	[2]	{1}	2.662013109336157	2.2655630594888674	2.2579974868883843	0.0	0	740.9441489726305	240.9441489726305	1.4814874939752933	10	2	6	4.359888297945261	0.9583906264346812	0	0	2
67	1.0	5.0	[1]	{2}	1.024442401959399	0.9231257489813594	0.9231257489813594	0.0	0	663.1304689217359	163.13046892173588	nan	2	0	1	0.8531304689217358	0.0	0	0	0
192	1.0	5.0	[1]	{1}	2.826970459079389	1.9148244607345073	1.9148244607345073	0.0	0	298.5062743537128	201.4937256462872	nan	1	1	1	0.5415062743537128	0.0	0	0	1
316	1.0	5.0	[1]	{0}	1.1792554294515019	1.0891660847856295	1.0891660847856295	0.0	0	716.5247073862702	216.52470738627017	nan	2	2	2	1.7530494147725404	0.0	0	0	2
378	1.0	5.0	[1]	{1}	1.668057070587409	1.4578921964789582	1.4578921964789582	0.0	0	170.4156631603837	329.5843368396163	0.7453559924999299	8	2	5	2.9150783158019187	0.0	0	0	2
440	1.0	5.0	[2]	{0}	2.5350397965302975	2.274946613194549	2.2862506284155	0.0	0	269.0763531718403	230.9236468281597	0.7745966692414834	7	1	4	2.7441527063436806	1.067682041010961	0	0	1
254	1.0	5.0	[2]	{0}	3.540050241045109	2.8510499033628003	2.846927685104606	0.0	0	476.1561898048967	23.843810195103288	1.3075076053880401	20	4	12	8.323687620390206	1.249786773291319	0	0	4
130	1.0	5.0	[1]	{0}	2.020343976842746	1.5040034815267314	1.5040034815267316	0.0	0	688.6132685467601	188.61326854676008	nan	0	0	0	0.0	0.0	0	0	0
6	1.0	5.0	[3]	{0}	3.093702362900845	2.514446487293167	2.528637621684606	0.0	0	979.8652213066816	479.86522130668163	1.6397831834998458	8	4	6	4.077539114773273	1.696459963205654	0	0	4
68	1.0	5.0	[2]	{0}	0.2702156564966151	0.22800973240762698	0.22906129688527313	0.0	0	548.7464684993029	48.746468499302864	nan	1	1	1	0.8307464684993029	0.11552558473110275	0	0	1
193	1.0	5.0	[3]	{2}	4.667617230645829	3.630543798436432	3.8945392039422293	0.0	0	106.18380177766085	393.81619822233915	0.13055824196677338	15	9	12	7.2268380177766085	3.820962068378859	0	0	9
317	1.0	5.0	[1]	{0}	3.2247925697732924	2.6729309871541065	2.672930987154107	0.0	0	75.96043683588505	424.03956316411495	nan	0	0	0	0.0	0.0	0	0	0
441	1.0	5.0	[3]	{1}	2.2815428139911598	1.783160114079185	1.7838502879468747	0.0	0	528.8072321563959	28.807232156395912	0.7071067811865475	5	3	4	2.9607710713744164	0.6055037736949204	0	0	3
7	1.0	5.0	[3]	{0}	6.585418294115317	5.187104785528786	5.126370954095775	0.0	0	109.8519575316459	390.1480424683541	0.10050378152592121	17	5	11	6.244667617784813	1.654126549759246	0	0	5
255	1.0	5.0	[1]	{1}	3.767033218161282	3.5136816115749876	3.5136816115749876	0.0	0	326.5347459819168	173.46525401808321	0.4629100498862757	13	1	7	5.0916042379457505	0.0	0	0	1
379	1.0	5.0	[1]	{2}	4.51447219794655	3.6966547746385663	3.6966547746385663	0.0	0	325.5791875999421	174.4208124000579	0.7745966692414834	9	5	7	5.407737562799826	0.0	0	0	5
131	1.0	5.0	[1]	{0}	2.646006219815857	2.2418225066561184	2.2418225066561184	0.0	0	120.02118909731507	379.9788109026849	nan	0	0	0	0.0	0.0	0	0	0
69	1.0	5.0	[1]	{1}	2.4580550631223037	2.201891830162996	2.201891830162996	0.0	0	638.8545394875109	138.85453948751092	nan	0	0	0	0.0	0.0	0	0	0
194	1.0	5.0	[2]	{2}	3.987483722608848	3.12239516844496	3.2431996540276815	0.0	0	25.778898037970063	474.22110196202993	0.7302967433402214	14	10	12	7.799346776455641	1.5042007492954301	0	0	10
318	1.0	5.0	[3]	{1}	3.277761408358112	2.7035331736516683	2.7723841989037408	0.0	0	789.8122831247747	289.8122831247747	1.2247448713915892	11	9	10	7.843126301251353	2.750076249212752	0	0	9
442	1.0	5.0	[1]	{0}	3.113716429675374	2.3530081609717906	2.3530081609717906	0.0	0	822.7086970582604	322.70869705826044	nan	1	1	1	0.9257086970582604	0.0	0	0	1
8	1.0	5.0	[1]	{2}	1.9898220057537441	1.7317430932866384	1.731743093286639	0.0	0	156.43668151460588	343.5633184853941	nan	1	1	1	0.738436681514606	0.0	0	0	1
132	1.0	5.0	[1]	{2}	1.8715171514234377	1.4191781865334385	1.4191781865334385	0.0	0	908.3984484896064	408.3984484896064	nan	0	0	0	0.0	0.0	0	0	0
256	1.0	5.0	[1]	{1}	2.9007484053930046	2.8324165891983095	2.8324165891983095	0.0	0	858.0387649126351	358.0387649126351	nan	3	1	2	1.9360775298252701	0.0	0	0	1
380	1.0	5.0	[2]	{2}	4.279265221181666	3.432337155433556	3.326905837480929	0.0	0	809.9842944648117	309.9842944648117	1.6431676725154982	11	7	9	6.891015705535189	1.5273914839606806	0	0	7
70	1.0	5.0	[1]	{2}	1.926813842456315	1.4289279916336826	1.4289279916336826	0.0	0	439.3122748006135	60.68772519938648	1.0	2	0	1	0.8013122748006135	0.0	0	0	0
195	1.0	5.0	[1]	{1}	2.7494912367487228	2.342027463878698	2.342027463878698	0.0	0	386.87553256750107	113.12446743249893	1.5666989036012806	10	6	8	5.437253195405006	0.0	0	0	6
319	1.0	5.0	[1]	{0}	0.548237724010776	0.40464953690941663	0.40464953690941663	0.0	0	387.6719807740301	112.32801922596991	nan	0	0	0	0.0	0.0	0	0	0
133	1.0	5.0	[3]	{2}	1.0974315896755655	0.8444241808297033	0.8513356229489429	0.0	0	573.4451289754361	73.44512897543609	1.5491933384829668	4	4	4	2.793	0.3201989240894792	0	0	4
443	1.0	5.0	[2]	{2}	1.5355829282543945	1.398153979742321	1.381761418041751	0.0	0	697.5553454831243	197.55534548312426	1.1547005383792517	5	1	3	1.9355553454831242	0.6969470136366374	0	0	1
381	1.0	5.0	[3]	{2}	6.795849508558087	5.256648737133438	5.50356728520074	0.0	0	262.6944989897311	237.30550101026893	2.6087459737497545	23	13	18	14.010555991917848	4.29395039256551	0	0	13
257	1.0	5.0	[2]	{2}	3.368573524281092	2.7581171919360683	2.759615080244757	0.0	0	511.6133589763194	11.613358976319375	0.0	9	5	7	5.543066794881597	1.2043080828512882	0	0	5
9	1.0	5.0	[2]	{0}	2.5470116282709334	2.0547234450170357	2.014754352223304	0.0	0	656.6875781863928	156.68757818639278	0.1044465935734187	10	0	5	3.171937265440822	0.996336358426635	0	0	0
71	1.0	5.0	[1]	{0}	4.21313764560038	3.000531172452713	3.000531172452713	0.0	0	167.8844573907554	332.1155426092446	1.3416407864998738	4	0	2	1.6257689147815109	0.0	0	0	0
196	1.0	5.0	[1]	{0}	1.3917292837629616	1.3127926272861894	1.3127926272861894	0.0	0	374.1041934117675	125.89580658823252	0.5773502691896258	5	1	3	2.4158958065882326	0.0	0	0	1
320	1.0	5.0	[1]	{2}	4.579957611246948	3.1834538351035215	3.1834538351035215	0.0	0	214.89991806447503	285.10008193552494	nan	1	1	1	0.851100081935525	0.0	0	0	1
134	1.0	5.0	[1]	{0}	1.185740311079023	1.0829242811535926	1.0829242811535926	0.0	0	566.8457250576466	66.84572505764663	0.0	4	2	3	2.1671542749423534	0.0	0	0	2
10	1.0	5.0	[3]	{1}	1.3598152634522134	1.0786179604758157	1.0972647908418676	0.0	0	768.9654617570341	268.96546175703406	1.3416407864998738	4	0	2	1.145	0.6885547193764562	0	0	0
382	1.0	5.0	[1]	{0}	2.98330164894419	2.433219362758562	2.433219362758562	0.0	0	974.114626646042	474.114626646042	1.1547005383792517	5	1	3	0.806656120061874	0.0	0	0	1
444	1.0	5.0	[1]	{0}	5.781311891932222	5.172737062285652	5.172737062285652	0.0	0	66.00003968924284	433.99996031075716	1.3416407864998738	4	0	2	1.3370000793784858	0.0	0	0	0
258	1.0	5.0	[3]	{1}	2.805452129000159	2.4608918670790008	2.4609854031067924	0.0	0	497.3593659233302	2.640634076669812	0.29277002188455997	6	0	3	1.9759219022300096	2.8905922567817877	0	0	0
72	1.0	5.0	[3]	{2}	1.225294368826358	0.9032024333977802	1.016574606573348	0.0	0	50.35538482479751	449.6446151752025	1.4638501094227998	6	4	5	3.309776924123988	1.0329679261641207	0	0	4
321	1.0	5.0	[3]	{0}	3.189699533362696	2.610848114103368	2.651707603248314	0.0	0	572.6297243963927	72.6297243963927	1.0	7	5	6	4.49048110241443	2.6380361742334353	0	0	5
11	1.0	5.0	[3]	{0}	1.8306825061745802	1.424531333416157	1.447041884555103	0.0	0	311.189683387056	188.810316612944	0.7745966692414834	9	3	6	4.476758733548224	0.7114631387597378	0	0	3
197	1.0	5.0	[2]	{0}	2.727129465010286	2.492363229436846	2.434874934370293	0.0	0	699.5973358862102	199.5973358862102	0.0	14	2	8	4.564221312910319	1.3593315565155302	0	0	2
445	1.0	5.0	[3]	{1}	1.9390097661802088	1.6676989488615022	1.6896431249259625	0.0	0	843.4975033160299	343.4975033160299	2.1213203435596424	7	5	6	3.1590049933679403	1.946970930896864	0	0	5
135	1.0	5.0	[2]	{0}	1.4923845416070514	1.1779877641825691	1.1831981919095382	0.0	0	156.76163625903428	343.2383637409657	0.0	5	1	3	1.433284908777103	0.452186123197004	0	0	1
383	1.0	5.0	[1]	{2}	1.1231795998390708	0.8807969230087087	0.8807969230087087	0.0	0	97.27848693728448	402.72151306271553	nan	1	1	1	0.2672784869372845	0.0	0	0	1
259	1.0	5.0	[1]	{2}	2.0962827171084717	1.746404786796128	1.746404786796128	0.0	0	562.6903814263642	62.69038142636418	nan	2	0	1	0.9996903814263642	0.0	0	0	0
73	1.0	5.0	[3]	{0}	2.6536644547484114	2.3221175702751635	2.2849019809330278	0.0	0	786.7353728506714	286.7353728506714	0.0	7	3	5	3.534793881447986	2.4870198349644097	0	0	3
12	1.0	5.0	[3]	{1}	2.0108482453057697	1.5135856653153372	1.589696033998197	0.0	0	981.848870171234	481.848870171234	0.5	7	5	6	2.320906778972596	0.8104336556968746	0	0	5
322	1.0	5.0	[1]	{1}	6.021280569101505	5.892618748710302	5.892618748710302	0.0	0	181.2906314153224	318.7093685846776	0.8987170342729172	27	17	22	14.491393891137093	0.0	0	0	17
198	1.0	5.0	[1]	{2}	2.2907332972550405	1.9361262664226173	1.9361262664226173	0.0	0	213.39761442504823	286.60238557495177	0.7745966692414834	4	2	3	2.404397614425048	0.0	0	0	2
446	1.0	5.0	[1]	{1}	3.1952539984439423	2.2112349415796237	2.2112349415796237	0.0	0	567.1439645811915	67.14396458119154	nan	0	0	0	0.0	0.0	0	0	0
260	1.0	5.0	[3]	{1}	2.690824356161756	2.3673940275658083	2.3416513462896797	0.0	0	978.1059264205396	478.1059264205396	nan	8	8	8	5.841152588635683	2.642107683293714	0	0	8
136	1.0	5.0	[2]	{0}	0.8050879018725456	0.632035876329003	0.6396107884847229	0.0	0	357.2939611040056	142.70603889599442	nan	2	0	1	0.6487060388959944	0.290147367386717	0	0	0
384	1.0	5.0	[2]	{1}	3.281150179690915	2.579342300535548	2.6158562098308935	0.0	0	846.882181474939	346.882181474939	0.2	14	6	10	7.339706911150366	1.080544264780275	0	0	6
74	1.0	5.0	[3]	{1}	2.5548514977087575	1.9667681717429377	1.9642169929441806	0.0	0	530.5700267199427	30.57002671994269	0.4622501635210242	12	2	7	5.432289919840172	0.4680805578531214	0	0	2
261	1.0	5.0	[3]	{0}	2.9759605688748074	2.5459156618397634	2.5645050638780233	0.0	0	957.9199752770364	457.91997527703643	1.161895003862225	7	3	5	2.3324001236148177	2.7008724049073694	0	0	3
13	1.0	5.0	[2]	{0}	2.770647606038586	2.3777060325508765	2.431334100259776	0.0	0	292.8869938477874	207.11300615221262	nan	12	0	6	5.1706780369132765	1.3049417313653255	0	0	0
323	1.0	5.0	[2]	{2}	0.9810346070785949	0.7982233828369898	0.793201776913002	0.0	0	613.1513435393572	113.15134353935719	nan	2	2	2	1.8893026870787144	0.34706402528102426	0	0	2
199	1.0	5.0	[1]	{1}	2.9845620759421294	2.1927119173135132	2.1927119173135132	0.0	0	712.2110386844724	212.21103868447244	1.414213562373095	5	1	3	1.6617889613155277	0.0	0	0	1
447	1.0	5.0	[1]	{2}	1.9326838713007444	1.6812033752137447	1.6812033752137447	0.0	0	506.35792734101415	6.357927341014147	0.4472135954999579	4	2	3	2.103926217976958	0.0	0	0	2
385	1.0	5.0	[1]	{2}	1.9893260057121007	1.4438839165582618	1.4438839165582618	0.0	0	111.04857129976152	388.95142870023847	nan	1	1	1	0.14504857129976156	0.0	0	0	1
137	1.0	5.0	[2]	{2}	1.4427544393926708	1.1306365327531434	1.122486824914709	0.0	0	588.1393721792847	88.13937217928469	1.224744871391589	3	3	3	2.0688606278207153	0.4935734796133167	0	0	3
75	1.0	5.0	[2]	{1}	2.2708729933947724	2.1618748544019053	2.1622274085638695	0.0	0	494.95048029348254	5.049519706517458	nan	11	1	6	3.8722971182391053	1.0966102575576882	0	0	1
262	1.0	5.0	[3]	{1}	1.11867788614324	0.9899248444937524	1.0048939587200452	0.0	0	317.7876265253872	182.21237347461278	0.7071067811865475	5	3	4	3.1014247469492258	1.409236371124748	0	0	3
200	1.0	5.0	[3]	{1}	1.900139410532998	1.4205702146508317	1.4433844767238084	0.0	0	37.494984455406666	462.50501554459333	1.414213562373095	5	3	4	3.0909799378216265	0.19556694987507983	0	0	3
14	1.0	5.0	[1]	{0}	4.202700532862325	3.208308708871602	3.208308708871602	0.0	0	812.5892840325832	312.58928403258324	0.0	5	1	3	2.5384107159674167	0.0	0	0	1
324	1.0	5.0	[2]	{0}	1.2758465969938593	1.1782332054645517	1.1282323052041134	0.0	0	744.0361510962248	244.03615109622478	nan	2	0	1	0.43296384890377526	0.6952003723340848	0	0	0
448	1.0	5.0	[1]	{0}	3.2172665934937905	2.5259198313401505	2.5259198313401505	0.0	0	565.305532887578	65.30553288757801	nan	2	2	2	1.876388934224844	0.0	0	0	2
386	1.0	5.0	[1]	{2}	3.0666201722690745	2.4283038760039606	2.4283038760039606	0.0	0	584.4120685942471	84.4120685942471	1.0	2	0	1	0.8255879314057529	0.0	0	0	0
138	1.0	5.0	[1]	{2}	1.9273425891674174	1.7651638050503702	1.7651638050503702	0.0	0	938.9231277164072	438.9231277164072	0.29277002188455997	9	3	6	3.342461233701557	0.0	0	0	3
76	1.0	5.0	[1]	{1}	5.91242871707405	4.042557586351494	4.042557586351494	0.0	0	662.449796218425	162.44979621842504	nan	0	0	0	0.0	0.0	0	0	0
15	1.0	5.0	[3]	{1}	2.8177684283219806	2.3474957876098936	2.381463179318689	0.0	0	353.5618637688458	146.4381362311542	0.8320502943378436	12	2	7	4.285685591306537	2.3770521442102757	0	0	2
201	1.0	5.0	[1]	{2}	1.6956824241300095	1.2989950050065873	1.2989950050065873	0.0	0	630.3225783631206	130.32257836312056	nan	1	1	1	0.9756774216368794	0.0	0	0	1
325	1.0	5.0	[1]	{1}	2.554510124728705	2.26915166603717	2.26915166603717	0.0	0	645.6707227043808	145.67072270438075	1.3416407864998738	4	2	3	2.298329277295619	0.0	0	0	2
449	1.0	5.0	[2]	{0}	1.3012342989367125	1.0571505329119772	1.076229587253065	0.0	0	384.7247052472085	115.27529475279152	0.7071067811865475	5	3	4	3.168449410494417	0.5911210524623175	0	0	3
139	1.0	5.0	[2]	{0}	0.9956703493804406	0.9450601829345202	0.9059768988775883	0.0	0	781.5335986670107	281.53359866701066	nan	2	0	1	0.7875335986670107	0.5469645298559677	0	0	0
77	1.0	5.0	[1]	{1}	2.158233499654495	1.976854273279013	1.976854273279013	0.0	0	542.5484089646488	42.54840896464884	1.7320508075688774	5	5	5	3.5644515910353514	0.0	0	0	5
16	1.0	5.0	[1]	{0}	1.7954888278949055	1.454626536428097	1.454626536428097	0.0	0	881.438743090257	381.43874309025705	nan	2	2	2	0.7541225138194859	0.0	0	0	2
450	1.0	5.0	[3]	{1}	3.547171337463923	3.250799461147716	3.2376739467989073	0.0	0	572.9600777849555	72.9600777849555	2.830110211550746	17	15	16	12.07107984443009	4.7982634996529345	0	0	15
78	1.0	5.0	[3]	{1}	2.500506139849385	2.4677325618328725	2.4625820276447206	0.0	0	340.4901244211942	159.5098755788058	2.496150883013531	12	12	12	8.875940746527164	4.729909133209853	0	0	12
263	1.0	5.0	[2]	{2}	3.139602030032515	2.433499667761848	2.55117297882426	0.0	0	700.0131485983729	200.01314859837294	1.0	7	3	5	3.389960554204881	1.5696998406852414	0	0	3
387	1.0	5.0	[1]	{0}	0.9720534942943542	0.6879751820399473	0.6879751820399473	0.0	0	47.03222354874015	452.96777645125985	nan	0	0	0	0.0	0.0	0	0	0
326	1.0	5.0	[2]	{2}	1.2548552378377986	1.0777506585704781	1.10548394956437	0.0	0	99.94271211326122	400.0572878867388	0.0	5	3	4	1.928770848453045	0.5473796296669438	0	0	3
202	1.0	5.0	[1]	{0}	1.407063413346309	1.151790517974109	1.151790517974109	0.0	0	5.823884624987841	494.17611537501216	nan	0	0	0	0.0	0.0	0	0	0
264	1.0	5.0	[2]	{0}	0.9865934426718145	0.8248074668920858	0.8268128823547215	0.0	0	459.50626069679856	40.49373930320144	nan	0	0	0	0.0	0.3830402478812281	0	0	0
140	1.0	5.0	[2]	{1}	1.081002579634484	0.8156804527536572	0.8169937297356034	0.0	0	656.4112738706172	156.41127387061715	1.7677669529663687	7	5	6	4.222	0.28488874633187755	0	0	5
388	1.0	5.0	[1]	{0}	3.116669007157595	2.932719726370715	2.932719726370715	0.0	0	120.481098536402	379.518901463598	0.7745966692414834	7	5	6	3.627924394145608	0.0	0	0	5
17	1.0	5.0	[1]	{0}	0.5529273480928125	0.4804331874997335	0.4804331874997335	0.0	0	932.3651352897286	432.36513528972864	nan	1	1	1	0.8466348647102714	0.0	0	0	1
451	1.0	5.0	[1]	{2}	1.7932688970426471	1.446767446767801	1.446767446767801	0.0	0	65.55612618103623	434.44387381896377	nan	1	1	1	0.7975561261810362	0.0	0	0	1
327	1.0	5.0	[1]	{1}	1.1079161208928712	1.049582815933613	1.049582815933613	0.0	0	839.7745706606656	339.77457066066563	nan	1	1	1	0.17022542933933438	0.0	0	0	1
203	1.0	5.0	[1]	{2}	2.319794817245513	1.642803218103405	1.642803218103405	0.0	0	782.7701000496745	282.7701000496745	nan	0	0	0	0.0	0.0	0	0	0
141	1.0	5.0	[3]	{1}	2.4710242144552192	2.4205641534694142	2.1827247866451063	0.0	0	956.56813448295	456.56813448295	1.2179969144117253	12	6	9	4.078159327585251	3.1565815357357994	0	0	6
265	1.0	5.0	[2]	{2}	2.7855068002003396	2.5256963446628293	2.50453748104853	0.0	0	577.5323936250061	77.53239362500608	1.6378460497066512	17	1	9	6.473597180875018	1.384687607139449	0	0	1
389	1.0	5.0	[3]	{2}	1.4606627518867548	1.1617485841078472	1.1481063353127277	0.0	0	391.9101229403168	108.0898770596832	nan	3	1	2	1.7718202458806336	0.547086256588579	0	0	1
79	1.0	5.0	[1]	{1}	2.090207031824728	1.4398133642933122	1.4398133642933124	0.0	0	229.51989341527224	270.48010658472776	1.0	2	0	1	0.4085198934152723	0.0	0	0	0
18	1.0	5.0	[2]	{1}	6.5268348903942135	6.019485076066665	5.597102570993903	0.0	0	50.46622408553958	449.5337759144604	0.9970909029271466	26	2	14	6.791527137197552	3.273286392049891	0	0	2
452	1.0	5.0	[1]	{0}	2.662854485777995	1.982390739547791	1.982390739547791	0.0	0	510.9074031934142	10.907403193414211	1.224744871391589	3	1	2	1.6341851936131717	0.0	0	0	1
328	1.0	5.0	[2]	{0}	2.8774345113368565	2.425193577217501	2.4396882286051316	0.0	0	214.65963451191783	285.34036548808217	0.29277002188455997	6	2	4	2.6793192690238357	1.0517687328780165	0	0	2
204	1.0	5.0	[2]	{2}	3.730671239598222	2.8399098503956393	2.9547013636478967	0.0	0	958.2589385099708	458.2589385099708	1.1338934190276817	11	5	8	5.0934463689401746	1.3398606139008602	0	0	5
142	1.0	5.0	[3]	{2}	2.255379128179352	2.1976974633998316	2.1893809390835814	0.0	0	779.687357135117	279.68735713511705	1.8516401995451028	6	6	6	5.024374714270234	4.012507817789091	0	0	6
266	1.0	5.0	[2]	{2}	2.2302220325096904	1.9687496384131136	1.9545416241646432	0.0	0	248.3099594246596	251.6900405753404	nan	5	1	3	1.7889298782739789	0.8958810507481091	0	0	1
390	1.0	5.0	[1]	{1}	6.227971955164723	5.594161239271932	5.594161239271933	0.0	0	177.40731267258525	322.59268732741475	nan	0	0	0	0.0	0.0	0	0	0
80	1.0	5.0	[1]	{1}	4.178962952151104	3.335134920341167	3.335134920341167	0.0	0	358.2705920562148	141.7294079437852	nan	1	1	1	0.7607294079437852	0.0	0	0	1
19	1.0	5.0	[1]	{1}	3.2698265843395258	2.461313030412657	2.4613130304126574	0.0	0	971.4825567789376	471.4825567789376	nan	2	2	2	0.4070348864421248	0.0	0	0	2
205	1.0	5.0	[1]	{1}	1.279384724843905	1.1996210171516404	1.1996210171516404	0.0	0	243.46879054792225	256.53120945207775	0.4472135954999579	4	0	2	0.8279375810958446	0.0	0	0	0
453	1.0	5.0	[1]	{2}	3.751494245419226	2.9162165976729546	2.9162165976729546	0.0	0	488.5007329285145	11.49926707148552	0.5773502691896258	5	3	4	2.927998534142971	0.0	0	0	3
267	1.0	5.0	[3]	{0}	3.5313140783887933	2.7441957207829732	2.941256767648372	0.0	0	26.18253929540515	473.81746070459485	0.6546536707079772	8	6	7	3.9882777750678358	2.75807044110518	0	0	6
143	1.0	5.0	[1]	{2}	3.8623503702766846	2.8308976163656947	2.830897616365695	0.0	0	341.7097218334675	158.29027816653252	nan	0	0	0	0.0	0.0	0	0	0
391	1.0	5.0	[3]	{0}	1.0388660360170303	0.84303227130582	0.8333849405177801	0.0	0	852.8349411208183	352.83494112081826	nan	2	2	2	1.8676698822416364	0.4612256419863354	0	0	2
329	1.0	5.0	[2]	{1}	3.978282213064654	3.5864848543165686	3.3836607742507296	0.0	0	785.4405387770385	285.44053877703846	1.4638501094227998	9	7	8	4.804237844891846	2.1050847505017836	0	0	7
81	1.0	5.0	[1]	{1}	2.773024468009478	2.626430706464761	2.626430706464761	0.0	0	984.0906898025424	484.09068980254244	nan	8	6	7	4.3363651713822025	0.0	0	0	6
20	1.0	5.0	[2]	{2}	0.9520345803244524	0.8008799352737858	0.7536215551853634	0.0	0	968.240310670808	468.24031067080796	1.224744871391589	3	1	2	1.714519378658384	0.3785318849043029	0	0	1
206	1.0	5.0	[1]	{0}	7.636522310643652	6.913889733299131	6.913889733299131	0.0	0	191.77680974826217	308.22319025173783	0.731126155013931	10	2	6	4.370553619496524	0.0	0	0	2
330	1.0	5.0	[1]	{2}	0.6397396268124428	0.508092702888749	0.508092702888749	0.0	0	7.608694955706596	492.3913050442934	nan	2	2	2	1.4342173899114132	0.0	0	0	2
454	1.0	5.0	[1]	{0}	1.1283275276022589	0.8426963035130941	0.8426963035130942	0.0	0	430.98546331748366	69.01453668251634	nan	2	2	2	1.5289709266349674	0.0	0	0	2
268	1.0	5.0	[2]	{2}	2.311262537998345	2.1092558241023593	1.9528257554506046	0.0	0	134.07496316358447	365.92503683641553	1.5	7	3	5	3.647374815817922	1.2246866034275268	0	0	3
392	1.0	5.0	[1]	{0}	1.1789647052737144	0.9540873419325789	0.9540873419325789	0.0	0	25.148760760203004	474.851239239797	1.224744871391589	3	1	2	0.14629752152040598	0.0	0	0	1
144	1.0	5.0	[2]	{1}	0.5800964876324888	0.4578673825158883	0.4585538125603338	0.0	0	264.5060040522367	235.49399594776332	1.0	2	2	2	1.375	0.1714204203167714	0	0	2
82	1.0	5.0	[1]	{2}	1.4174905935825437	1.2608237232739399	1.2608237232739399	0.0	0	92.24598412401974	407.75401587598026	0.7745966692414834	4	0	2	1.0994919682480395	0.0	0	0	0
21	1.0	5.0	[3]	{0}	2.263541226042598	1.7568197761529194	1.778100411984209	0.0	0	151.30175813101232	348.6982418689877	0.4629100498862757	6	4	5	3.3619052743930373	0.7045847412467567	0	0	4
455	1.0	5.0	[1]	{1}	3.5083281493116143	2.9219801899226874	2.9219801899226874	0.0	0	949.949111789465	449.94911178946495	nan	0	0	0	0.0	0.0	0	0	0
269	1.0	5.0	[1]	{2}	2.9294054407343384	2.0890181462225694	2.0890181462225694	0.0	0	778.253449127078	278.25344912707806	nan	1	1	1	0.9522534491270781	0.0	0	0	1
393	1.0	5.0	[1]	{1}	1.1499653511627579	1.1101250708550054	1.1101250708550054	0.0	0	553.0599050689489	53.059905068948865	1.3416407864998738	4	4	4	3.125119810137898	0.0	0	0	4
145	1.0	5.0	[2]	{0}	2.913021950196976	2.6332486011147624	2.6585013051965998	0.0	0	612.0495391078293	112.04953910782933	1.1925695879998879	17	1	9	7.210247695539146	1.42736121767968	0	0	1
207	1.0	5.0	[2]	{0}	1.5407994568759769	1.3377313188833737	1.3472456021141697	0.0	0	793.6078237835318	293.6078237835318	0.5095246653650681	12	6	9	6.146960881082341	0.6092506069976285	0	0	6
331	1.0	5.0	[1]	{2}	0.7286760152564435	0.7076305487222004	0.7076305487222004	0.0	0	912.614065920934	412.61406592093397	1.0	2	2	2	1.7029999999999998	0.0	0	0	2
83	1.0	5.0	[3]	{1}	0.9052877188092214	0.7517913710303665	0.7168797268497782	0.0	0	849.3732383940369	349.3732383940369	1.3416407864998738	4	2	3	1.3098802848178894	0.4032379998654826	0	0	2
22	1.0	5.0	[1]	{0}	4.0113987786794585	2.749635826702229	2.749635826702229	0.0	0	55.279492400586605	444.7205075994134	0.0	3	1	2	0.8425589848011732	0.0	0	0	1
456	1.0	5.0	[3]	{0}	0.7528620865808004	0.6565244390049377	0.6654636639147296	0.0	0	930.266459705308	430.26645970530797	nan	3	3	3	0.9532006208840761	0.8273128126177214	0	0	3
146	1.0	5.0	[3]	{2}	1.6612012993129932	1.4880501762587772	1.500911309340534	0.0	0	842.3729985952377	342.37299859523773	0.4472135954999579	4	2	3	2.444881004214287	2.0776473616178084	0	0	2
208	1.0	5.0	[3]	{0}	1.8262432447195365	1.6387798642990516	1.6818832618810995	0.0	0	956.262914929539	456.26291492953897	nan	6	6	6	2.9414225104227665	2.5920771527630517	0	0	6
270	1.0	5.0	[1]	{1}	1.0325558459001976	0.9154297645789129	0.9154297645789129	0.0	0	183.3059440832585	316.6940559167415	1.8516401995451028	6	2	4	1.8932237763330342	0.0	0	0	2
332	1.0	5.0	[1]	{1}	1.132722932167473	0.8193677387244771	0.8193677387244771	0.0	0	91.94230008870365	408.05769991129637	nan	1	1	1	0.9420576999112964	0.0	0	0	1
394	1.0	5.0	[2]	{0}	2.697837291141557	2.4585481149438695	2.4157193082414317	0.0	0	10.540099581703544	489.45990041829646	0.4296689244236597	12	8	10	4.783400995817035	1.1543028393879615	0	0	8
84	1.0	5.0	[2]	{2}	0.7856409021572348	0.6829722983545206	0.6354249573502209	0.0	0	146.0017862264067	353.9982137735933	1.3416407864998738	4	2	3	2.1889982137735933	0.37691970661526825	0	0	2
23	1.0	5.0	[1]	{2}	4.776482731321427	3.492933597603411	3.492933597603411	0.0	0	64.44020662456751	435.5597933754325	0.0	13	3	8	4.53652165299654	0.0	0	0	3
209	1.0	5.0	[1]	{0}	3.4558572255589475	2.744093459969438	2.744093459969438	0.0	0	103.32837700843812	396.6716229915619	nan	0	0	0	0.0	0.0	0	0	0
457	1.0	5.0	[1]	{2}	2.2211630129787947	1.5981307870167758	1.5981307870167758	0.0	0	892.4856642261147	392.48566422611475	nan	0	0	0	0.0	0.0	0	0	0
147	1.0	5.0	[2]	{0}	2.0548999434427313	1.5937548887751096	1.589920232751266	0.0	0	256.9993899669498	243.00061003305018	2.065591117977289	9	7	8	4.702997559867799	0.5782506988786873	0	0	7
271	1.0	5.0	[1]	{0}	1.5424877441187732	1.1667816976094971	1.1667816976094971	0.0	0	161.1322860699147	338.8677139300853	1.0	2	0	1	0.5221322860699147	0.0	0	0	0
395	1.0	5.0	[1]	{2}	0.6404291254074881	0.6172918793678182	0.6172918793678182	0.0	0	700.3251363057643	200.32513630576432	1.224744871391589	3	3	3	1.8366748636942356	0.0	0	0	3
333	1.0	5.0	[2]	{0}	0.7391379606323917	0.5831524434196665	0.6000406056597865	0.0	0	313.71669727377594	186.28330272622406	1.3416407864998738	4	4	4	3.533433394547552	0.3211301116006226	0	0	4
85	1.0	5.0	[3]	{0}	1.1777827432954209	1.0626486727661568	1.0160389574229083	0.0	0	661.3543040584773	161.35430405847728	nan	2	2	2	1.5957086081169545	1.3504808460229776	0	0	2
24	1.0	5.0	[2]	{2}	4.138398254089826	3.2650120878304745	3.349403590194576	0.0	0	206.04660781100392	293.9533921889961	1.8278153875348273	10	6	8	5.8981864312440155	1.5672959021552115	0	0	6
458	1.0	5.0	[1]	{2}	1.1128797055330424	0.833103032563627	0.833103032563627	0.0	0	96.35682823136447	403.6431717686355	1.0	2	0	1	0.5873568282313645	0.0	0	0	0
210	1.0	5.0	[1]	{0}	2.4974396817720654	2.116578134956123	2.116578134956123	0.0	0	804.32342691347	304.32342691347003	nan	0	0	0	0.0	0.0	0	0	0
148	1.0	5.0	[1]	{2}	3.8250990585152023	3.3473640305385546	3.3473640305385546	0.0	0	26.66921680793166	473.33078319206834	1.0	2	0	1	0.38966921680793165	0.0	0	0	0
396	1.0	5.0	[2]	{2}	1.779645376325007	1.3838256522392745	1.4261433387051885	0.0	0	991.7543046176434	491.75430461764336	0.2182178902359924	6	0	3	1.36373708614707	0.622375182386219	0	0	0
272	1.0	5.0	[1]	{0}	1.5940035251625904	1.3343045887464065	1.3343045887464065	0.0	0	593.3409258723259	93.3409258723259	nan	5	1	3	2.3590227776169774	0.0	0	0	1
86	1.0	5.0	[3]	{2}	3.3626508404544726	2.555242054314225	2.567760100740019	0.0	0	631.1871155630797	131.18711556307971	nan	5	1	3	1.7444386533107608	0.46159707322107935	0	0	1
334	1.0	5.0	[2]	{0}	2.617424154715598	2.5693672590800434	2.5748273908807295	0.0	0	37.11725026369095	462.88274973630905	nan	14	14	14	6.908641503691673	1.2779112419816974	0	0	14
25	1.0	5.0	[3]	{0}	2.866496117067436	2.2949802650217905	2.308722611018851	0.0	0	455.2592698018998	44.74073019810021	1.161895003862225	9	1	5	3.5737778094056996	1.5779593424951543	0	0	1
459	1.0	5.0	[3]	{2}	3.941961326532552	2.961837284629357	3.1131142099077502	0.0	0	231.0266587883234	268.9733412116766	1.5491933384829668	9	1	5	3.881133293941617	1.815569210056129	0	0	1
211	1.0	5.0	[1]	{2}	1.943695552231071	1.6028695596226896	1.6028695596226896	0.0	0	185.40057563222945	314.59942436777055	nan	1	1	1	0.9805994243677706	0.0	0	0	1
149	1.0	5.0	[1]	{0}	2.7899282217778207	2.130154386342181	2.1301543863421806	0.0	0	766.0071924328804	266.0071924328804	nan	1	1	1	0.4579928075671196	0.0	0	0	1
397	1.0	5.0	[2]	{0}	0.46763864534439187	0.36521925745362965	0.3697322088668777	0.0	0	776.8007919657975	276.80079196579754	nan	2	2	2	1.327398416068405	0.15221685476788482	0	0	2
273	1.0	5.0	[1]	{1}	3.8606365176341044	2.93873468233698	2.93873468233698	0.0	0	306.84529803693295	193.15470196306705	1.0	2	0	1	0.7928452980369329	0.0	0	0	0
87	1.0	5.0	[2]	{0}	3.330871090910358	2.7183603768637323	2.6328519711004112	0.0	0	79.99493950046599	420.005060499534	0.0	11	9	10	4.743949395004659	1.1710054149341274	0	0	9
335	1.0	5.0	[2]	{2}	1.2622461045858286	1.1682880472537298	1.1533158605526554	0.0	0	877.9218317940831	377.9218317940831	nan	3	1	2	1.3651563364118338	0.5618099603834962	0	0	1
26	1.0	5.0	[1]	{1}	4.501885112702631	3.1698017588568104	3.1698017588568104	0.0	0	828.9318955503404	328.9318955503404	nan	0	0	0	0.0	0.0	0	0	0
460	1.0	5.0	[1]	{0}	2.749898727090603	2.102237944394234	2.1022379443942345	0.0	0	604.7624200582504	104.76242005825043	nan	0	0	0	0.0	0.0	0	0	0
212	1.0	5.0	[3]	{1}	2.224949350675333	2.1165973209579714	1.996342606092105	0.0	0	796.9021445605904	296.9021445605904	0.0	10	4	7	5.119293566318229	3.0260762241436407	0	0	4
150	1.0	5.0	[1]	{2}	1.9357254329130102	1.7745913105228028	1.7745913105228028	0.0	0	386.0635219607502	113.93647803924978	1.5275252316519468	6	2	4	3.2061270439215006	0.0	0	0	2
274	1.0	5.0	[1]	{0}	2.181569569202998	2.067071119732721	2.067071119732721	0.0	0	463.5200153570622	36.47998464293778	1.224744871391589	9	3	6	4.434040030714124	0.0	0	0	3
398	1.0	5.0	[1]	{1}	1.2425340780844145	1.0405907079910308	1.0405907079910308	0.0	0	313.6910649482161	186.30893505178392	1.3416407864998738	4	4	4	3.2593821298964323	0.0	0	0	4
88	1.0	5.0	[2]	{0}	1.4300547423815377	1.3913357834059068	1.3660554550712232	0.0	0	233.19163685664532	266.80836314335465	nan	4	0	2	1.3823832737132906	0.7457789681362846	0	0	0
336	1.0	5.0	[1]	{0}	3.9485316034339606	3.358883421577849	3.358883421577849	0.0	0	473.08629052713513	26.913709472864866	nan	0	0	0	0.0	0.0	0	0	0
27	1.0	5.0	[1]	{0}	1.52037564804048	1.3858806826336716	1.3858806826336716	0.0	0	476.1503832414746	23.84961675852543	1.224744871391589	3	3	3	2.348849616758525	0.0	0	0	3
213	1.0	5.0	[2]	{2}	2.287848353362758	1.761603340163574	1.8485854419202343	0.0	0	677.6109512429684	177.61095124296844	1.091089451179962	8	6	7	4.624945243785158	1.194395153537616	0	0	6
461	1.0	5.0	[1]	{2}	2.5103258814333307	2.1787895326152134	2.1787895326152134	0.0	0	504.2581383604556	4.258138360455575	1.161895003862225	7	5	6	4.909516276720911	0.0	0	0	5
89	1.0	5.0	[3]	{2}	1.8239297457914003	1.5109541814067233	1.4855138035747437	0.0	0	757.5643651653081	257.5643651653081	1.4638501094227998	6	4	5	2.9123069045040757	1.0393048482119038	0	0	4
151	1.0	5.0	[1]	{1}	3.629788528612082	2.716333352372138	2.716333352372138	0.0	0	116.12192960456014	383.87807039543986	nan	1	1	1	0.9618780703954398	0.0	0	0	1
399	1.0	5.0	[2]	{1}	3.02577668192553	2.5457911328894185	2.573087303274229	0.0	0	238.7090346310288	261.29096536897123	0.7071067811865475	5	3	4	2.442418069262058	1.1646655302475788	0	0	3
275	1.0	5.0	[1]	{2}	1.1999761392266253	1.0236128387193766	1.0236128387193766	0.0	0	350.078230490908	149.92176950909197	1.0	2	0	1	0.788921769509092	0.0	0	0	0
337	1.0	5.0	[1]	{2}	2.4570925593523114	1.7228135223845376	1.7228135223845373	0.0	0	483.6970809847117	16.302919015288296	nan	0	0	0	0.0	0.0	0	0	0
28	1.0	5.0	[1]	{0}	0.8344438967556719	0.5629059206774286	0.5629059206774286	0.0	0	202.17715483158827	297.82284516841173	nan	0	0	0	0.0	0.0	0	0	0
214	1.0	5.0	[3]	{2}	2.5744767573279197	2.2295640647326516	2.091522226136694	0.0	0	120.97957637161016	379.02042362838984	0.282842712474619	14	4	9	5.512857034601271	1.6495241257338957	0	0	4
462	1.0	5.0	[3]	{0}	4.109432637791372	3.7525492723903726	3.7572058533287214	0.0	0	192.90936551988125	307.09063448011875	0.5669467095138409	20	14	17	10.06864048279822	5.416214539291436	0	0	14
90	1.0	5.0	[3]	{2}	4.4260164449559385	3.4041749805006445	3.57135727979178	0.0	0	270.1010196469724	229.89898035302758	1.3522468075656264	13	1	7	5.305707137528807	2.7419585280477317	0	0	1
152	1.0	5.0	[1]	{1}	3.3018085730596693	2.3810316064331234	2.3810316064331234	0.0	0	812.0608236640692	312.0608236640692	nan	0	0	0	0.0	0.0	0	0	0
400	1.0	5.0	[2]	{2}	2.706787821419717	2.1179733747210006	2.2582082495250133	0.0	0	721.3504139799625	221.35041397996247	nan	6	2	4	3.3305983440801503	1.5383567491614363	0	0	2
276	1.0	5.0	[1]	{0}	3.0659708071939127	2.6156710413816793	2.6156710413816793	0.0	0	624.9527321197093	124.95273211970925	nan	1	1	1	0.6499527321197093	0.0	0	0	1
338	1.0	5.0	[2]	{0}	1.7955484000255542	1.409768175196331	1.435430748952974	0.0	0	369.7041217237711	130.2958782762289	0.0	5	1	3	2.2297041217237714	0.7346126928808228	0	0	1
29	1.0	5.0	[1]	{0}	1.9303034105433787	1.3021523837013507	1.3021523837013507	0.0	0	905.7302097789944	405.73020977899444	nan	0	0	0	0.0	0.0	0	0	0
215	1.0	5.0	[3]	{0}	2.6548803538063526	2.494690995764067	2.5196202001077808	0.0	0	355.6746158283204	144.32538417167962	2.82842712474619	14	12	14	10.062047694969923	4.400408651667345	0	0	14
91	1.0	5.0	[3]	{1}	1.9063753871687434	1.8056412123397205	1.785153727974384	0.0	0	689.4457212183625	189.44572121836245	2.7386127875258306	11	11	11	8.445554278781637	2.951121850697604	0	0	11
463	1.0	5.0	[1]	{1}	3.4440072078628643	2.8591435848784172	2.8591435848784172	0.0	0	251.71051686629653	248.28948313370347	0.9258200997725514	6	2	4	2.4564210337325925	0.0	0	0	2
277	1.0	5.0	[3]	{2}	5.374256429240978	4.20146453606957	4.260017083440124	0.0	0	568.3679399080575	68.36793990805745	0.7505683356701914	18	6	12	9.230471759632229	2.691030909113284	0	0	6
153	1.0	5.0	[2]	{2}	1.0251009316427355	0.8116917778499725	0.8550780058823714	0.0	0	276.0571965482086	223.9428034517914	nan	4	0	2	1.6051143930964171	0.5362655274562482	0	0	0
401	1.0	5.0	[2]	{2}	1.7602518908529456	1.381768684343091	1.4745602807713636	0.0	0	261.9474632665515	238.0525367334485	0.7745966692414834	7	1	4	2.6350000000000002	0.9842289483389668	0	0	1
339	1.0	5.0	[1]	{1}	3.75649457483685	2.6488121893300587	2.6488121893300587	0.0	0	172.24300652742386	327.75699347257614	1.0	2	0	1	0.9502430065274239	0.0	0	0	0
30	1.0	5.0	[1]	{1}	1.0976374787029126	1.0004297135670202	1.0004297135670202	0.0	0	350.50230007618666	149.49769992381334	0.0	4	2	3	2.3555023000761866	0.0	0	0	2
216	1.0	5.0	[1]	{1}	4.1701253196020005	3.282173562548599	3.282173562548599	0.0	0	758.1956011708826	258.1956011708826	1.0	8	0	4	2.7026087976582347	0.0	0	0	0
92	1.0	5.0	[1]	{1}	0.29518531108298274	0.2136673364648762	0.2136673364648762	0.0	0	600.8373713120818	100.83737131208181	nan	0	0	0	0.0	0.0	0	0	0
464	1.0	5.0	[2]	{1}	3.766624312618159	3.6032555423187738	3.5925257253547596	0.0	0	354.98635983094573	145.01364016905427	1.193117518002609	16	4	10	7.354863598309457	1.7832053463123236	0	0	4
154	1.0	5.0	[3]	{2}	3.763401823451926	3.088906928857292	3.071347645807247	0.0	0	444.139666389674	55.860333610325995	1.9188064472004938	10	6	8	5.759000000000001	2.3047128355227233	0	0	6
402	1.0	5.0	[3]	{2}	2.450680392074714	2.0932071262210776	2.0392437934020275	0.0	0	216.07080451212823	283.92919548787177	0.4629100498862757	13	7	10	7.4434248270727705	1.7999271140012516	0	0	7
278	1.0	5.0	[1]	{0}	1.409215711331294	1.0529563163952376	1.0529563163952376	0.0	0	146.17333537898958	353.8266646210104	1.224744871391589	3	1	2	1.127	0.0	0	0	1
340	1.0	5.0	[3]	{2}	0.8253159276615871	0.7432412885315529	0.77366626913909	0.0	0	113.39467973448336	386.60532026551664	nan	1	1	1	0.5143946797344834	1.3161323675737444	0	0	1
31	1.0	5.0	[3]	{0}	2.1052416994954655	1.9004686590339799	1.9264073571866285	0.0	0	710.4339736979455	210.43397369794548	1.4638501094227998	6	6	6	3.5602641052082182	2.9030715429190677	0	0	6
217	1.0	5.0	[1]	{1}	2.5393513090431568	1.9141729128993685	1.9141729128993683	0.0	0	476.62234771996737	23.377652280032635	1.0	2	2	2	1.495	0.0	0	0	2
93	1.0	5.0	[3]	{1}	3.9898171545941086	3.498701998445375	3.6422690842665224	0.0	0	834.4367721583694	334.4367721583694	0.9869275424396534	13	9	11	5.987069050574675	5.628529950698798	0	0	9
465	1.0	5.0	[1]	{0}	1.4533140657080539	1.283959936224044	1.283959936224044	0.0	0	151.1646385770291	348.8353614229709	nan	2	2	2	1.404329277154058	0.0	0	0	2
279	1.0	5.0	[3]	{2}	2.109450317911696	1.9825886806928328	1.948271499400583	0.0	0	368.3979345951229	131.60206540487712	1.7146428199482247	9	7	8	6.455	3.190234849949063	0	0	7
155	1.0	5.0	[1]	{2}	5.050443780234479	3.5620519685206675	3.5620519685206684	0.0	0	786.0014145262539	286.00141452625394	1.8516401995451028	6	2	4	3.1279943418949845	0.0	0	0	2
403	1.0	5.0	[1]	{0}	1.8132742895890577	1.4566042472151517	1.4566042472151515	0.0	0	130.32717909663916	369.67282090336084	nan	0	0	0	0.0	0.0	0	0	0
341	1.0	5.0	[1]	{2}	2.4387132949688333	1.7752281345769454	1.7752281345769454	0.0	0	726.4555334113538	226.45553341135383	nan	1	1	1	0.6395444665886462	0.0	0	0	1
32	1.0	5.0	[1]	{2}	1.229920572327531	0.8602238703651675	0.8602238703651675	0.0	0	486.1356057226658	13.864394277334213	nan	0	0	0	0.0	0.0	0	0	0
94	1.0	5.0	[1]	{0}	2.010210287150217	1.4597734426996425	1.4597734426996425	0.0	0	874.2466825060546	374.24668250605464	nan	1	1	1	0.49175331749394535	0.0	0	0	1
218	1.0	5.0	[2]	{0}	0.8662566275175303	0.6861238661785628	0.6985205766637574	0.0	0	346.8489970546216	153.15100294537842	nan	1	1	1	0.6968489970546216	0.34633662661651227	0	0	1
156	1.0	5.0	[3]	{1}	3.2487281959834715	2.9299099670558193	2.7468922337057586	0.0	0	970.6781576387584	470.6781576387584	2.142857142857143	13	3	8	3.41893105416745	2.871607075938718	0	0	3
466	1.0	5.0	[2]	{0}	2.1268059140038025	1.7864554375437187	1.7862127322469377	0.0	0	454.463642090559	45.536357909440994	0.5773502691896258	5	1	3	2.4884636420905593	0.7281396985837376	0	0	1
280	1.0	5.0	[1]	{2}	4.011607766410176	3.7256329891503066	3.7256329891503066	0.0	0	459.72316805273294	40.276831947267056	nan	2	2	2	1.2874463361054658	0.0	0	0	2
404	1.0	5.0	[3]	{0}	2.6599427972333247	2.3080718565726963	2.222504471917653	0.0	0	749.5622602291405	249.56226022914052	0.0	7	3	5	3.945313219312578	2.1632488817093756	0	0	3
342	1.0	5.0	[1]	{1}	4.593055437741127	3.3504712684249673	3.3504712684249673	0.0	0	430.7968281209469	69.20317187905312	nan	0	0	0	0.0	0.0	0	0	0
33	1.0	5.0	[1]	{1}	1.5415156542823336	1.2668703389830682	1.2668703389830678	0.0	0	935.878570890054	435.878570890054	1.0	2	0	1	0.724121429109946	0.0	0	0	0
95	1.0	5.0	[1]	{0}	2.992246306978953	2.0492354656583265	2.0492354656583265	0.0	0	962.0384685695172	462.03846856951725	nan	0	0	0	0.0	0.0	0	0	0
219	1.0	5.0	[1]	{0}	2.9766095196464253	2.8173043026670905	2.8173043026670905	0.0	0	423.3676209114492	76.6323790885508	nan	1	1	1	0.5013676209114493	0.0	0	0	1
281	1.0	5.0	[3]	{1}	3.501675351922115	3.275793119857476	3.2930720305484495	0.0	0	962.014415068552	462.014415068552	2.23606797749979	17	17	17	9.216812604108824	5.371923205540568	0	0	17
157	1.0	5.0	[1]	{2}	2.845063200966187	2.514970014451582	2.514970014451582	0.0	0	732.9658989328891	232.9658989328891	1.0606601717798212	7	1	4	3.437068202134222	0.0	0	0	1
467	1.0	5.0	[1]	{0}	5.954651645009661	4.290070445574194	4.290070445574194	0.0	0	214.6592801436782	285.3407198563218	nan	1	1	1	0.3246592801436782	0.0	0	0	1
405	1.0	5.0	[1]	{1}	0.6422298352284059	0.5514477196922695	0.5514477196922695	0.0	0	385.3566311299801	114.64336887001991	nan	0	0	0	0.0	0.0	0	0	0
343	1.0	5.0	[2]	{1}	2.02032705148928	1.62662901379292	1.6241683420151332	0.0	0	119.81810489669442	380.1818951033056	1.3174650984805198	13	1	7	4.2947267342768605	0.6204771701870789	0	0	1
34	1.0	5.0	[2]	{0}	1.725802998194885	1.5928901127841768	1.5239809873950871	0.0	0	776.3602042105049	276.3602042105049	nan	4	4	4	1.8925591831579804	0.9104248149373708	0	0	4
158	1.0	5.0	[3]	{1}	1.8753305922206445	1.6370683134368025	1.6430061265035802	0.0	0	546.8855632934719	46.88556329347193	0.35355339059327373	7	1	4	3.285	2.018710264689313	0	0	1
96	1.0	5.0	[1]	{2}	4.084146381589057	3.6422482652710793	3.6422482652710793	0.0	0	140.27669513598084	359.72330486401916	nan	0	0	0	0.0	0.0	0	0	0
220	1.0	5.0	[1]	{0}	1.492158751690888	1.2176035474157352	1.217603547415735	0.0	0	146.56016998924315	353.43983001075685	1.0	2	0	1	0.41556016998924317	0.0	0	0	0
282	1.0	5.0	[1]	{2}	5.5837836395828	4.79923407425125	4.79923407425125	0.0	0	865.5826039612293	365.5826039612293	nan	2	2	2	1.4058347920775414	0.0	0	0	2
468	1.0	5.0	[2]	{2}	3.3674987859956937	3.062578663758881	3.0511457815562295	0.0	0	550.6636337377131	50.6636337377131	2.1483446221182985	12	4	8	5.375654534950852	1.5930588876566305	0	0	4
406	1.0	5.0	[1]	{0}	3.168090437281	2.3315418869518476	2.3315418869518476	0.0	0	33.58167130500078	466.4183286949992	0.0	7	5	6	2.885490027830005	0.0	0	0	5
344	1.0	5.0	[2]	{0}	1.1306568122157024	0.900364788523005	0.8832636601544489	0.0	0	744.7088917251676	244.70889172516763	1.0	2	0	1	0.8072911082748324	0.38781881343831115	0	0	0
35	1.0	5.0	[1]	{0}	3.156233851752922	2.4572873539578466	2.4572873539578466	0.0	0	681.9982631132007	181.99826311320066	nan	0	0	0	0.0	0.0	0	0	0
97	1.0	5.0	[3]	{2}	1.2532120891896994	1.135960497894826	1.138876649686377	0.0	0	374.5915400795639	125.40845992043609	1.7320508075688774	5	5	5	3.975591540079564	1.614993892584663	0	0	5
159	1.0	5.0	[1]	{2}	3.8568165279282676	3.563780182029848	3.563780182029848	0.0	0	303.19790658541024	196.80209341458976	0.24359938288234503	12	4	8	5.961395813170821	0.0	0	0	4
221	1.0	5.0	[1]	{2}	3.282291440020678	2.976929600482014	2.976929600482014	0.0	0	921.4631281793118	421.46312817931175	0.7745966692414834	7	1	4	1.516147487282753	0.0	0	0	1
283	1.0	5.0	[2]	{1}	0.7788842167806955	0.6030654821779615	0.6292439553241086	0.0	0	74.75786725990474	425.24213274009526	nan	1	1	1	0.4137578672599047	0.3013631813609568	0	0	1
469	1.0	5.0	[2]	{2}	2.8285686460799377	2.475646951736133	2.310475672512365	0.0	0	150.78217699192464	349.21782300807536	1.5491933384829668	4	2	3	1.9327821769919247	1.3691662904448334	0	0	2
407	1.0	5.0	[2]	{1}	0.43562156443501643	0.3334084147210774	0.3372160811833349	0.0	0	407.28738415054977	92.71261584945023	nan	0	0	0	0.0	0.16047486029112107	0	0	0
345	1.0	5.0	[3]	{2}	2.5416953472956862	2.1914923886141526	2.1855906697256113	0.0	0	618.0644128471613	118.0644128471613	0.2449489742783178	9	3	6	4.304742348611355	2.284540554246882	0	0	3
36	1.0	5.0	[1]	{2}	3.630773487224441	3.5466170575700167	3.5466170575700167	0.0	0	230.61797255650163	269.3820274434984	0.4898979485566356	9	3	6	5.130235945113003	0.0	0	0	3
98	1.0	5.0	[1]	{0}	2.30502759044273	2.1123629197431564	2.1123629197431564	0.0	0	707.5276689138263	207.52766891382635	1.0434983894999017	8	2	5	3.258472331086174	0.0	0	0	2
222	1.0	5.0	[2]	{2}	3.4071015545832344	3.0375864500421828	2.9869252412138123	0.0	0	125.43369177728891	374.5663082227111	1.5666989036012806	10	10	10	6.28246953421831	1.4186274424101806	0	0	10
160	1.0	5.0	[2]	{1}	4.727243244922991	4.543494515997424	4.435579319793829	0.0	0	151.0606452357024	348.9393547642976	0.6943650748294136	15	11	13	8.429788388064132	2.3812240346776585	0	0	11
284	1.0	5.0	[2]	{1}	1.0151397198107102	0.7858528678008178	0.8078254753042329	0.0	0	202.62839691713447	297.37160308286553	nan	1	1	1	0.4006283969171345	0.3741450092603767	0	0	1
470	1.0	5.0	[2]	{1}	1.570807895468202	1.364303742970657	1.4008219985784713	0.0	0	149.0392885170877	350.9607114829123	nan	5	3	4	3.3691571540683505	0.7194703120035011	0	0	3
408	1.0	5.0	[1]	{1}	1.9333304394567303	1.8314432845862414	1.8314432845862414	0.0	0	743.202246259898	243.20224625989795	nan	1	1	1	0.909202246259898	0.0	0	0	1
346	1.0	5.0	[2]	{2}	1.9493044987129382	1.6080276852418147	1.584854824734168	0.0	0	358.2313300576061	141.7686699423939	nan	2	2	2	0.9624626601152122	0.7736580166755729	0	0	2
37	1.0	5.0	[2]	{1}	1.262748344727026	1.009227855460543	1.0007882810362405	0.0	0	45.21397338248789	454.7860266175121	0.0	3	1	2	1.713427946764976	0.38797135082696005	0	0	1
99	1.0	5.0	[3]	{1}	1.1466558111185148	1.0444185734473022	1.0352564008273246	0.0	0	415.7027828041464	84.29721719585359	1.414213562373095	5	5	5	3.809108348412439	1.510805249515169	0	0	5
285	1.0	5.0	[3]	{2}	2.0727647675281275	1.6516069498643426	1.6526346944575219	0.0	0	507.6997624710202	7.699762471020222	1.5491933384829668	4	2	3	2.06430023752898	0.9179663917822815	0	0	2
223	1.0	5.0	[1]	{2}	2.9662574262944235	2.401992790469805	2.401992790469805	0.0	0	706.3225619494915	206.3225619494915	0.2182178902359924	6	2	4	3.087354876101017	0.0	0	0	2
161	1.0	5.0	[1]	{2}	1.5075821507051783	1.2496590867564308	1.2496590867564308	0.0	0	32.013418385759	467.986581614241	0.0	5	1	3	2.052040255157277	0.0	0	0	1
471	1.0	5.0	[3]	{2}	1.6466039515292565	1.3652886223028877	1.3692921240540457	0.0	0	473.4886600635946	26.51133993640542	1.414213562373095	5	3	4	2.830977320127189	1.2257242001233997	0	0	3
409	1.0	5.0	[2]	{1}	2.236263934026946	1.9879694340984284	1.8482056274176752	0.0	0	158.58368063345551	341.4163193665445	1.3416407864998738	8	6	7	6.273416319366545	1.139438411743762	0	0	6
347	1.0	5.0	[1]	{2}	2.0699994490529345	1.9057765969748783	1.9057765969748783	0.0	0	791.8559419922531	291.85594199225307	nan	0	0	0	0.0	0.0	0	0	0
38	1.0	5.0	[1]	{0}	4.031821927854942	2.754068584148888	2.754068584148888	0.0	0	586.4063934423029	86.40639344230294	nan	1	1	1	0.6714063934423029	0.0	0	0	1
100	1.0	5.0	[1]	{1}	2.5902875193550843	2.4669501866041963	2.4669501866041963	0.0	0	906.2498011626304	406.24980116263043	1.091089451179962	8	6	7	4.471251391861587	0.0	0	0	6
286	1.0	5.0	[1]	{2}	1.5958556608457288	1.3931735937386744	1.3931735937386744	0.0	0	676.0649776551872	176.06497765518725	1.4638501094227998	6	6	6	4.069740089379251	0.0	0	0	6
162	1.0	5.0	[2]	{1}	3.2959825761227526	2.5468733044900613	2.632147111231741	0.0	0	781.211068155244	281.211068155244	0.6546536707079772	8	2	5	2.54394465922378	1.2873935559562018	0	0	2
224	1.0	5.0	[1]	{2}	1.8296322822782674	1.4206181825791753	1.4206181825791753	0.0	0	290.8680927939713	209.1319072060287	1.0	2	2	2	1.446	0.0	0	0	2
472	1.0	5.0	[1]	{0}	2.270854185734736	1.7192971956952714	1.7192971956952714	0.0	0	33.4626859985292	466.5373140014708	nan	3	3	3	1.8663880579955876	0.0	0	0	3
410	1.0	5.0	[1]	{0}	4.719139737420141	3.4914140992035647	3.4914140992035647	0.0	0	489.1591011546552	10.840898845344782	nan	1	1	1	0.7761591011546553	0.0	0	0	1
348	1.0	5.0	[2]	{0}	3.5063544502682826	3.0241036009921785	3.096473982738387	0.0	0	134.31381969712675	365.68618030287325	0.3651483716701107	19	9	14	8.620393475759775	1.5411997291802266	0	0	9
39	1.0	5.0	[3]	{2}	1.4445636476115982	1.1382948912638469	1.1745454748054973	0.0	0	282.3381135240197	217.66188647598028	1.0	2	2	2	1.531	0.8955273017194162	0	0	2
101	1.0	5.0	[2]	{1}	3.476388502213318	3.1577533944377807	3.0512176902896098	0.0	0	885.3405178524554	385.3405178524554	0.7071067811865475	14	0	7	4.462616375032812	1.5894950252541644	0	0	0
287	1.0	5.0	[1]	{2}	1.9619224417672714	1.5794872982321349	1.5794872982321349	0.0	0	664.4392097368836	164.43920973688364	nan	0	0	0	0.0	0.0	0	0	0
225	1.0	5.0	[3]	{0}	2.9028785756853632	2.2971827823273983	2.321995424213292	0.0	0	114.4155329093337	385.5844670906663	1.9595917942265424	9	3	6	3.865831065818667	1.2230426694695367	0	0	3
163	1.0	5.0	[2]	{0}	3.1135707768502057	2.5173541237417885	2.468968566750269	0.0	0	332.3668041266501	167.6331958733499	0.0	11	3	7	5.48083402063325	1.2008226494003091	0	0	3
473	1.0	5.0	[1]	{2}	2.552711770478165	2.0218610566141266	2.0218610566141266	0.0	0	514.0729662962258	14.072966296225786	1.224744871391589	3	1	2	1.2429999999999999	0.0	0	0	1
411	1.0	5.0	[1]	{0}	2.885457550376786	2.602369978377564	2.602369978377564	0.0	0	312.5543515197933	187.44564848020673	0.9258200997725514	6	0	3	2.49666305455938	0.0	0	0	0
349	1.0	5.0	[3]	{1}	1.863316494285229	1.615771502727225	1.6135879557133617	0.0	0	511.9061700534076	11.906170053407607	0.0	4	0	2	1.4141876598931846	1.9122009362280816	0	0	0
40	1.0	5.0	[1]	{1}	4.608426286890566	3.4494033857585498	3.44940338575855	0.0	0	368.2381061371416	131.76189386285841	nan	4	2	3	2.208714318411425	0.0	0	0	2
102	1.0	5.0	[1]	{2}	6.8006479737614915	4.705731612390901	4.705731612390901	0.0	0	452.5033491663635	47.49665083363652	1.0	2	2	2	1.5060000000000002	0.0	0	0	2
288	1.0	5.0	[1]	{2}	0.8696875796190282	0.7543941291868373	0.7543941291868373	0.0	0	562.9279701970518	62.92797019705176	nan	1	1	1	0.8429279701970518	0.0	0	0	1
226	1.0	5.0	[1]	{1}	3.073319050293936	2.3081748089854033	2.3081748089854037	0.0	0	820.8248657174408	320.82486571744084	1.0	2	0	1	0.9231751342825592	0.0	0	0	0
164	1.0	5.0	[1]	{1}	1.3208632717496598	1.2116781014804343	1.2116781014804343	0.0	0	753.3466080203652	253.34660802036524	1.5	7	3	5	3.6470398240610957	0.0	0	0	3
474	1.0	5.0	[2]	{1}	6.1357256177575925	5.076411892595582	5.2576185205398165	0.0	0	234.92044932208955	265.07955067791045	1.2533591228810244	24	20	22	15.25340898644179	2.8733490989321946	0	0	20
412	1.0	5.0	[1]	{2}	3.2208483070231977	2.8861167974248856	2.8861167974248856	0.0	0	362.9354902077466	137.06450979225338	0.7276068751089989	16	8	12	8.648354902077466	0.0	0	0	8
350	1.0	5.0	[1]	{2}	2.476263828181562	1.687302829575504	1.6873028295755037	0.0	0	133.3668204024434	366.6331795975566	nan	0	0	0	0.0	0.0	0	0	0
41	1.0	5.0	[1]	{0}	1.8429827924416116	1.3268363555959575	1.3268363555959575	0.0	0	541.7270823381841	41.72708233818412	nan	0	0	0	0.0	0.0	0	0	0
103	1.0	5.0	[2]	{0}	2.573982198126139	1.9331448823262685	1.937669617982682	0.0	0	661.3500418607146	161.35004186071455	1.5491933384829668	4	4	4	3.441	0.6787214968093823	0	0	4
227	1.0	5.0	[1]	{1}	3.6444796722896333	2.869498455284509	2.869498455284509	0.0	0	267.9650841746479	232.03491582535207	0.0	7	1	4	2.966	0.0	0	0	1
165	1.0	5.0	[1]	{2}	1.4405984433545906	1.4194527674713442	1.4194527674713442	0.0	0	636.63440477103	136.63440477102995	0.0	3	1	2	1.528	0.0	0	0	1
289	1.0	5.0	[2]	{1}	1.3475024403478542	1.036679035155369	1.051654866128381	0.0	0	896.9422879163176	396.9422879163176	nan	2	2	2	1.2601154241673649	0.41563162664309605	0	0	2
475	1.0	5.0	[1]	{0}	2.74033602642678	2.577072285248974	2.577072285248974	0.0	0	288.50494674406946	211.49505325593054	1.5491933384829668	24	18	21	12.59557420116104	0.0	0	0	18
413	1.0	5.0	[2]	{0}	0.969449086760354	0.9249633733857352	0.9148221697941871	0.0	0	10.23108884692192	489.7689111530781	nan	2	2	2	1.1804621776938438	0.4508037254754478	0	0	2
351	1.0	5.0	[2]	{0}	4.591164071648417	3.6591656437650313	3.6550535100444703	0.0	0	516.0668753087521	16.06687530875206	0.565685424949238	14	2	8	5.793133750617503	1.6154100834108824	0	0	2
42	1.0	5.0	[3]	{2}	1.1474904896119515	0.9236605025376241	1.0051777264481965	0.0	0	974.5760005898774	474.57600058987737	1.9364916731037085	7	7	7	4.890271998230368	1.3282474079510864	0	0	7
104	1.0	5.0	[2]	{2}	1.6291490683891534	1.4129966788907922	1.4195642212552797	0.0	0	542.1844236552715	42.18442365527153	0.5	7	1	4	3.3572623053789137	0.7606761181035242	0	0	1
228	1.0	5.0	[1]	{2}	6.47127037032495	4.561035658851114	4.561035658851114	0.0	0	2.9316917061805725	497.0683082938194	nan	0	0	0	0.0	0.0	0	0	0
166	1.0	5.0	[3]	{1}	1.0215133215796497	0.9327412274709718	0.8905307588351051	0.0	0	853.1589703634381	353.15897036343813	0.0	5	3	4	1.8573641185462475	1.1146887136932502	0	0	3
290	1.0	5.0	[2]	{0}	2.2282357965148014	2.0230661638073424	2.029066874321643	0.0	0	543.7272298149765	43.727229814976454	0.7071067811865476	11	3	7	6.020181689444929	1.052179496719025	0	0	3
476	1.0	5.0	[2]	{2}	1.1052552724803009	0.9406761749195466	1.000374181543135	0.0	0	39.34475407004357	460.65524592995644	1.0	7	5	6	1.8080685244202617	0.5773402211615369	0	0	5
352	1.0	5.0	[2]	{0}	2.9249904363252055	2.5530247114605524	2.5238253198413516	0.0	0	261.4870050456375	238.5129949543625	nan	14	4	8	6.161896040365099	1.18375274630148	0	0	2
414	1.0	5.0	[2]	{1}	1.7806412926004476	1.4085999908034348	1.3859992854253878	0.0	0	227.3669100832194	272.6330899167806	0.29277002188455997	6	4	5	3.368834550416097	0.5785765198811124	0	0	4
43	1.0	5.0	[3]	{1}	1.7297602615217418	1.5194284561980198	1.5493914512685492	0.0	0	667.0492319390178	167.04923193901777	1.8516401995451028	6	6	6	4.218098463878036	2.195936295640813	0	0	6
105	1.0	5.0	[1]	{0}	1.2480221964495293	0.8426912684209995	0.8426912684209995	0.0	0	282.1942525915801	217.8057474084199	nan	0	0	0	0.0	0.0	0	0	0
291	1.0	5.0	[3]	{0}	2.9011859061619125	2.33843386876487	2.381446051173458	0.0	0	842.9611129686236	342.96111296862364	0.5477225575051661	11	3	7	4.511194435156882	1.769867139743439	0	0	3
167	1.0	5.0	[1]	{0}	1.2868694834273444	0.9814669106490654	0.9814669106490654	0.0	0	839.6251413505524	339.62514135055244	0.4472135954999579	4	0	2	1.4167497172988952	0.0	0	0	0
229	1.0	5.0	[1]	{0}	5.886198154770708	4.577300076741932	4.577300076741932	0.0	0	898.9905663765967	398.9905663765967	nan	1	1	1	0.11800943362340333	0.0	0	0	1
477	1.0	5.0	[3]	{1}	4.134648362792347	3.183143554554564	3.1691677222782935	0.0	0	951.7787541262804	451.77875412628043	0.0	8	0	4	1.7898849834948785	0.5763867265719438	0	0	0
353	1.0	5.0	[1]	{0}	2.515584913426486	2.2964483611118305	2.2964483611118305	0.0	0	126.06097827665508	373.9390217233449	0.0	6	0	3	1.6871829348299654	0.0	0	0	0
415	1.0	5.0	[1]	{1}	3.197440650821783	2.5834758010732646	2.583475801073265	0.0	0	991.2968187127262	491.29681871272624	0.4472135954999579	8	2	5	2.628515906436369	0.0	0	0	2
44	1.0	5.0	[2]	{1}	4.730025972454156	3.9516099656156416	3.8717341324291774	0.0	0	412.0117244310677	87.9882755689323	0.3471825374147068	15	1	8	5.917046897724271	2.4145220170566137	0	0	1
168	1.0	5.0	[3]	{2}	2.811536086235396	2.4664635224994864	2.373570933892429	0.0	0	382.8466592822224	117.15334071777761	0.0	6	2	4	2.9433866371288895	2.9122655051851813	0	0	2
106	1.0	5.0	[2]	{1}	1.2775421873033133	1.0178086059973463	1.0093435075675805	0.0	0	69.91649605333805	430.08350394666195	1.7320508075688774	5	1	3	2.383749488160014	0.3902548670955641	0	0	1
230	1.0	5.0	[1]	{2}	4.060378448239518	3.6808384940699193	3.6808384940699193	0.0	0	978.5148238297552	478.5148238297552	1.019049330730136	17	9	13	5.720307290213183	0.0	0	0	9
292	1.0	5.0	[1]	{0}	1.42657561616436	1.268243466399361	1.268243466399361	0.0	0	281.9871704559773	218.01282954402268	1.4638501094227998	6	2	4	2.629948681823909	0.0	0	0	2
478	1.0	5.0	[2]	{1}	5.460468041803673	4.996967076953721	4.991994110313343	0.0	0	359.314194880426	140.685805119574	0.7970533969860858	19	5	12	8.708513559043407	2.29710812353727	0	0	5
354	1.0	5.0	[1]	{2}	5.002960962196533	3.562606315058858	3.562606315058858	0.0	0	282.617952208966	217.38204779103398	1.224744871391589	3	3	3	1.491617952208966	0.0	0	0	3
416	1.0	5.0	[1]	{1}	2.348792334629212	1.7404933692862379	1.7404933692862379	0.0	0	33.67428155615926	466.32571844384074	nan	5	5	5	1.714371407780796	0.0	0	0	5
45	1.0	5.0	[2]	{1}	2.288530915392429	2.210182779665139	2.208235813486662	0.0	0	447.2162255551666	52.7837744448334	nan	7	1	4	2.9028649022206663	1.1008560502856763	0	0	1
169	1.0	5.0	[1]	{1}	2.676824917308469	2.013244663445863	2.013244663445863	0.0	0	586.5793833509088	86.57938335090876	0.0	3	1	2	1.855	0.0	0	0	1
293	1.0	5.0	[3]	{2}	2.4396648454685703	2.3603919483454674	2.084929134953376	0.0	0	958.329708315432	458.32970831543196	0.14907119849998599	8	2	5	2.46535145842284	2.6424585349912544	0	0	2
107	1.0	5.0	[2]	{1}	2.1445108019217245	1.6889105478084465	1.7126373578447693	0.0	0	110.80725444480775	389.19274555519223	nan	2	2	2	1.0686145088896155	0.701346120032621	0	0	2
231	1.0	5.0	[2]	{1}	3.9701577909097576	3.2705163242649817	3.172278318113472	0.0	0	840.9691811539233	340.9691811539233	1.0206207261596576	11	1	6	2.27118491307646	1.475313456364067	0	0	1
479	1.0	5.0	[1]	{0}	1.980550223158669	1.9625102065584112	1.9625102065584112	0.0	0	357.1014483459294	142.89855165407062	1.7320508075688774	5	3	4	3.03	0.0	0	0	3
417	1.0	5.0	[1]	{1}	1.8743112624702225	1.4026098565196277	1.4026098565196277	0.0	0	628.7315958179533	128.73159581795335	nan	0	0	0	0.0	0.0	0	0	0
355	1.0	5.0	[2]	{1}	2.6684889172603907	2.419149554069637	2.394457482279958	0.0	0	919.0459994133562	419.0459994133562	0.0	9	3	6	3.432724003519863	1.1191375136204258	0	0	3
46	1.0	5.0	[3]	{1}	2.291046568738067	1.7627125352852016	1.7587173129887979	0.0	0	376.2517287395895	123.74827126041049	1.5491933384829668	4	2	3	2.2452517287395892	0.3557441671093896	0	0	2
294	1.0	5.0	[3]	{0}	1.3238984015688264	1.0769585171884515	1.1042192023968096	0.0	0	898.2697876635939	398.2697876635939	nan	1	1	1	0.38073021233640614	0.958810995791888	0	0	1
170	1.0	5.0	[2]	{1}	1.5341014174151075	1.4855670456766836	1.3776536845046004	0.0	0	28.13456323929131	471.8654367607087	1.224744871391589	3	1	2	1.2382691264785826	0.8392981773631829	0	0	1
108	1.0	5.0	[2]	{0}	2.705858881255981	1.956856566570118	2.2084122216300264	0.0	0	9.077982045710089	490.9220179542899	0.35355339059327373	7	1	4	1.8473119281828403	1.367897473885765	0	0	1
232	1.0	5.0	[1]	{1}	3.9327563274485753	3.0772409984080697	3.0772409984080697	0.0	0	177.91187716647983	322.0881228335202	nan	0	0	0	0.0	0.0	0	0	0
480	1.0	5.0	[1]	{0}	3.855015760858979	3.158124329955015	3.158124329955015	0.0	0	586.2975085619837	86.2975085619837	0.14907119849998599	8	4	6	4.133809965752065	0.0	0	0	4
356	1.0	5.0	[1]	{2}	1.355676282178893	1.1562212624758534	1.1562212624758534	0.0	0	361.3952063024044	138.6047936975956	nan	0	0	0	0.0	0.0	0	0	0
418	1.0	5.0	[2]	{0}	2.8537694183324303	2.553399539832813	2.5122573012135048	0.0	0	70.5939254257828	429.4060745742172	0.6546536707079772	8	4	6	2.4575635525546966	1.1811845543258925	0	0	4
47	1.0	5.0	[3]	{1}	1.5607577965286614	1.3199564531465025	1.3244829966447802	0.0	0	545.5401882063597	45.540188206359744	1.5491933384829668	4	4	4	3.075	1.3307138736347315	0	0	4
295	1.0	5.0	[1]	{0}	2.9553668381483993	1.9844787795522125	1.9844787795522125	0.0	0	744.3749322555959	244.37493225559592	nan	0	0	0	0.0	0.0	0	0	0
171	1.0	5.0	[3]	{1}	1.7350875545097648	1.4477874207994104	1.3542769853515626	0.0	0	985.728636616841	485.72863661684096	1.3416407864998738	4	2	3	1.359814090149477	0.616206352432402	0	0	2
109	1.0	5.0	[3]	{0}	1.6889456527164857	1.345938237376215	1.3312326118676672	0.0	0	229.74635125137863	270.25364874862134	0.11396057645963795	10	4	7	4.535731756256893	0.5706011394748137	0	0	4
233	1.0	5.0	[2]	{1}	1.9273779543483727	1.542606483314576	1.5066852358317848	0.0	0	896.2824470363557	396.28244703635573	1.5491933384829668	9	5	7	3.87302287074551	0.6336418266140713	0	0	5
481	1.0	5.0	[3]	{2}	1.2645703355771738	1.0034377189044341	1.0536712162341344	0.0	0	136.27162389457226	363.72837610542774	1.3416407864998738	4	4	4	2.553543247789144	0.9800548882165563	0	0	4
419	1.0	5.0	[2]	{1}	1.5205325130569516	1.253519110827308	1.2496746265886658	0.0	0	721.4678965974599	221.4678965974599	nan	2	2	2	0.9990642068050802	0.5067674740102757	0	0	2
357	1.0	5.0	[1]	{1}	1.3965553748652857	0.980779970138418	0.980779970138418	0.0	0	651.201528031379	151.20152803137898	1.0	2	2	2	1.492	0.0	0	0	2
48	1.0	5.0	[2]	{2}	1.3242885492752994	1.20352208923888	1.1683065687570675	0.0	0	350.5299061071128	149.47009389288718	1.5666989036012806	10	6	8	5.836239248856903	0.7417647451826286	0	0	6
296	1.0	5.0	[3]	{1}	2.2548713209272138	2.0311657205327913	2.046664777671796	0.0	0	560.766743728891	60.766743728891015	1.9595917942265424	9	7	8	5.854466512542219	3.0991485100236726	0	0	7
172	1.0	5.0	[2]	{1}	2.7983850949943507	2.2928341267583634	2.251324244721809	0.0	0	384.9390405230224	115.06095947697759	0.0	7	1	4	2.9539999999999997	1.2128959584062042	0	0	1
110	1.0	5.0	[1]	{0}	1.4694985888732814	1.2504553141171955	1.2504553141171955	0.0	0	370.7653998862952	129.2346001137048	1.7320508075688774	5	5	5	3.229765399886295	0.0	0	0	5
234	1.0	5.0	[3]	{1}	2.735671418233742	2.0959800600648	2.1802312648441298	0.0	0	329.86108120530844	170.13891879469156	0.3133397807202561	10	4	7	5.757138918794692	1.5230122769308667	0	0	4
482	1.0	5.0	[3]	{2}	1.5676537951386589	1.2875322490687393	1.2698669691613318	0.0	0	242.20747500658035	257.79252499341965	0.0	6	0	3	2.5832074750065805	0.8215381652888043	0	0	0
420	1.0	5.0	[3]	{0}	1.780686312599485	1.3265308909581786	1.3733214750345986	0.0	0	80.85795701481402	419.142042985186	0.4472135954999579	4	2	3	1.843573871044442	0.41408811852779437	0	0	2
358	1.0	5.0	[3]	{2}	2.4602183607817385	1.8524257250319303	1.9005386280382046	0.0	0	74.61510901339352	425.3848909866065	0.6546536707079772	6	2	4	2.899230218026787	0.5561032599494179	0	0	2
49	1.0	5.0	[2]	{2}	3.1936583580926863	2.492490414552938	2.565730113645277	0.0	0	907.9455868341028	407.94558683410276	0.4629100498862757	6	2	4	2.2061088263317945	1.1484339445297982	0	0	2
297	1.0	5.0	[1]	{1}	3.304905973263375	3.0523319709756707	3.0523319709756707	0.0	0	705.6472569238394	205.64725692383945	0.24359938288234503	12	0	6	4.414705486152321	0.0	0	0	0
111	1.0	5.0	[3]	{2}	1.6764068562785943	1.3129439768435878	1.2866095068735428	0.0	0	244.3914664909244	255.6085335090756	0.7071067811865475	5	1	3	2.250174399472773	0.3374614853601732	0	0	1
173	1.0	5.0	[1]	{0}	1.3310982963227436	1.1422401787936716	1.1422401787936716	0.0	0	73.4222806058824	426.5777193941176	nan	1	1	1	0.9485777193941176	0.0	0	0	1
235	1.0	5.0	[3]	{1}	2.165859877334484	1.8860054408448748	1.9300538402465266	0.0	0	301.08180129900575	198.91819870099425	2.04939015319192	9	7	8	5.809327205196023	2.6667112241068858	0	0	7
359	1.0	5.0	[3]	{1}	0.7714174134622749	0.6585957149889397	0.648821310031259	0.0	0	706.1731521971524	206.17315219715238	nan	1	1	1	0.8811731521971524	0.6094747180875341	0	0	1
483	1.0	5.0	[1]	{0}	2.355942194281023	2.2048285371504965	2.2048285371504965	0.0	0	461.8633287027478	38.13667129725218	nan	1	1	1	0.8988633287027479	0.0	0	0	1
421	1.0	5.0	[1]	{0}	4.333162797742028	3.1245118222168005	3.1245118222168013	0.0	0	107.17583680525422	392.8241631947458	nan	1	1	1	0.28817583680525427	0.0	0	0	1
50	1.0	5.0	[3]	{2}	2.878266189019736	2.2690933752895877	2.2936511550619487	0.0	0	887.5135942362249	387.5135942362249	1.091089451179962	6	0	3	1.8744592172913253	1.142984798684307	0	0	0
298	1.0	5.0	[1]	{2}	0.9515382295731936	0.6927109330421982	0.6927109330421983	0.0	0	690.8620577305555	190.86205773055553	nan	0	0	0	0.0	0.0	0	0	0
236	1.0	5.0	[3]	{0}	2.0607989059520633	1.6439587691532587	1.7988434668844466	0.0	0	61.94571452215314	438.05428547784686	nan	4	4	4	3.0057828580886126	2.3795285089208833	0	0	4
174	1.0	5.0	[1]	{0}	2.243574399894449	1.7061310223152115	1.7061310223152115	0.0	0	361.16250324994326	138.83749675005674	nan	2	2	2	1.6086749935001134	0.0	0	0	2
112	1.0	5.0	[1]	{2}	2.094567838081178	1.4943712559117812	1.4943712559117812	0.0	0	724.1557775996625	224.15577759966254	nan	0	0	0	0.0	0.0	0	0	0
484	1.0	5.0	[1]	{0}	2.9571332120298885	2.587911415054146	2.587911415054146	0.0	0	938.0043547134846	438.00435471348464	1.5	7	5	6	3.540973871719092	0.0	0	0	5
422	1.0	5.0	[3]	{2}	1.3946178968160239	1.340776954381389	1.3470407063264203	0.0	0	627.0360562484711	127.03605624847114	1.8516401995451028	6	6	6	3.776927887503058	2.457925152579878	0	0	6
360	1.0	5.0	[2]	{0}	7.423583130030441	5.6168730647458265	5.651234856407878	0.0	0	209.25765438005328	290.7423456199467	0.1873171623163388	18	0	9	5.434288271900267	2.0576296931319047	0	0	0
51	1.0	5.0	[3]	{2}	1.737683297251682	1.4708422804293417	1.494751264718349	0.0	0	604.0034468751401	104.00344687514007	nan	3	3	3	2.3379896593745797	1.7617967948047903	0	0	3
299	1.0	5.0	[1]	{0}	2.0076043500422283	1.4392506744012015	1.4392506744012015	0.0	0	910.0845656357706	410.08456563577056	nan	0	0	0	0.0	0.0	0	0	0
237	1.0	5.0	[3]	{2}	3.5578259720777208	3.0778122366369605	3.0722709930612657	0.0	0	466.13356727175415	33.866432728245854	2.6210932585716726	20	12	16	11.889732865456493	3.394832639174068	0	0	12
113	1.0	5.0	[2]	{0}	2.1295517206113326	1.9377234461365682	1.913218996281529	0.0	0	784.4581557437778	284.45815574377775	nan	4	2	3	2.4946255327686666	0.9345874400158258	0	0	2
175	1.0	5.0	[1]	{1}	5.265466653351086	4.376043049901593	4.376043049901594	0.0	0	99.89824099466205	400.10175900533795	nan	3	3	3	2.2746947229839862	0.0	0	0	3
423	1.0	5.0	[3]	{0}	2.3554480929625234	1.9064678616140318	1.8849749769436022	0.0	0	329.9092734232545	170.0907265767455	1.0	2	0	1	0.6849092734232545	1.0734725539066075	0	0	0
361	1.0	5.0	[1]	{1}	4.257537155808791	3.0761128605163375	3.076112860516338	0.0	0	108.1457962282002	391.8542037717998	0.0	5	3	4	2.6505831849128008	0.0	0	0	3
485	1.0	5.0	[2]	{0}	5.611486798555077	4.808156452191141	4.567065987031791	0.0	0	963.7770717963576	463.77707179635763	0.47140452079103173	15	5	10	6.068783425629138	2.2811638645675476	0	0	5
52	1.0	5.0	[1]	{0}	5.128526728675426	4.229865611111586	4.229865611111586	0.0	0	383.9190639555454	116.08093604445457	0.0	5	1	3	2.481080936044455	0.0	0	0	1
238	1.0	5.0	[1]	{1}	7.359335454735286	6.0906332509001135	6.090633250900114	0.0	0	170.8562644198537	329.1437355801463	nan	4	4	4	2.399425057679415	0.0	0	0	4
300	1.0	5.0	[2]	{0}	2.267406380512827	1.7306486098487375	1.780499457848594	0.0	0	288.94194145686924	211.05805854313076	0.5773502691896258	8	2	5	3.2648258243706074	0.8829912195592446	0	0	2
176	1.0	5.0	[2]	{2}	1.4169702509558388	1.1935257148866238	1.1149532322070714	0.0	0	64.14830940775573	435.85169059224427	1.8516401995451028	6	2	4	1.6785932376310226	0.5867415446336525	0	0	2
114	1.0	5.0	[1]	{0}	4.776661982404243	3.852563527623979	3.852563527623979	0.0	0	77.62435730546713	422.37564269453287	nan	2	2	2	0.4842487146109342	0.0	0	0	2
424	1.0	5.0	[1]	{2}	2.160207120017718	1.6784949636395008	1.6784949636395008	0.0	0	622.6528196129948	122.65281961299479	0.0	4	0	2	1.3806943607740103	0.0	0	0	0
362	1.0	5.0	[3]	{0}	1.3762658282825315	1.1666344274530345	1.1591533385008526	0.0	0	575.0297775957733	75.02977759577334	1.7320508075688774	5	5	5	3.7540297775957736	1.1153400033752259	0	0	5
486	1.0	5.0	[1]	{2}	2.3884838373087183	1.9286245912049542	1.9286245912049542	0.0	0	126.1537279933691	373.8462720066309	1.7320508075688774	5	3	4	2.354307455986738	0.0	0	0	3
53	1.0	5.0	[2]	{2}	3.7271177377282063	2.9872233553844803	3.061614982814988	0.0	0	129.8472995404154	370.1527004595846	0.3651483716701107	11	1	6	3.762694599080831	1.399031623080341	0	0	1
239	1.0	5.0	[1]	{2}	3.629001027962867	2.752077065927661	2.752077065927661	0.0	0	836.1481078900397	336.1481078900397	nan	1	1	1	0.7858518921099603	0.0	0	0	1
301	1.0	5.0	[1]	{1}	5.245841505947984	5.0293744773626905	5.0293744773626905	0.0	0	329.5002053491771	170.49979465082288	0.24333213169614382	23	5	14	9.958002464190125	0.0	0	0	5
115	1.0	5.0	[2]	{2}	3.2880875472374327	2.7612284887517258	2.760020106604419	0.0	0	496.8947286251933	3.105271374806705	0.6880329612324521	16	4	10	7.519210542749613	1.5051153168151146	0	0	4
177	1.0	5.0	[1]	{0}	2.1727679305436105	1.8172193560139203	1.8172193560139203	0.0	0	631.6277210135013	131.6277210135013	1.091089451179962	6	2	4	2.984	0.0	0	0	2
363	1.0	5.0	[3]	{0}	0.9991509109374347	0.8567869582172501	0.8176061341498179	0.0	0	732.8739943914115	232.87399439141154	nan	2	2	2	1.774252011217177	0.7141926392866713	0	0	2
425	1.0	5.0	[1]	{0}	1.139134188942298	0.9929467801923076	0.9929467801923076	0.0	0	99.94575241580606	400.05424758419394	nan	0	0	0	0.0	0.0	0	0	0
487	1.0	5.0	[1]	{2}	1.574202435596949	1.1283308500038416	1.1283308500038416	0.0	0	662.124247290194	162.12424729019403	nan	3	1	2	1.6257515054196119	0.0	0	0	1
54	1.0	5.0	[1]	{1}	8.424859772051294	6.7645908608745735	6.7645908608745735	0.0	0	941.0390718840064	441.0390718840064	nan	0	0	0	0.0	0.0	0	0	0
240	1.0	5.0	[3]	{0}	1.0488717764312492	0.9650578339749333	0.96672765840605	0.0	0	604.622287210077	104.62228721007705	nan	4	4	4	3.3585108511596915	1.4565511126380726	0	0	4
302	1.0	5.0	[1]	{1}	4.000138563261707	2.9976034320944263	2.9976034320944263	0.0	0	293.7106383033097	206.28936169669032	nan	2	2	2	1.2244212766066194	0.0	0	0	2
178	1.0	5.0	[1]	{0}	4.129153126623383	2.89571293395713	2.89571293395713	0.0	0	807.65723856166	307.65723856166005	nan	1	1	1	0.85434276143834	0.0	0	0	1
116	1.0	5.0	[1]	{0}	0.8763897879299021	0.6825094333075452	0.6825094333075452	0.0	0	382.57113727740943	117.42886272259057	nan	2	2	2	1.155142274554819	0.0	0	0	2
426	1.0	5.0	[3]	{2}	1.3970099778609288	1.1198994607177923	1.1180268622363128	0.0	0	606.8554683588445	106.85546835884452	0.7071067811865475	5	1	3	2.4504335949234664	0.5796796226830212	0	0	1
364	1.0	5.0	[1]	{1}	1.8732259714920438	1.6385008987351748	1.6385008987351752	0.0	0	682.256797561422	182.256797561422	0.7302967433402214	11	5	8	6.979486404877157	0.0	0	0	5
488	1.0	5.0	[1]	{1}	1.4900404554075417	1.2069718024730502	1.2069718024730502	0.0	0	738.6555019766092	238.65550197660923	0.6546536707079772	6	0	3	2.3636555019766092	0.0	0	0	0
55	1.0	5.0	[3]	{0}	2.8314846093039217	2.248069001857841	2.336485467803808	0.0	0	805.0822510849684	305.08225108496845	0.0	4	2	3	2.4909177489150314	1.992787983665942	0	0	2
241	1.0	5.0	[3]	{1}	2.45095850188281	2.175566323905685	2.1775454408581743	0.0	0	484.9420946557075	15.057905344292521	2.008316044185609	11	7	9	5.950057905344293	2.846046264635074	0	0	7
303	1.0	5.0	[2]	{1}	1.9333820765264405	1.5932741111926034	1.6131383577988403	0.0	0	577.4531767237931	77.45317672379315	nan	8	4	6	3.7472809396572413	0.9029151294625779	0	0	4
179	1.0	5.0	[1]	{0}	2.1842263034982996	1.592410077201626	1.592410077201626	0.0	0	164.17804406955838	335.8219559304416	1.0	2	2	2	1.79	0.0	0	0	2
117	1.0	5.0	[2]	{2}	0.46649773078408974	0.44603546472757194	0.44503301574110576	0.0	0	851.6332197468728	351.6332197468728	nan	3	3	3	1.3011003407593817	0.21463498732967334	0	0	3
427	1.0	5.0	[1]	{1}	2.4568828736578268	2.1496647061883385	2.1496647061883385	0.0	0	848.7349627539515	348.73496275395155	1.3416407864998738	4	0	2	1.324530074492097	0.0	0	0	0
365	1.0	5.0	[2]	{0}	4.763118475380358	4.205662723364725	4.161103573711032	0.0	0	566.2673010956496	66.2673010956496	0.14744195615489714	22	4	13	9.341871107669547	2.4519596738565728	0	0	4
489	1.0	5.0	[3]	{1}	0.5539238345850555	0.4658097011506262	0.46054717012275953	0.0	0	271.4350956957787	228.56490430422127	nan	1	1	1	0.3444350956957787	0.38385858391467337	0	0	1
56	1.0	5.0	[2]	{1}	1.7751638423122977	1.596545999785688	1.608586729732739	0.0	0	391.11647731624544	108.88352268375456	nan	10	4	7	5.476815341213718	0.8315883904654929	0	0	4
242	1.0	5.0	[3]	{2}	1.0309253235596534	0.9072490767243562	0.8514835274569077	0.0	0	701.0308192111552	201.03081921115518	1.224744871391589	3	3	3	2.494969180788845	0.903714288643579	0	0	3
118	1.0	5.0	[3]	{2}	0.8534873854662179	0.6220202777390966	0.6954503735624049	0.0	0	62.86097271367908	437.1390272863209	1.224744871391589	3	1	2	1.577721945427358	0.610657490769415	0	0	1
304	1.0	5.0	[1]	{1}	4.1374566222646	3.6986968777050766	3.6986968777050766	0.0	0	962.917774450034	462.917774450034	nan	0	0	0	0.0	0.0	0	0	0
180	1.0	5.0	[1]	{1}	3.0574745600721682	2.4423472052518975	2.4423472052518975	0.0	0	186.3556276075542	313.6443723924458	1.5275252316519468	6	2	4	2.722711255215108	0.0	0	0	2
428	1.0	5.0	[1]	{0}	1.5515463484744048	1.2062129940794886	1.2062129940794886	0.0	0	249.4801823049784	250.5198176950216	1.224744871391589	3	1	3	2.1634801823049785	0.0	0	0	3
366	1.0	5.0	[1]	{1}	5.9535842146046	4.843905447234983	4.843905447234982	0.0	0	641.0897960886359	141.08979608863592	0.8783100656536799	6	0	3	2.6050897960886363	0.0	0	0	0
490	1.0	5.0	[2]	{1}	1.2237999075023813	0.968803807210348	1.0282834095397193	0.0	0	954.387015197426	454.38701519742597	0.35355339059327373	7	1	4	2.069451939210296	0.5472842085389744	0	0	1
57	1.0	5.0	[1]	{2}	4.4388555367311024	4.085484459843455	4.085484459843455	0.0	0	85.57245042175055	414.42754957824945	nan	1	1	1	0.7725724504217506	0.0	0	0	1
243	1.0	5.0	[1]	{1}	0.9085326207798443	0.6826186251731277	0.6826186251731277	0.0	0	118.14336711540818	381.8566328845918	nan	1	1	1	0.6221433671154082	0.0	0	0	1
119	1.0	5.0	[1]	{2}	4.337522937378807	3.3094802696695216	3.3094802696695216	0.0	0	962.2618751600384	462.26187516003836	nan	2	2	2	1.3644762496799232	0.0	0	0	2
181	1.0	5.0	[3]	{1}	2.1161455063863137	1.7835368461111676	1.7670292294943366	0.0	0	147.38992834463716	352.61007165536284	1.161895003862225	7	3	5	2.3989496417231857	1.486176297090169	0	0	3
305	1.0	5.0	[2]	{0}	1.3483429412183212	1.2613676305595316	1.2499801297052846	0.0	0	932.1615360677242	432.1615360677242	1.4638501094227998	6	4	5	2.691192319661379	0.6021587617865739	0	0	4
367	1.0	5.0	[1]	{0}	2.0967436201325	1.813218118541692	1.813218118541692	0.0	0	500.2896343357861	0.2896343357861042	1.1547005383792517	5	1	3	2.284289634335786	0.0	0	0	1
429	1.0	5.0	[1]	{0}	1.3910503449926301	1.0757332056085513	1.0757332056085513	0.0	0	151.76668483763933	348.23331516236067	nan	0	0	0	0.0	0.0	0	0	0
491	1.0	5.0	[1]	{0}	3.048490742926939	2.545424490617713	2.545424490617713	0.0	0	184.73908631131053	315.26091368868947	nan	0	0	0	0.0	0.0	0	0	0
58	1.0	5.0	[1]	{0}	1.7272305232756227	1.5079070471038887	1.5079070471038887	0.0	0	291.95262119174004	208.04737880825996	1.0	2	2	2	1.568	0.0	0	0	2
244	1.0	5.0	[2]	{1}	1.976136324569297	1.5483508668557704	1.5483832106947029	0.0	0	499.6128538623452	0.38714613765478134	nan	2	2	2	1.3802257077246904	0.6438593118981156	0	0	2
120	1.0	5.0	[1]	{1}	6.089777678759194	4.217142879725925	4.217142879725925	0.0	0	650.1801665872335	150.18016658723354	nan	0	0	0	0.0	0.0	0	0	0
182	1.0	5.0	[1]	{2}	1.063507452857806	0.9060731130835252	0.9060731130835252	0.0	0	141.8381375260651	358.1618624739349	nan	0	0	0	0.0	0.0	0	0	0
306	1.0	5.0	[2]	{1}	2.47424387243961	2.2166788763406697	2.262132870255078	0.0	0	638.8604857493192	138.8604857493192	nan	8	6	7	4.983976599754765	1.3523466312217658	0	0	6
368	1.0	5.0	[1]	{0}	2.7295501323913136	2.4548194610872844	2.4548194610872844	0.0	0	169.18054060079157	330.8194593992084	0.5	7	3	5	2.444902703003958	0.0	0	0	3
430	1.0	5.0	[2]	{2}	2.3165865659142835	2.0997385218403397	2.148827171553601	0.0	0	229.7669132240117	270.23308677598834	nan	5	5	5	2.919834566120058	1.1721868841600767	0	0	5
492	1.0	5.0	[1]	{0}	3.5022605855315097	2.6493491805719387	2.6493491805719396	0.0	0	486.8348417803645	13.165158219635487	0.7071067811865475	5	1	3	2.0608348417803644	0.0	0	0	1
59	1.0	5.0	[1]	{1}	1.2508924634263368	1.0568155561167674	1.0568155561167674	0.0	0	624.5564774144441	124.55647741444409	0.7745966692414834	4	0	2	1.75	0.0	0	0	0
245	1.0	5.0	[3]	{0}	4.04168393306342	3.3249212711578884	3.356991293300507	0.0	0	339.07210803590715	160.92789196409285	0.6	14	6	10	7.496288432143629	2.8051086857361947	0	0	6
121	1.0	5.0	[3]	{1}	1.201961774598709	0.9750474642288647	0.9676141856390323	0.0	0	870.3609874937683	370.36098749376833	nan	4	4	4	2.349556050024927	0.5492131981703892	0	0	4
307	1.0	5.0	[3]	{2}	3.540812483686786	3.290742194454358	3.2953439018544173	0.0	0	13.44158942811191	486.5584105718881	1.61245154965971	14	14	14	7.578299073137343	5.127333979666984	0	0	14
183	1.0	5.0	[2]	{0}	3.158163619884647	2.4549266127365947	2.597709716500978	0.0	0	95.1285851188004	404.8714148811996	0.5222329678670935	10	8	9	5.168157266069203	1.3712907484297698	0	0	8
369	1.0	5.0	[3]	{0}	0.2864038260822183	0.23136905857111117	0.24720059829607896	0.0	0	981.4248699694872	481.4248699694872	nan	0	0	0	0.0	0.29206658658922235	0	0	0
431	1.0	5.0	[1]	{2}	1.2217642951720178	0.9818318711314531	0.9818318711314529	0.0	0	427.18336544930935	72.81663455069065	nan	2	0	1	0.8338166345506907	0.0	0	0	0
493	1.0	5.0	[3]	{0}	0.2087808044675512	0.19172343785561086	0.19206305728179648	0.0	0	610.402695601806	110.40269560180604	nan	0	0	0	0.0	0.28689581925711033	0	0	0
60	1.0	5.0	[3]	{1}	1.1978570365942467	0.9330040426455523	0.9772834967343257	0.0	0	680.650875903666	180.65087590366602	1.224744871391589	3	1	2	1.4849999999999999	0.876236406927194	0	0	1
246	1.0	5.0	[3]	{1}	3.0737553044622867	2.5600772730497505	2.5742834451525836	0.0	0	329.85839270986617	170.14160729013383	0.5163977794943222	9	1	5	3.279575178129599	2.235231901722533	0	0	1
122	1.0	5.0	[2]	{1}	3.353595060203022	2.878000431877978	2.839555459387576	0.0	0	676.7493262887001	176.7493262887001	1.4288690166235207	17	7	12	9.101506737112999	1.3802692109279922	0	0	7
184	1.0	5.0	[1]	{0}	1.0157084779748455	0.8293976721375762	0.8293976721375762	0.0	0	969.2939363885672	469.2939363885672	nan	0	0	0	0.0	0.0	0	0	0
308	1.0	5.0	[1]	{2}	3.5355647371019505	3.4393398417079704	3.4393398417079704	0.0	0	966.7199130635707	466.71991306357074	0.5	7	5	6	3.8616805216185752	0.0	0	0	5
370	1.0	5.0	[2]	{2}	3.4280451700707495	2.8398156160449286	2.771959179174032	0.0	0	584.461901569739	84.46190156973898	0.6546536707079772	8	4	6	4.435847606278957	1.8613335767991617	0	0	4
432	1.0	5.0	[2]	{2}	2.4184555474966	2.0396114429330034	2.0398126978469984	0.0	0	541.0809342283756	41.080934228375554	0.4472135954999579	4	0	2	1.812161868456751	0.8354839099123148	0	0	0
494	1.0	5.0	[2]	{1}	1.0364967357855008	0.8648882266711899	0.8272626242357204	0.0	0	891.4164819288999	391.4164819288999	nan	0	0	0	0.0	0.40514102711677774	0	0	0
61	1.0	5.0	[1]	{0}	1.2673729237647482	1.1441261176582707	1.1441261176582707	0.0	0	360.6719162780792	139.3280837219208	0.4472135954999579	4	0	2	1.472	0.0	0	0	0
247	1.0	5.0	[2]	{0}	1.9888617915431446	1.621551351390362	1.5701409424897899	0.0	0	212.3023862950504	287.6976137049496	0.8660254037844387	8	4	6	4.873604772590101	0.7544060332386228	0	0	4
123	1.0	5.0	[3]	{2}	1.0807860065995745	0.9827717608777662	0.8977096367589532	0.0	0	947.9582661297172	447.95826612971723	1.3416407864998738	4	2	3	1.9031252016108484	0.8868495564851712	0	0	2
309	1.0	5.0	[1]	{1}	1.0955537996207552	0.9102138149100252	0.9102138149100252	0.0	0	752.6842155493796	252.6842155493796	1.9364916731037085	7	7	7	5.539947353351861	0.0	0	0	7
185	1.0	5.0	[2]	{0}	2.777344690588798	2.309055758044921	2.2478418215157134	0.0	0	32.59936743415892	467.4006325658411	0.0	8	0	4	1.5153974697366357	0.9901362149549939	0	0	0
371	1.0	5.0	[1]	{2}	3.794549655027841	3.411396497242058	3.411396497242058	0.0	0	50.19945837557316	449.80054162442684	0.5855400437691199	9	5	7	3.7773962086290127	0.0	0	0	5
433	1.0	5.0	[2]	{0}	3.4241991326682557	3.1748996970475583	3.2084140456727033	0.0	0	136.25384541228414	363.74615458771586	0.2182178902359924	8	6	7	3.846776917885989	1.5884511196918785	0	0	6
495	1.0	5.0	[2]	{0}	2.249619669360725	1.8441691361662513	1.7847954342042196	0.0	0	655.8183839078993	155.81838390789926	1.3416407864998738	4	2	3	1.8091816160921006	1.0410298670419074	0	0	2
