iter	recomb_rate	mut_rate	recomb_type	recomb_node	ARG_length_1	ARG_length_2	ARG_length_3	ARG_length_4	root_height_change	bp	bp_pos_deviation	rank_stat	info_sites_global	confounding_info_sites	consistent_info_sites	weighted_consistent_info_sites	rf_dist	no_neu_recurr_mut	no_adv_recurr_mut	info_sites_imbalance
248	1.0	100.0	[3]	{1}	0.707403662122755	0.6264862922070001	0.593734010293499	0.0	0	275.17735003493726	224.82264996506274	2.011012559572851	38	18	28	19.84106410020963	0.6511306356553939	0	0	18
434	1.0	100.0	[3]	{0}	2.381555610488552	1.9301258305122895	1.9126493871436625	0.0	0	805.4567992221564	305.4567992221564	2.0492169384552548	115	31	74	50.746641629558056	1.0690755588114849	0	0	33
186	1.0	100.0	[2]	{1}	1.704215021734516	1.4241288364279163	1.428064923486596	0.0	0	556.890984531492	56.890984531491995	1.083267920578793	91	15	53	36.60659751046077	0.6451438942929141	0	0	15
310	1.0	100.0	[2]	{0}	1.6093278922077137	1.2645686597762957	1.2970196608311104	0.0	0	739.4495031330734	239.44950313307345	2.034275672558103	79	19	49	29.02067136527784	0.6278790740585948	0	0	19
372	1.0	100.0	[3]	{0}	4.2052446216472585	3.324550375185251	3.5888315075847537	0.0	0	15.310356626287104	484.6896433737129	0.925030334926807	233	173	203	102.0848988288734	4.024442798790528	0	0	173
124	1.0	100.0	[1]	{0}	1.880938185524767	1.4082080308135323	1.4082080308135327	0.0	0	620.5630772747099	120.56307727470994	1.8203351536693972	30	6	18	13.675747690901161	0.0	0	0	6
496	1.0	100.0	[3]	{1}	2.6924231285781346	2.1072380524704966	2.0849444215517425	0.0	0	331.43653254956007	168.56346745043993	0.6530207010777194	149	7	78	57.0177306509912	0.6572731999339286	0	0	7
62	1.0	100.0	[1]	{1}	3.7112734591047962	2.7788978920801175	2.7788978920801175	0.0	0	414.70616962760687	85.29383037239313	2.239048461587648	36	12	24	17.696824678510428	0.0	0	0	12
0	1.0	100.0	[2]	{2}	2.3972605786353514	2.006687118814349	1.9531507992836177	0.0	0	227.0725560374558	272.9274439625442	1.6682215545346402	132	4	68	43.707208250172435	0.9506763774501891	0	0	4
435	1.0	100.0	[3]	{2}	0.9047984366853404	0.7504246689140636	0.7173818119203772	0.0	0	232.629781588912	267.370218411088	0.5603702641453221	40	2	21	12.83970628701151	0.43384853322092914	0	0	2
187	1.0	100.0	[1]	{0}	3.130532057027203	2.394097369242384	2.3940973692423837	0.0	0	36.42943874001503	463.57056125998497	0.5275043787166296	22	4	13	7.122723826140165	0.0	0	0	4
125	1.0	100.0	[1]	{2}	2.969715847483339	2.4528214951562215	2.4528214951562215	0.0	0	976.9138251431286	476.91382514312863	0.4377147391343024	132	14	73	37.903601365696645	0.0	0	0	14
249	1.0	100.0	[2]	{1}	5.318978832774319	4.3790303573675855	4.381027952556452	0.0	0	508.0153471790254	8.015347179025412	0.7808071495773311	267	21	144	106.5878643087521	1.9707598293022754	0	0	21
373	1.0	100.0	[1]	{0}	1.9366950679215762	1.9109214350013968	1.9109214350013968	0.0	0	889.4888660870492	389.48886608704925	1.6385504226330725	124	40	82	47.963779373906554	0.0	0	0	40
311	1.0	100.0	[2]	{1}	3.413854264836147	2.7715438609562826	2.913524279581441	0.0	0	794.5779685396701	294.5779685396701	2.004830862176951	208	134	172	106.91446065612884	1.6885762283859285	0	0	136
63	1.0	100.0	[2]	{0}	1.0292354635104242	0.9578666490860303	0.8839460293508191	0.0	0	963.813957758248	463.81395775824797	1.6257280919755126	73	15	44	24.512813774153585	0.5287038801944833	0	0	15
497	1.0	100.0	[2]	{0}	0.9017508084263	0.6995297160630918	0.7025760360805229	0.0	0	16.301873605698347	483.69812639430165	1.950250819989461	45	13	29	15.596754334565254	0.2579986095753693	0	0	13
1	1.0	100.0	[1]	{2}	2.7633237387679177	1.9628119560475432	1.9628119560475437	0.0	0	119.32387482374908	380.67612517625093	2.456769074559977	23	11	17	8.99556262306124	0.0	0	0	11
436	1.0	100.0	[1]	{2}	2.3247932975168095	1.828420351559192	1.828420351559192	0.0	0	574.081304948777	74.08130494877696	0.36873741057501774	102	2	52	39.03251217030734	0.0	0	0	2
188	1.0	100.0	[3]	{1}	2.978864906150398	2.5535649085335774	2.560500927176122	0.0	0	480.0613292027265	19.938670797273517	6.753489965080544	172	112	142	107.60247190086537	2.9586856349287984	0	0	112
126	1.0	100.0	[1]	{0}	1.1860299234343628	1.0637577394867423	1.0637577394867423	0.0	0	374.0569383371621	125.94306166283792	1.179630159527317	38	4	21	15.878854075057431	0.0	0	0	4
374	1.0	100.0	[1]	{1}	3.44478657097334	2.6916693921249464	2.6916693921249464	0.0	0	271.1422801949084	228.85771980509162	1.1630971718028982	22	4	13	9.857857719805093	0.0	0	0	4
250	1.0	100.0	[1]	{1}	2.0470341181833485	1.7449894304398217	1.7449894304398217	0.0	0	363.7054767459631	136.2945232540369	1.1001055367783465	153	5	79	54.55280122102796	0.0	0	0	5
64	1.0	100.0	[3]	{2}	1.4000316415684835	1.037026966363078	1.18309746060708	0.0	0	985.606707399711	485.606707399711	2.085830877322443	87	71	79	42.761070115422825	1.3653898285639736	0	0	71
312	1.0	100.0	[1]	{1}	1.2471142225131056	1.169156820472012	1.169156820472012	0.0	0	953.7931992672384	453.7931992672384	0.2805940692071166	84	30	57	29.45837404030189	0.0	0	0	30
498	1.0	100.0	[1]	{2}	1.3563988168517773	1.107989109797405	1.107989109797405	0.0	0	305.61076663434505	194.38923336565495	0.2980810697552627	43	5	24	17.737107666343455	0.0	0	0	5
2	1.0	100.0	[1]	{0}	1.5750965262039052	1.4334894473414368	1.433489447341437	0.0	0	965.1569586712868	465.1569586712868	0.8727026453040825	75	3	39	18.978192529162385	0.0	0	0	3
375	1.0	100.0	[3]	{1}	1.0213036595761964	0.8116232670379248	0.8444240935088448	0.0	0	378.7451304960996	121.25486950390041	3.744550407460246	67	43	55	39.53558930637129	0.898082206815839	0	0	43
437	1.0	100.0	[1]	{0}	1.9459061596606149	1.6955234473868375	1.6955234473868375	0.0	0	237.29204293340445	262.70795706659555	0.04000918835018251	105	15	60	38.63643397493661	0.0	0	0	15
127	1.0	100.0	[1]	{0}	2.9201050328381486	2.027442814444492	2.027442814444492	0.0	0	787.6959932036698	287.6959932036698	0.2449489742783178	9	1	5	3.1729120203889902	0.0	0	0	1
189	1.0	100.0	[2]	{2}	1.749337749602287	1.4138349933392877	1.421564880874075	0.0	0	237.33588913455608	262.66411086544394	1.0563070203729163	108	34	70	45.0714662349969	0.5763247982642916	0	0	32
251	1.0	100.0	[3]	{1}	2.9426872849503996	2.634442078723043	2.6329487356184025	0.0	0	509.6235878299922	9.623587829992175	9.13720106757105	186	134	161	118.54185946612994	3.562641472755636	0	0	136
65	1.0	100.0	[2]	{0}	1.6173675851637923	1.3285919149759495	1.352325815924679	0.0	0	111.06803198345006	388.93196801654994	0.38098511992504114	92	46	69	39.504286014957344	0.6046652945070592	0	0	46
313	1.0	100.0	[2]	{1}	2.211665152579309	1.7833813346675957	1.778956119347865	0.0	0	591.2697955500335	91.26979555003345	1.1982743394615294	132	0	67	47.54593838244864	0.7216085351967645	0	0	2
499	1.0	100.0	[3]	{1}	2.108822229310714	1.5725741907188597	1.5969650271558002	0.0	0	42.81021258793771	457.1897874120623	0.7776855398310111	106	16	61	35.40894126716069	0.17613631923245954	0	0	16
3	1.0	100.0	[1]	{2}	3.496343970798903	2.703024414571371	2.70302441457137	0.0	0	596.2056061252952	96.20560612529516	0.17786577366302017	94	0	47	34.49797196937352	0.0	0	0	0
438	1.0	100.0	[3]	{2}	1.2587844624110314	1.1434065930882449	1.0999735966000554	0.0	0	242.28394590318203	257.71605409681797	2.515925881447161	94	44	69	47.15493810661139	1.41561242473863	0	0	44
190	1.0	100.0	[3]	{0}	1.5603403922417578	1.4210641020247206	1.422554536141086	0.0	0	385.7556618750096	114.2443381249904	7.14460109777701	133	101	118	88.66869250375036	2.03143995739639	0	0	103
376	1.0	100.0	[1]	{0}	2.73658720570205	1.9413171661226711	1.941317166122671	0.0	0	459.34236980974674	40.65763019025326	1.221598770392483	56	8	32	24.54305421885849	0.0	0	0	8
128	1.0	100.0	[3]	{1}	2.1504244654337175	1.9546627622450967	1.9604118392392966	0.0	0	4.318894119933248	495.68110588006675	0.5378705553570957	153	125	139	74.53832628267071	2.7923462592878368	0	0	125
252	1.0	100.0	[1]	{0}	5.234472395150268	4.463850218995732	4.463850218995732	0.0	0	410.811229608953	89.188770391047	0.7411390539851596	259	17	138	103.52076574636996	0.0	0	0	17
66	1.0	100.0	[2]	{0}	2.4632617894030595	1.8865000185025158	1.893256252890056	0.0	0	782.5786368921399	282.5786368921399	1.0330808261246618	118	16	67	45.179747708775125	0.6855345767403844	0	0	16
314	1.0	100.0	[2]	{0}	1.6648271747730625	1.3705951623939971	1.4257131134300938	0.0	0	161.71110328286886	338.28889671713114	1.6413078330145543	103	51	77	50.22306612651797	0.7562311255461758	0	0	51
4	1.0	100.0	[2]	{1}	2.9907096477635777	2.246047557871351	2.5097404223882385	0.0	0	44.11843349225819	455.8815665077418	0.670978193563058	170	116	143	80.3999885214549	1.5928096539840464	0	0	116
439	1.0	100.0	[2]	{2}	1.6511454082367394	1.4615054134488428	1.366379736800732	0.0	0	61.144285602495074	438.8557143975049	0.7147474539145076	89	23	57	32.62193570813724	0.7575654649582337	0	0	25
377	1.0	100.0	[1]	{1}	4.669905391724896	4.1426517619582395	4.1426517619582395	0.0	0	674.427654594183	174.42765459418297	0.0	7	1	4	2.921144690811634	0.0	0	0	1
129	1.0	100.0	[1]	{0}	2.5393808315998676	2.034879746744034	2.034879746744034	0.0	0	880.7119021657854	380.71190216578543	0.14484136487558028	12	6	9	4.925592880507931	0.0	0	0	6
191	1.0	100.0	[1]	{0}	1.5068672135357577	1.3550605695462234	1.3550605695462234	0.0	0	990.0191167835146	490.0191167835146	0.06560418166347888	89	43	66	31.598738292288036	0.0	0	0	43
253	1.0	100.0	[2]	{1}	2.03598046457832	1.5397233548349625	1.5579420194266211	0.0	0	700.8090016897768	200.80900168977678	0.9868599497199112	92	26	59	40.28906693747825	0.6306781213075002	0	0	26
315	1.0	100.0	[3]	{0}	3.3337829044207163	2.899991777689502	2.782354495392334	0.0	0	627.5543675292283	127.55436752922833	6.783819109689102	180	98	139	106.25344563247079	3.1783906286112424	0	0	98
67	1.0	100.0	[2]	{0}	3.716761196800793	2.7906830269772485	3.038459445055255	0.0	0	833.4855844732374	333.4855844732374	2.5320770164590245	171	93	132	81.9685857079439	1.923068737715325	0	0	93
5	1.0	100.0	[2]	{1}	2.763676438662614	2.3792265432190347	2.3872800180756872	0.0	0	303.5621168091893	196.43788319081068	2.5710382441547077	190	26	108	74.09496321368216	1.0464393636022224	0	0	26
378	1.0	100.0	[1]	{1}	5.102275028822607	3.6761350599356937	3.6761350599356937	0.0	0	94.79345381259918	405.2065461874008	1.2247448713915892	11	5	8	3.929347630500794	0.0	0	0	5
130	1.0	100.0	[1]	{0}	4.403536573611547	3.8761927506017884	3.8761927506017884	0.0	0	200.7264499552548	299.2735500447452	0.509721579021352	138	14	76	53.63269929847866	0.0	0	0	14
440	1.0	100.0	[2]	{0}	2.1394036326129617	1.9180139960695717	1.8438456489004518	0.0	0	666.3089573848993	166.30895738489926	3.2783169792330535	144	18	81	63.19334184939228	1.2201110753412592	0	0	18
192	1.0	100.0	[2]	{1}	1.2891381621311997	1.0824314726789912	1.0754147571710284	0.0	0	676.2643801048398	176.2643801048398	0.38620856298896095	91	7	49	31.723160415701564	0.47065358002673874	0	0	7
316	1.0	100.0	[3]	{0}	1.1187038054166036	1.0013192243655702	1.0227210311585093	0.0	0	206.96049672551453	293.03950327448547	6.192409306106474	94	80	87	60.1923803657461	1.542579279281155	0	0	80
254	1.0	100.0	[1]	{0}	0.7613841691516579	0.548494410435368	0.548494410435368	0.0	0	56.249285815283656	443.75071418471634	2.345207879911715	10	0	5	2.207747857445851	0.0	0	0	0
68	1.0	100.0	[3]	{2}	3.1709973893256236	2.705308566244456	2.6437009044130915	0.0	0	602.8818651102483	102.88186511024833	6.291552929235382	189	107	148	113.95847253955901	2.7224423488754064	0	0	107
6	1.0	100.0	[2]	{0}	2.8907940772128358	2.795226228197239	2.802377274490073	0.0	0	219.62288697250187	280.3771130274981	0.08412684674574099	223	109	166	100.18815346349032	1.3824853358385594	0	0	109
379	1.0	100.0	[1]	{2}	1.0309056634060252	0.8222541933328744	0.8222541933328744	0.0	0	898.8047642633319	398.8047642633319	0.0	5	3	4	1.5367809429466726	0.0	0	0	3
441	1.0	100.0	[3]	{2}	1.9290689575236901	1.6139252031090057	1.5992987906636076	0.0	0	583.4044825751334	83.40448257513344	4.571518792161523	105	51	78	59.703191034849716	1.3953438025725668	0	0	51
131	1.0	100.0	[1]	{1}	2.849178680161107	2.4050246235912462	2.4050246235912462	0.0	0	573.283588513732	73.28358851373196	0.6735753140545634	17	1	9	6.531149234458804	0.0	0	0	1
193	1.0	100.0	[1]	{0}	4.22597683664314	4.064267240589904	4.064267240589904	0.0	0	328.83350434713066	171.16649565286934	0.994888746260202	246	30	138	97.25034940863029	0.0	0	0	30
317	1.0	100.0	[3]	{2}	3.7321532687972336	3.255218572629774	3.3099005558903443	0.0	0	628.945583710447	128.94558371044695	8.418586221269557	220	174	197	143.9085165520329	4.510355063711153	0	0	174
255	1.0	100.0	[1]	{2}	2.8286235537967093	2.260494320459401	2.260494320459401	0.0	0	487.76342114433646	12.236578855663538	0.0	9	1	5	3.425763421144336	0.0	0	0	1
69	1.0	100.0	[1]	{0}	0.9298211304432105	0.6596581227384577	0.6596581227384577	0.0	0	715.4189576394856	215.4189576394856	0.05439282932204212	25	1	13	9.2960672965236	0.0	0	0	1
7	1.0	100.0	[3]	{2}	3.425542009881906	2.7841832025916626	2.784355499228822	0.0	0	415.5221641995013	84.47783580049872	1.8947332676352717	174	42	109	81.47874380619454	1.7236314829665638	0	0	44
442	1.0	100.0	[1]	{0}	3.248782507385892	2.424549452054262	2.424549452054262	0.0	0	564.1876859590411	64.18768595904112	0.637947289504428	83	1	42	31.794249256163837	0.0	0	0	1
132	1.0	100.0	[1]	{1}	3.203829513112935	2.232440898975362	2.232440898975362	0.0	0	664.165647700429	164.16564770042896	0.4095141796739611	22	4	13	7.936840466096998	0.0	0	0	4
380	1.0	100.0	[2]	{2}	2.2074461524473454	2.016289289930999	2.0034127306265814	0.0	0	544.6970597840846	44.69705978408456	1.1554483143246748	143	5	74	55.80520581511407	1.1877748073552439	0	0	5
194	1.0	100.0	[1]	{0}	2.77335854022359	2.1839463955348335	2.1839463955348335	0.0	0	653.9703202433884	153.97032024338841	0.9405850473378651	139	3	71	53.22074199391528	0.0	0	0	3
318	1.0	100.0	[1]	{0}	2.6677986266249416	2.1116381546112284	2.1116381546112284	0.0	0	40.29055149294436	459.70944850705564	1.0773894731283025	100	14	57	36.216818126140154	0.0	0	0	14
256	1.0	100.0	[1]	{1}	5.3692777663555225	5.0746668396521555	5.0746668396521555	0.0	0	761.790587566793	261.79058756679296	0.44468664690487847	285	69	176	114.95715539038176	0.0	0	0	67
70	1.0	100.0	[1]	{0}	2.2815301497738667	1.6524820876724533	1.6524820876724533	0.0	0	568.4174911584705	68.41749115847051	0.5629262517526437	56	2	29	20.828407597256824	0.0	0	0	2
8	1.0	100.0	[3]	{0}	0.7539996202235366	0.6437733745972813	0.637144976861527	0.0	0	45.307738706469536	454.69226129353046	1.2947859237091257	50	28	39	20.22438633213937	0.5877398603176833	0	0	28
381	1.0	100.0	[3]	{2}	3.2100919284299234	2.8914295600968924	2.83902076690548	0.0	0	280.49082588404417	219.50917411595583	7.72365942803456	216	142	179	129.118885334231	3.690369019472315	0	0	142
443	1.0	100.0	[1]	{2}	3.8048802248002476	2.924680690492356	2.924680690492356	0.0	0	805.8145511895418	305.8145511895418	0.9429433987815548	105	13	59	38.95086160598695	0.0	0	0	13
133	1.0	100.0	[2]	{0}	0.8143736936763958	0.6607491442434068	0.6695189325348072	0.0	0	255.91666111722589	244.08333888277411	0.9781669751270669	55	23	39	25.49674985016509	0.2982615691736126	0	0	23
319	1.0	100.0	[2]	{1}	0.542517203453611	0.442021257104594	0.4531586372036918	0.0	0	937.8214415628464	437.8214415628464	1.1333333333333333	39	17	28	15.304642519365993	0.2073382142452488	0	0	17
195	1.0	100.0	[1]	{2}	2.324977823814974	1.7267736066948702	1.7267736066948705	0.0	0	843.9347979146987	343.9347979146987	0.5516496209708698	36	2	19	12.232326010426505	0.0	0	0	2
257	1.0	100.0	[3]	{2}	3.1059690980255388	2.303878195601282	2.5023275778681784	0.0	0	64.48943121358752	435.5105687864125	1.8714358466283743	150	94	122	65.59179515834896	1.8384766809027895	0	0	94
71	1.0	100.0	[1]	{1}	1.9033975662393703	1.5456235322970548	1.5456235322970546	0.0	0	664.0711813233793	164.07118132337928	0.4660413824283704	25	7	16	10.871430549412967	0.0	0	0	7
9	1.0	100.0	[3]	{1}	2.7914617796310246	2.3441604822659543	2.3715876209565736	0.0	0	428.866753121838	71.13324687816203	6.666235389447025	156	104	129	95.82186934677695	2.609504404564135	0	0	102
382	1.0	100.0	[3]	{0}	0.719756168723222	0.6357790036591099	0.6014824912556488	0.0	0	895.3168054576963	395.3168054576963	0.9707684092242732	39	13	26	15.511663890846071	0.5800799488514293	0	0	13
134	1.0	100.0	[1]	{2}	3.761671402084733	2.6837840390959515	2.6837840390959515	0.0	0	129.39590495079756	370.60409504920244	1.4696938456699067	9	1	5	2.8059795247539876	0.0	0	0	1
444	1.0	100.0	[2]	{2}	2.226700681278924	1.7003996372282275	1.7263913953140908	0.0	0	278.80597044713795	221.19402955286205	1.1358602781278035	104	32	68	47.704626876991234	0.7305476534666714	0	0	32
258	1.0	100.0	[3]	{2}	2.1593815851676954	1.995703277532054	1.9584854210410954	0.0	0	325.4819770809263	174.5180229190737	6.583947453886458	164	108	136	98.60513489988449	2.924854676282343	0	0	108
320	1.0	100.0	[1]	{2}	1.4620024693644078	1.1030844087566722	1.1030844087566722	0.0	0	350.23179883137345	149.76820116862655	0.4898979485566356	9	1	5	3.8032317988313733	0.0	0	0	1
72	1.0	100.0	[3]	{2}	2.5911818890950222	2.2919911743282118	2.3410614012840965	0.0	0	296.6716925147921	203.32830748520792	7.196541515909555	181	135	158	110.83639201615384	3.4227348258765287	0	0	135
196	1.0	100.0	[1]	{1}	2.0927717839155213	1.7800083017043906	1.7800083017043906	0.0	0	965.82484501414	465.82484501414	0.8419395448809197	125	43	84	41.07571301881222	0.0	0	0	43
10	1.0	100.0	[3]	{0}	2.9176749508418767	2.340074943344127	2.31458783163749	0.0	0	583.8138493709266	83.81384937092662	1.6086649248474398	132	26	79	60.81279225943611	1.3147448361785197	0	0	26
383	1.0	100.0	[1]	{2}	2.582475026339959	2.1590560175376208	2.1590560175376208	0.0	0	715.2657404076308	215.2657404076308	0.08245437641525487	83	5	44	31.17568519184739	0.0	0	0	5
445	1.0	100.0	[1]	{1}	2.4659717124453273	1.8862239052290792	1.8862239052290792	0.0	0	701.304882299155	201.304882299155	0.0	12	0	6	4.20239023540169	0.0	0	0	0
135	1.0	100.0	[2]	{1}	6.04307297169972	5.254606761897595	5.29697364162058	0.0	0	716.4508113637567	216.45081136375666	0.4138019573384466	335	123	229	149.73938691588492	2.4711716021146772	0	0	123
259	1.0	100.0	[1]	{2}	1.2760087033561605	0.8949672577514369	0.8949672577514369	0.0	0	737.2191906906664	237.21919069066644	1.7091281055318472	24	6	15	8.65658890240267	0.0	0	0	6
321	1.0	100.0	[1]	{1}	2.595483276482088	2.1021913082066486	2.102191308206648	0.0	0	516.5602150373161	16.560215037316084	0.7068454221751479	40	4	22	17.22612043007463	0.0	0	0	4
197	1.0	100.0	[1]	{1}	1.5623388696295692	1.3048163388925529	1.3048163388925529	0.0	0	692.2361950855702	192.23619508557022	1.1914581447187091	90	12	51	36.26440185405872	0.0	0	0	12
73	1.0	100.0	[1]	{1}	5.2989206222283824	5.034899588409263	5.034899588409263	0.0	0	852.9979002196342	352.9979002196342	1.2294530283590823	173	25	98	59.15313858550415	0.0	0	0	23
11	1.0	100.0	[3]	{1}	2.396699314785069	2.2090296507498146	2.2216751563093897	0.0	0	435.5170857161284	64.4829142838716	8.110246309021123	163	121	142	103.58654674291608	3.5893116590686143	0	0	121
384	1.0	100.0	[3]	{2}	2.5049752309384172	2.2620638906838946	2.2620407341962148	0.0	0	500.11339830234647	0.11339830234646797	7.6052899018915125	157	113	135	101.05511339830237	3.2706793763792033	0	0	113
446	1.0	100.0	[3]	{2}	1.6109454383335249	1.3760230638575075	1.3451152436053342	0.0	0	125.13030809350312	374.8696919064969	3.7514122353513653	93	37	65	40.4280820156466	1.1776988230812058	0	0	37
260	1.0	100.0	[3]	{0}	3.480031204781741	2.456196302636811	2.825140531908519	0.0	0	997.0113465096802	497.01134650968015	0.6833373946001816	178	148	163	81.12015051892215	2.4632625929106657	0	0	148
322	1.0	100.0	[3]	{2}	1.8048125450716284	1.4028698347385773	1.4001760514378185	0.0	0	788.6136705055833	288.6136705055833	3.6691326890835874	91	33	62	41.50395393089949	0.3818666674301392	0	0	33
198	1.0	100.0	[3]	{1}	1.519086252538129	1.4583617308383425	1.4163505824954414	0.0	0	164.14666874334216	335.85333125665784	3.7161481691183895	117	81	99	63.68794679334387	2.34137492690952	0	0	81
74	1.0	100.0	[1]	{0}	2.6618638008656728	1.998826808067531	1.9988268080675313	0.0	0	134.5285417046398	365.4714582953602	0.792593923901217	17	9	13	7.5828139587510375	0.0	0	0	9
12	1.0	100.0	[1]	{1}	2.0195757986243277	1.4665246897125481	1.4665246897125483	0.0	0	163.43865497037768	336.5613450296223	0.19872071317017515	43	9	26	16.461895789466798	0.0	0	0	9
136	1.0	100.0	[1]	{1}	2.5780881403527625	2.201691606866518	2.201691606866518	0.0	0	978.3518291078508	478.3518291078508	1.332352182293532	27	7	17	7.351722563382239	0.0	0	0	7
385	1.0	100.0	[3]	{2}	1.9296703136482933	1.5344910343239913	1.565227299867348	0.0	0	350.62632453627884	149.37367546372116	2.7147686900079866	118	50	84	61.53305298145115	1.1495641360617963	0	0	50
323	1.0	100.0	[2]	{2}	0.5692367658861046	0.5222885286625307	0.5097356109010731	0.0	0	809.1060533188283	309.10605331882834	0.4891159880445185	37	17	27	15.505136560391637	0.26572761920296295	0	0	17
447	1.0	100.0	[2]	{0}	3.0219325912192687	2.770652274320336	2.751889310304529	0.0	0	614.6265992429107	114.62659924291074	1.4758287550509603	229	37	133	93.76894108706526	1.4046107114400945	0	0	37
261	1.0	100.0	[2]	{1}	1.819033715189861	1.4288734431043888	1.5269087662254799	0.0	0	694.2871364299208	194.2871364299208	5.541240941392872	137	93	115	77.84289049489608	1.1219817899912856	0	0	93
75	1.0	100.0	[3]	{2}	2.1700075001282584	1.7667690089888541	1.7556787891312102	0.0	0	722.9597044643015	222.95970446430147	3.8372850307601905	121	63	93	67.50816857053529	1.0751262279504792	0	0	65
199	1.0	100.0	[1]	{2}	1.5072732988315196	1.1627852174268631	1.1627852174268631	0.0	0	467.9002405609936	32.09975943900639	0.18862329556044632	67	5	36	28.319199518878012	0.0	0	0	5
137	1.0	100.0	[1]	{0}	2.775022925786825	2.2215591828948087	2.2215591828948087	0.0	0	823.8387270830572	323.83872708305717	1.0	2	0	1	0.19216127291694285	0.0	0	0	0
13	1.0	100.0	[2]	{0}	2.1220782270604746	1.8039237910709573	1.8649059069059146	0.0	0	967.5205743405968	467.5205743405968	1.6388293861304215	126	86	107	53.53933969423732	0.934304081447904	0	0	88
386	1.0	100.0	[3]	{1}	2.097779625324704	1.9316762329677806	1.9242797868008537	0.0	0	546.7267646454275	46.726764645427465	8.10930143395134	155	117	136	102.88545352929086	2.9658519675776525	0	0	117
448	1.0	100.0	[3]	{2}	0.9287069971007277	0.7345932399637282	0.7346250025138895	0.0	0	512.110190000385	12.110190000385046	1.126612043707262	46	10	28	21.30355923999846	0.30738083286837875	0	0	10
324	1.0	100.0	[3]	{1}	2.4979911454895105	1.9080843234736866	1.923037979242502	0.0	0	805.0895198248327	305.0895198248327	0.2996378167043856	131	3	67	45.37415064753222	0.44537095459211684	0	0	3
262	1.0	100.0	[1]	{0}	1.6680200564042706	1.2650722404842405	1.2650722404842405	0.0	0	820.5596483312547	320.5596483312547	0.0659380473395787	22	2	12	6.2442842200249435	0.0	0	0	2
200	1.0	100.0	[1]	{0}	0.7596288411277438	0.6534203103194092	0.6534203103194092	0.0	0	851.1657337658107	351.1657337658107	1.1710800875382399	9	3	6	3.8120055974051352	0.0	0	0	3
76	1.0	100.0	[2]	{0}	0.9890976447558717	0.7397406991343825	0.7813194736618447	0.0	0	988.4833516553044	488.48335165530443	0.6237951349364392	59	7	33	16.38501609868556	0.37188875077812084	0	0	7
138	1.0	100.0	[1]	{0}	4.68188607225344	3.9891356014768364	3.9891356014768364	0.0	0	104.37673632986844	395.62326367013156	0.5747304676217398	213	1	108	67.22663196107	0.0	0	0	3
14	1.0	100.0	[2]	{0}	2.9025109098529893	2.6455446381480683	2.6441307131562795	0.0	0	417.5089017953724	82.49109820462758	0.6473127214491415	203	43	122	86.31196139390023	1.2100155924302274	0	0	41
387	1.0	100.0	[2]	{2}	1.640804420020459	1.256655259812228	1.2927509718461418	0.0	0	351.07546183280647	148.92453816719353	2.7050810725692647	84	28	56	39.46696200765296	0.7147246152590072	0	0	28
325	1.0	100.0	[3]	{0}	3.596584421366779	2.586210915807606	2.897434210058125	0.0	0	69.18918481096625	430.81081518903375	2.1017475588209877	176	118	147	84.50078321023663	2.3223800613134173	0	0	118
263	1.0	100.0	[3]	{0}	1.691537121237475	1.3017424771447024	1.299266143663865	0.0	0	476.7253790050745	23.2746209949255	1.2666053412348133	102	12	57	43.498373104974625	0.35130271858095785	0	0	12
449	1.0	100.0	[1]	{0}	3.0949370364494886	3.011788295335276	3.011788295335276	0.0	0	442.4339821562171	57.5660178437829	1.3030548727343958	131	7	69	51.09730194646865	0.0	0	0	7
201	1.0	100.0	[3]	{0}	2.0346122496299306	1.8271320759269212	1.7834548599865039	0.0	0	319.9135612230748	180.0864387769252	5.675283525193688	124	78	101	75.07670341834607	2.302500112862055	0	0	78
15	1.0	100.0	[1]	{2}	4.7372307064234915	3.3717512812479473	3.3717512812479473	0.0	0	466.4455526508391	33.55444734916091	0.1873171623163388	18	2	10	6.711673315905034	0.0	0	0	2
388	1.0	100.0	[1]	{2}	0.6095498290833234	0.5419338167891772	0.5419338167891772	0.0	0	359.26098260097206	140.73901739902794	1.1889928271927075	33	5	19	15.086173121793193	0.0	0	0	5
326	1.0	100.0	[1]	{2}	2.0831134065186268	1.6118981407707307	1.6118981407707307	0.0	0	246.57822400331497	253.42177599668503	0.9258200997725514	6	2	4	2.0733128960132596	0.0	0	0	2
450	1.0	100.0	[1]	{2}	1.305359337330015	0.9573317310034994	0.9573317310034994	0.0	0	306.48485012352467	193.51514987647533	1.2344267996967353	20	2	11	7.358424250617622	0.0	0	0	2
264	1.0	100.0	[1]	{0}	3.1090815090673205	2.890106166368451	2.890106166368451	0.0	0	919.9126998428256	419.91269984282565	2.187044034244169	80	4	42	22.50131740597262	0.0	0	0	4
265	1.0	100.0	[3]	{2}	1.7326548115483555	1.4731687173759809	1.4589240664910104	0.0	0	675.3637448418885	175.36374484188855	4.177752776468695	115	65	90	63.54017769600823	1.3566928294638172	0	0	65
77	1.0	100.0	[1]	{0}	5.6017168526181536	4.72135140596658	4.72135140596658	0.0	0	778.0621126294136	278.0621126294136	1.760446975548826	21	1	11	8.625565211594104	0.0	0	0	1
139	1.0	100.0	[2]	{2}	0.6598156140700576	0.5568613559353046	0.558277626701406	0.0	0	461.8944302201271	38.105569779872894	1.5100239778868094	28	12	20	14.857310883522032	0.26553684732881117	0	0	12
202	1.0	100.0	[1]	{1}	8.300578946536525	5.69201334104302	5.69201334104302	0.0	0	804.4605948962271	304.4605948962271	1.4602489966875964	36	14	25	16.800012266349047	0.0	0	0	14
78	1.0	100.0	[2]	{2}	4.451548848516726	4.080651539788908	3.9777455622571916	0.0	0	934.32549177669	434.32549177669	0.679352335552669	260	162	211	113.21097221867177	1.988903990157149	0	0	162
16	1.0	100.0	[1]	{0}	1.312909863958452	0.9813407063960237	0.9813407063960238	0.0	0	741.0797937773168	241.0797937773168	0.2303031002328467	52	4	28	18.572563712008296	0.0	0	0	4
140	1.0	100.0	[1]	{0}	3.568350455249215	3.124886855189123	3.124886855189123	0.0	0	238.0700237117708	261.9299762882292	0.75104094428999	31	1	16	11.07084028454125	0.0	0	0	1
389	1.0	100.0	[1]	{2}	3.651941420318957	2.969562042485128	2.969562042485128	0.0	0	114.24298700876534	385.75701299123466	0.36324330875800875	64	4	35	20.539560649236673	0.0	0	0	6
327	1.0	100.0	[2]	{1}	1.1932522575472742	1.0100202397192344	0.9987988001232568	0.0	0	766.5277277119458	266.5277277119458	2.0796483471073475	84	36	60	39.42333633728326	0.44427500603843395	0	0	36
451	1.0	100.0	[1]	{2}	3.2955673215008163	2.8984635877305314	2.8984635877305314	0.0	0	684.4476191326976	184.44761913269758	1.3610729697642552	201	39	120	80.39844761019948	0.0	0	0	39
203	1.0	100.0	[3]	{0}	1.1926236431408723	0.8839005348096352	0.944173469174417	0.0	0	907.0958415977656	407.09584159776557	1.0028179117748075	72	48	60	33.97201623691619	0.5457017777254806	0	0	48
141	1.0	100.0	[3]	{1}	1.6397318778767511	1.3654344369288398	1.3573791958685617	0.0	0	843.3231806848198	343.3231806848198	1.5622669317698863	89	37	63	41.284164146443835	1.0441048606610308	0	0	37
17	1.0	100.0	[1]	{1}	1.5011346983147842	1.0841430543002013	1.084143054300201	0.0	0	818.4419036842883	318.44190368428826	1.067575489336333	27	7	17	11.82790667420998	0.0	0	0	7
79	1.0	100.0	[1]	{1}	2.1141790163896497	1.9789189510975598	1.9789189510975596	0.0	0	715.6280661001801	215.62806610018015	1.3634265572863817	142	56	99	62.79910211708398	0.0	0	0	56
266	1.0	100.0	[1]	{0}	1.17523165069256	0.8440960547630487	0.8440960547630487	0.0	0	240.34739192575216	259.65260807424784	0.0	7	1	4	2.4193895677030084	0.0	0	0	1
390	1.0	100.0	[1]	{0}	3.742346404309739	3.2715545600776657	3.271554560077666	0.0	0	134.3051316216588	365.6948683783412	1.8895180967037328	37	9	23	14.195966711081564	0.0	0	0	9
328	1.0	100.0	[1]	{1}	2.7828650286814893	2.1699286205579744	2.1699286205579744	0.0	0	943.0789439938962	443.07894399389625	2.350048355401921	31	11	21	10.457342176128178	0.0	0	0	11
452	1.0	100.0	[1]	{1}	3.2339375695824955	2.6359226795353154	2.6359226795353154	0.0	0	67.8612778428942	432.1387221571058	0.8178329101049119	147	7	77	39.632150726845474	0.0	0	0	7
204	1.0	100.0	[1]	{2}	1.5525337027755999	1.1368484468372215	1.1368484468372215	0.0	0	324.9932914040983	175.00670859590173	0.680336051416609	34	10	22	14.577892662465574	0.0	0	0	10
142	1.0	100.0	[2]	{1}	2.2670741580576244	1.8766445890684187	1.874186755440494	0.0	0	473.61139534041286	26.388604659587145	1.2823805157279318	142	14	78	57.17876697706429	0.8337896381349428	0	0	14
18	1.0	100.0	[3]	{1}	2.8405038577999546	2.6422610874462658	2.6495484179777344	0.0	0	701.0814910754561	201.08149107545614	9.079598478826252	201	173	187	125.98342132998259	4.189604879804499	0	0	173
80	1.0	100.0	[1]	{2}	4.477553643674447	4.314469174476834	4.314469174476834	0.0	0	487.0861480012536	12.913851998746395	0.3553345272593507	21	1	11	8.14274155599624	0.0	0	0	1
267	1.0	100.0	[2]	{2}	1.2688212291072354	1.1835817303423004	1.184132010526183	0.0	0	835.3953680489212	335.3953680489212	0.6267744356247987	113	67	90	50.95657981998846	0.5513620870384068	0	0	67
391	1.0	100.0	[2]	{0}	1.4876123043588267	1.2257113812369465	1.1725890762599172	0.0	0	82.89025630801916	417.10974369198084	1.0304196746386167	74	4	39	25.332378458164623	0.5561410253485913	0	0	4
329	1.0	100.0	[2]	{1}	1.5423683497449625	1.2344026577242178	1.2445084151018786	0.0	0	438.2381783798337	61.7618216201663	2.8618870912418966	78	24	51	37.78109631893784	0.6369489053147465	0	0	24
453	1.0	100.0	[1]	{1}	2.336974499054196	1.7220596532614718	1.7220596532614718	0.0	0	201.87456137500703	298.12543862499297	0.9129440729540229	71	11	41	28.119864034375173	0.0	0	0	11
205	1.0	100.0	[2]	{2}	3.591338664733199	2.9997488515726443	3.0539908947630123	0.0	0	424.698201706633	75.30179829336703	6.894665426009901	214	100	156	113.39085613653062	1.9786502188123913	0	0	98
19	1.0	100.0	[3]	{1}	1.5409337741699058	1.2333238717121349	1.2556373145333533	0.0	0	682.3625073302537	182.36250733025372	2.553733333754335	88	36	62	46.03884979475289	0.921853493698861	0	0	36
81	1.0	100.0	[2]	{1}	2.3583585627234127	2.0363688668776563	1.8734827795711273	0.0	0	60.010694433003664	439.98930556699634	0.33825959288104473	128	14	71	38.305737915877266	1.06450814919889	0	0	14
143	1.0	100.0	[2]	{0}	1.3868259072647586	1.12527554403885	1.1341620438919162	0.0	0	788.4776876308024	288.4776876308024	0.2645360014558559	83	15	49	30.6353701823987	0.47155389851368285	0	0	15
330	1.0	100.0	[1]	{2}	3.2811023684862453	2.854700544200388	2.854700544200388	0.0	0	823.636463843286	323.63646384328604	1.1874586422605646	46	4	25	18.14718011466414	0.0	0	0	4
392	1.0	100.0	[1]	{1}	3.3511119665862283	2.476440015473057	2.476440015473057	0.0	0	169.78953778743744	330.21046221256256	0.9109802728222299	57	1	29	18.567422142386437	0.0	0	0	1
268	1.0	100.0	[2]	{1}	0.9025232101153625	0.7931494490407943	0.7678488953102496	0.0	0	326.58486417494714	173.41513582505286	1.0634712359751815	62	0	31	20.520791332723572	0.4624831695838216	0	0	0
454	1.0	100.0	[2]	{1}	1.614973425991862	1.2719942376940088	1.255300197176925	0.0	0	850.6118182558566	350.61181825585663	1.6413111950585089	71	3	37	20.923809997556734	0.49542751099882715	0	0	3
206	1.0	100.0	[2]	{1}	1.8060043005646942	1.5216014195428782	1.5913299407515902	0.0	0	179.86664245836437	320.13335754163563	0.6533739717019241	125	65	95	57.73693132404425	0.9061386482447975	0	0	65
20	1.0	100.0	[1]	{2}	1.7897666697507604	1.6903471511603172	1.6903471511603172	0.0	0	189.57299832254648	310.4270016774535	0.9306631324673101	25	1	13	8.128864991612732	0.0	0	0	1
144	1.0	100.0	[1]	{0}	0.6111975277044577	0.49338817580382155	0.49338817580382155	0.0	0	544.2146507557482	44.21465075574815	0.08247860988423225	20	4	12	9.38371209546551	0.0	0	0	4
82	1.0	100.0	[2]	{0}	0.5595452637204366	0.5162900540028725	0.4770403760262851	0.0	0	882.6002122368664	382.60021223686635	0.7307981486470351	34	10	22	12.785795330788941	0.29985440439585287	0	0	10
269	1.0	100.0	[3]	{1}	2.2707656287717572	2.1582976961281535	2.1339121310598097	0.0	0	806.6812041215599	306.68120412155986	6.546113976026884	170	134	152	101.86841644554583	3.5262176534511918	0	0	134
331	1.0	100.0	[1]	{0}	4.565980836140755	3.699134302154329	3.699134302154329	0.0	0	659.252742305398	159.252742305398	0.6199304198780667	29	3	16	11.771483546167612	0.0	0	0	3
393	1.0	100.0	[1]	{0}	5.6118352315749105	4.10301746938455	4.10301746938455	0.0	0	803.4496633335948	303.4496633335948	0.9699487505696438	51	15	33	22.230456396661694	0.0	0	0	15
455	1.0	100.0	[3]	{2}	4.539822181426487	4.021701389573651	4.032774930857932	0.0	0	519.805780146271	19.80578014627099	10.34423624150163	248	182	215	156.47357457429533	5.582372902076086	0	0	182
207	1.0	100.0	[1]	{0}	2.155380465877755	1.627169481579974	1.627169481579974	0.0	0	494.3199460394681	5.680053960531893	1.3816985594155147	27	9	18	13.171360107921064	0.0	0	0	9
21	1.0	100.0	[3]	{1}	5.548370856556949	4.486034902338789	4.486585626657321	0.0	0	416.5588258765638	83.44117412343621	4.741101019589517	255	103	179	137.05479412938283	2.609060024553746	0	0	103
83	1.0	100.0	[1]	{2}	1.1789611438508742	1.0118643253195452	1.0118643253195452	0.0	0	961.320232367143	461.32023236714303	0.4629100498862757	15	1	8	4.927078605797142	0.0	0	0	1
145	1.0	100.0	[1]	{1}	3.6568623890901533	3.4355126295905896	3.4355126295905896	0.0	0	74.6355950832367	425.3644049167633	1.7008401285415224	11	3	7	4.129449165582657	0.0	0	0	3
270	1.0	100.0	[1]	{1}	7.6626804536176465	5.245487912280559	5.245487912280561	0.0	0	445.73709508404136	54.26290491595864	0.909154827298409	31	7	19	14.076685475420208	0.0	0	0	7
456	1.0	100.0	[3]	{1}	0.9540203366012248	0.8788507143132407	0.8802166018685649	0.0	0	341.57413919456303	158.42586080543697	4.853297723432031	71	59	65	44.615501758253224	1.3262324152482978	0	0	59
332	1.0	100.0	[1]	{1}	2.2929175842012004	1.7844311322651483	1.7844311322651483	0.0	0	309.8440496250987	190.1559503749013	0.11396057645963795	20	2	11	8.568844049625099	0.0	0	0	2
394	1.0	100.0	[2]	{2}	1.1092359986522409	0.9532694162449913	0.9411608090206909	0.0	0	740.9071277361363	240.90712773613632	2.8986044958709636	72	20	46	30.51571489055455	0.436805362480318	0	0	20
208	1.0	100.0	[3]	{1}	0.9134411339720473	0.7226854721364321	0.7075878110175803	0.0	0	708.5571323987097	208.55713239870965	0.29145422538499005	56	2	29	21.726214338006457	0.25244669268676734	0	0	2
22	1.0	100.0	[1]	{1}	1.5615293460699289	1.4692316888559451	1.4692316888559451	0.0	0	919.0511766355484	419.05117663554836	0.9904779739905833	126	88	107	58.601626453267436	0.0	0	0	88
84	1.0	100.0	[2]	{1}	2.227728329303092	1.7297708865864796	1.7314987107889928	0.0	0	564.5373463630676	64.53734636306763	0.9565534055904622	108	0	54	40.71385061454774	0.6444070166507662	0	0	0
146	1.0	100.0	[2]	{0}	2.7106428289703297	2.3320323584596334	2.4623475891492634	0.0	0	849.1592726204544	349.15927262045443	1.7534467023997773	186	118	152	90.77402037837727	1.4802519226489914	0	0	118
271	1.0	100.0	[2]	{1}	1.6254671829000378	1.4214828569136277	1.4231138903510157	0.0	0	307.56991752423346	192.43008247576654	0.12313793716140874	96	34	65	44.16862513392978	0.618856278417315	0	0	34
457	1.0	100.0	[1]	{0}	2.9354802476366952	2.2386745628086495	2.2386745628086495	0.0	0	309.60446782410145	190.39553217589855	1.302364713186689	23	1	12	7.179835742592813	0.0	0	0	1
333	1.0	100.0	[1]	{1}	2.387954205849835	1.985945987218665	1.985945987218665	0.0	0	633.7526196148247	133.75261961482465	0.42182105295108063	121	13	67	50.8101635527108	0.0	0	0	13
395	1.0	100.0	[2]	{1}	1.472294081715987	1.2148321494385534	1.2479705914513488	0.0	0	265.65556111745536	234.34443888254464	1.244747903886086	109	49	79	53.341678105929866	0.6532326754303419	0	0	49
209	1.0	100.0	[1]	{2}	2.8444712932239873	2.1148977458370144	2.1148977458370144	0.0	0	985.1198750548064	485.11987505480636	1.109071418036307	30	4	17	6.651962124068293	0.0	0	0	4
23	1.0	100.0	[3]	{1}	0.6068171663012984	0.4748863391810505	0.48481714513698404	0.0	0	624.7934401035309	124.79344010353088	1.1306019943221477	29	9	19	13.2076852786541	0.3172121118380592	0	0	9
147	1.0	100.0	[2]	{0}	1.4564283038390031	1.0800416822908598	1.2164657110644188	0.0	0	938.5208832100034	438.5208832100034	0.3703771163982153	87	67	77	40.15593375924975	0.7993519741922597	0	0	67
85	1.0	100.0	[2]	{1}	2.153707748448137	1.9218111687325374	1.9296567357562955	0.0	0	583.0862522125244	83.08625221252441	0.24987791869942963	144	30	87	61.23722110176087	0.947229638704582	0	0	30
458	1.0	100.0	[1]	{0}	4.26521004347744	3.272406584370263	3.272406584370263	0.0	0	487.2377063147724	12.762293685227576	0.5821041120662168	56	4	30	22.780573762111366	0.0	0	0	4
272	1.0	100.0	[2]	{2}	1.9278288027775599	1.5170777449391415	1.526840401207008	0.0	0	461.5166096482426	38.48339035175741	1.5832760688860974	78	12	45	34.23874914472363	0.8166109319053267	0	0	12
334	1.0	100.0	[1]	{2}	1.8442122554230482	1.5719753915289467	1.5719753915289467	0.0	0	714.0583761502057	214.05837615020573	0.6784615107943972	113	11	62	42.636548201691355	0.0	0	0	11
396	1.0	100.0	[2]	{1}	3.492609699981221	3.3208114761428966	3.308026440560372	0.0	0	385.9900913666934	114.00990863330662	2.3651668872591407	251	3	127	102.62482241656444	1.673861278565175	0	0	3
210	1.0	100.0	[1]	{2}	4.560048894814819	3.775135677695766	3.775135677695766	0.0	0	799.4389710947871	299.4389710947871	1.0157405635278447	198	8	103	67.42846687883883	0.0	0	0	8
24	1.0	100.0	[1]	{1}	3.4845601284700045	2.78910914059605	2.78910914059605	0.0	0	731.892189476639	231.89218947663903	1.1183228491057675	42	8	25	16.859617157850415	0.0	0	0	8
86	1.0	100.0	[3]	{0}	3.9153298869311026	3.147159412003039	3.2503334621688182	0.0	0	380.1284006331116	119.8715993668884	6.967668066391412	229	133	181	131.0009140538145	3.3713930857260967	0	0	133
148	1.0	100.0	[1]	{1}	1.2545639851122132	1.0414865972743004	1.0414865972743004	0.0	0	696.6135720722377	196.61357207223773	1.0589275952301445	77	5	41	28.94675212161616	0.0	0	0	5
335	1.0	100.0	[3]	{1}	1.553376509839689	1.2659950007841383	1.26410326236966	0.0	0	360.2390135638416	139.76098643615842	2.718140106426072	90	26	58	41.96839013563843	0.806102565552706	0	0	26
273	1.0	100.0	[1]	{0}	2.2855901873796016	1.7619133183649345	1.7619133183649345	0.0	0	810.3781933896244	310.37819338962436	0.3333333333333333	26	0	13	8.32035264627263	0.0	0	0	0
459	1.0	100.0	[2]	{2}	4.11088116314459	3.4473490886645566	3.5174040982894055	0.0	0	9.881934151053429	490.11806584894657	0.21982606036840205	240	126	183	91.61363008134067	1.6048984838326454	0	0	126
397	1.0	100.0	[3]	{2}	2.919791227386018	2.421191063436494	2.4000665650533595	0.0	0	683.9684005826712	183.96840058267117	4.4825240013667464	145	61	103	74.91885318426786	1.7966119324279446	0	0	61
211	1.0	100.0	[2]	{1}	1.7151276344300048	1.4752040290435917	1.4217466317262861	0.0	0	147.11683965288103	352.883160347119	0.31010280741783824	88	8	48	27.561907265421013	0.7156703416143657	0	0	8
25	1.0	100.0	[1]	{0}	1.1222283903750805	0.9174279901360182	0.9174279901360183	0.0	0	761.859814170748	261.859814170748	0.7333333333333333	14	6	10	5.973841114975512	0.0	0	0	6
87	1.0	100.0	[2]	{1}	1.610589942956834	1.4327974478301169	1.4124910533825776	0.0	0	341.4899632334709	158.51003676652908	1.152224527307602	110	24	67	45.02094797784089	0.735304022964378	0	0	24
149	1.0	100.0	[2]	{0}	2.123913903887029	1.934731932098784	1.8216070293278925	0.0	0	54.60126465186477	445.39873534813523	0.5132264222974278	119	37	78	39.526696113541725	1.0136357621045426	0	0	37
274	1.0	100.0	[1]	{1}	1.0309448714734926	0.8824146795310661	0.8824146795310661	0.0	0	645.3057487960905	145.30574879609048	2.008316044185609	11	7	9	6.638082753611728	0.0	0	0	7
336	1.0	100.0	[2]	{1}	3.0642948168401496	2.537651892187358	2.4154104250519	0.0	0	920.0832159258424	420.0832159258424	0.80639919303173	128	24	76	40.52484202148766	1.174256473406916	0	0	24
398	1.0	100.0	[3]	{1}	2.977551323823253	2.3565300912395557	2.356189057193327	0.0	0	619.8807298205793	119.88072982057929	3.13322557677101	138	42	90	65.9985781053826	0.9870492924687206	0	0	42
460	1.0	100.0	[1]	{2}	2.022735628325313	1.584997700265565	1.584997700265565	0.0	0	862.4360137619078	362.4360137619078	1.7320508075688774	5	1	3	1.3416919587142764	0.0	0	0	1
212	1.0	100.0	[1]	{2}	1.3623950791697212	1.1045348834431348	1.1045348834431348	0.0	0	476.0127393528819	23.98726064711809	0.7745966692414834	9	1	5	4.129961781941354	0.0	0	0	1
26	1.0	100.0	[3]	{0}	1.5419566872571757	1.2447521804716777	1.2850267221215073	0.0	0	306.2943872064352	193.7056127935648	2.872548949016106	78	42	60	43.220065292954445	1.2363898881162794	0	0	42
88	1.0	100.0	[1]	{1}	1.7878190976540382	1.6056180902507593	1.6056180902507593	0.0	0	352.23769140429795	147.76230859570205	0.013408633111818826	102	0	51	36.98708998825587	0.0	0	0	0
150	1.0	100.0	[2]	{2}	2.1456209816788188	1.7590518448939134	1.6722911864484389	0.0	0	889.9255343712866	389.92553437128663	2.3047219661825498	111	21	66	37.2232764876634	0.8219864070787009	0	0	21
275	1.0	100.0	[3]	{2}	3.104642780169148	3.023322494456233	3.0239634383478258	0.0	0	618.9616285264492	118.9616285264492	12.004421147184868	232	216	224	167.4301511442065	5.569238646189575	0	0	216
399	1.0	100.0	[1]	{1}	3.3369681163261213	2.6213068553156105	2.62130685531561	0.0	0	325.92838630080223	174.07161369919777	1.2467537237785296	66	0	33	22.86106902191043	0.0	0	0	0
461	1.0	100.0	[3]	{2}	5.293758294020393	4.448142885822411	4.43516084152688	0.0	0	281.7286248318851	218.2713751681149	7.06593367536526	267	143	205	144.7416468623914	3.7782135911062693	0	0	143
337	1.0	100.0	[2]	{2}	2.4725898773250825	2.146316456316104	2.18630926344692	0.0	0	711.6013944614679	211.60139446146786	0.7831611862403641	161	71	116	80.94246892062205	1.1390150033129816	0	0	71
213	1.0	100.0	[2]	{1}	1.9676179935533316	1.467805746834541	1.6315291812725043	0.0	0	86.4465304184705	413.5534695815295	0.19129167743213749	121	83	102	59.58397385933619	1.043614419414562	0	0	83
27	1.0	100.0	[1]	{0}	4.970340399936944	3.862206222536416	3.862206222536416	0.0	0	644.4333619438112	144.43336194381118	1.1750241777009605	15	5	10	7.743533104449511	0.0	0	0	5
89	1.0	100.0	[3]	{0}	4.119051164223324	3.195269830055241	3.1855697994497985	0.0	0	453.0027734581381	46.99722654186189	0.976680089408653	176	10	93	69.58098613270931	0.9766472195260838	0	0	10
151	1.0	100.0	[3]	{1}	1.8349145528102293	1.5512600450964251	1.5116820333782444	0.0	0	680.9480234514922	180.9480234514922	4.391791172407242	105	49	77	57.03446778893657	1.3026948083599343	0	0	49
276	1.0	100.0	[3]	{1}	4.096447184340168	3.8401676327344383	3.83683615913428	0.0	0	33.25680084526539	466.7431991547346	3.403868959172862	288	250	268	143.2362274146974	6.123143868463464	0	0	248
462	1.0	100.0	[3]	{0}	3.7676778730896494	3.3726245511524144	3.3797996346796184	0.0	0	272.0084902830422	227.9915097169578	7.210931015470883	232	172	202	140.4219339311346	4.463800675405691	0	0	172
338	1.0	100.0	[3]	{1}	1.8015410212084841	1.5625081450103582	1.4938269759214458	0.0	0	256.19670702144504	243.80329297855496	4.278584816554927	115	47	81	58.949344019364545	1.4230769870640243	0	0	47
400	1.0	100.0	[2]	{0}	4.430443896837626	3.5911021665489455	3.799268451398624	0.0	0	711.6285199299455	211.62851992994547	4.172273834213346	254	126	190	128.51849313008782	2.567686538446612	0	0	126
214	1.0	100.0	[1]	{0}	4.760990150581029	3.7483611047704706	3.7483611047704715	0.0	0	970.5496928654612	470.5496928654612	0.7938841860374447	16	2	9	4.488052764210849	0.0	0	0	2
28	1.0	100.0	[2]	{0}	4.242213681162359	3.2911224626267184	3.4792648054044704	0.0	0	81.93102502264082	418.0689749773592	0.5868362732434004	224	128	176	97.57041220380371	1.808185003514553	0	0	128
90	1.0	100.0	[3]	{0}	2.337603403284761	2.0301939129690543	2.0412685573247535	0.0	0	449.06910159625113	50.93089840374887	6.502704827610677	138	94	116	84.76052023511751	2.5219725510185516	0	0	94
152	1.0	100.0	[1]	{2}	1.6569535117587186	1.4354970795065416	1.4354970795065416	0.0	0	218.77109608612955	281.22890391387045	0.07598251665204524	91	11	51	32.88861493953132	0.0	0	0	11
339	1.0	100.0	[1]	{2}	3.3912108218196604	2.937088758011419	2.937088758011419	0.0	0	21.981131285429	478.018868714571	1.2585380474001722	66	10	38	22.66028298884631	0.0	0	0	10
401	1.0	100.0	[3]	{0}	2.4922777047859537	2.1350986568558232	2.143229973120441	0.0	0	455.2623850759119	44.73761492408812	6.564571277632173	144	82	113	82.48236146568318	2.373929250609593	0	0	82
277	1.0	100.0	[1]	{2}	4.693374915802712	4.088939607128101	4.088939607128101	0.0	0	326.51268295012414	173.48731704987586	2.325470271318719	254	2	127	92.33150195305983	0.0	0	0	0
463	1.0	100.0	[2]	{2}	3.748221239544825	3.566235651737852	3.5887055431923134	0.0	0	208.97860103286803	291.021398967132	0.4474584529603655	282	154	218	132.88050621690226	1.7918053675116756	0	0	154
215	1.0	100.0	[1]	{1}	1.5995288718271583	1.3185534005347774	1.3185534005347774	0.0	0	248.52695688605309	251.47304311394691	0.0	28	10	19	12.281904353290798	0.0	0	0	10
29	1.0	100.0	[1]	{1}	1.3098418319573442	0.9381337760194681	0.9381337760194679	0.0	0	418.86877990327775	81.13122009672225	0.5097970656333186	16	4	10	7.3482126794196665	0.0	0	0	4
91	1.0	100.0	[1]	{2}	1.7206344598888357	1.6549947266137006	1.6549947266137006	0.0	0	136.88471680507064	363.11528319492936	0.0	9	3	6	3.273308300830424	0.0	0	0	3
153	1.0	100.0	[2]	{0}	2.1120353100738143	1.6648052648175924	1.6643762948326846	0.0	0	532.9958994407207	32.99589944072068	0.27359422722270776	119	3	61	44.72709431286342	0.621359345707081	0	0	3
340	1.0	100.0	[1]	{1}	2.785369365697935	2.6013799658151684	2.6013799658151684	0.0	0	887.6957390457392	387.6957390457392	0.40497580177583076	162	54	108	66.65494939824939	0.0	0	0	54
402	1.0	100.0	[3]	{1}	2.638094927562528	2.3819229842614957	2.388751713079353	0.0	0	552.9620330780745	52.962033078074455	8.681398088418533	172	134	153	115.76902510689196	3.410380443645688	0	0	134
278	1.0	100.0	[1]	{2}	0.6595201544466879	0.5578016344609074	0.5578016344609075	0.0	0	111.87341320328414	388.12658679671586	0.26462806201248157	16	0	8	5.321240479219705	0.0	0	0	0
464	1.0	100.0	[3]	{0}	2.000949438569898	1.7118987961775385	1.6424297736319369	0.0	0	91.95748274214566	408.04251725785434	1.941226174201202	133	41	87	50.07115134372376	1.3039910282365017	0	0	41
216	1.0	100.0	[1]	{0}	1.060278237186763	0.9116813262516215	0.9116813262516215	0.0	0	973.9371824543924	473.9371824543924	0.7977240352174656	20	2	11	6.163690993001683	0.0	0	0	2
30	1.0	100.0	[2]	{2}	2.581140946887002	2.0178877803374426	1.984117587494201	0.0	0	267.6359124016017	232.36408759839833	0.04155700887916352	126	4	65	43.861169634843264	0.8388802126042422	0	0	4
92	1.0	100.0	[2]	{0}	1.4105465285755754	1.130146769089239	1.1246403970379326	0.0	0	467.6613663323224	32.338633667677584	1.6375233612442572	79	19	49	37.560370435673754	0.5896393869180733	0	0	19
154	1.0	100.0	[3]	{1}	0.6831695444681698	0.538489242082085	0.5326340941753289	0.0	0	649.0726312622428	149.0726312622428	0.36285181824853735	43	3	23	15.941910531066357	0.20133263530413545	0	0	3
403	1.0	100.0	[3]	{2}	1.403333604103865	1.3083483854784337	1.3061160658033706	0.0	0	326.929320814088	173.070679185912	6.187893991600216	119	95	107	76.037819436634	2.0418252141323743	0	0	95
279	1.0	100.0	[1]	{1}	2.548321748235565	2.3869635322680556	2.3869635322680556	0.0	0	861.7672282271087	361.7672282271087	0.08081220356417686	49	7	28	19.850655435457824	0.0	0	0	7
341	1.0	100.0	[2]	{0}	2.5233098776252296	2.1657722304648006	2.2844779331426883	0.0	0	166.0056789405644	333.9943210594356	4.020231862019656	178	144	161	92.70980073061955	1.3782353327834678	0	0	144
465	1.0	100.0	[2]	{0}	1.3155690939439573	1.150029356917661	1.1381918012906147	0.0	0	412.2451979201287	87.7548020798713	0.5241544881797239	114	16	64	45.25624068768694	0.615300791156339	0	0	14
217	1.0	100.0	[2]	{1}	2.243798891218511	1.8200157100742842	1.8394261315500269	0.0	0	200.4633478354663	299.53665216453373	0.44964739030408063	115	33	74	49.194654261469836	0.782328176294214	0	0	33
31	1.0	100.0	[2]	{0}	3.5310534991331117	3.1846920523168594	3.216221999595881	0.0	0	578.5396108403802	78.53961084038019	2.8344710546163725	227	79	154	109.79740514251591	1.8521480576209188	0	0	81
93	1.0	100.0	[2]	{0}	0.8396476389292276	0.7622508254928594	0.7644191994031441	0.0	0	583.4842855110765	83.48428551107645	0.02431322695419323	57	9	33	22.968955720178784	0.37056881789766527	0	0	9
155	1.0	100.0	[1]	{2}	1.2173040746508845	0.9263728465409898	0.9263728465409897	0.0	0	845.3934432473034	345.39344324730337	0.0813595521186466	60	2	31	19.09916391881741	0.0	0	0	2
404	1.0	100.0	[3]	{1}	2.317428927617328	1.8816786591645185	1.9743148783374806	0.0	0	951.8666719086468	451.8666719086468	1.7751790062418158	149	101	125	70.7807994181402	2.094953320463967	0	0	101
466	1.0	100.0	[1]	{0}	1.4261293657843814	1.3015296581069147	1.3015296581069147	0.0	0	886.2720741890371	386.2720741890371	0.9797958971132712	9	1	5	2.9651837774328884	0.0	0	0	1
280	1.0	100.0	[2]	{2}	3.595621723308957	3.2612930094993406	3.347195790930273	0.0	0	209.293921943754	290.70607805624604	1.7779236680057278	277	143	210	127.24860870097578	1.8448819550184479	0	0	143
342	1.0	100.0	[2]	{1}	2.142114329833427	1.6885782013016368	1.663092951382275	0.0	0	995.3827478457242	495.3827478457242	0.14799400252105402	94	8	51	24.332479859868062	0.6434813606810342	0	0	8
218	1.0	100.0	[3]	{1}	2.0967469059046038	1.6606884759689988	1.7160876741780098	0.0	0	642.5704963039607	142.57049630396068	4.518976967660953	112	50	81	56.96859659979307	1.53679402938707	0	0	50
32	1.0	100.0	[2]	{1}	4.7430544147429	3.76030847564632	3.9671705293851303	0.0	0	787.754392484203	287.754392484203	3.464213848864592	266	152	209	131.3345076701697	2.3145274090747203	0	0	152
94	1.0	100.0	[1]	{2}	5.766301705194856	4.225904707313588	4.225904707313588	0.0	0	33.16168952733278	466.8383104726672	0.0	11	1	6	2.8899701371639965	0.0	0	0	1
156	1.0	100.0	[2]	{2}	1.7114804893861741	1.3185782010180285	1.3767120024944224	0.0	0	776.0137275326997	276.0137275326997	1.6468313731006499	79	29	55	34.23638226102852	0.7315909976342762	0	0	31
405	1.0	100.0	[3]	{1}	1.4777949185600074	1.1354522166081789	1.133811457375276	0.0	0	552.3790242150426	52.37902421504259	1.6101529717988265	71	23	47	37.85207268520444	0.23504688607498686	0	0	23
467	1.0	100.0	[3]	{2}	0.8112392674497634	0.764879511438035	0.7532061368277142	0.0	0	748.742917785421	248.742917785421	5.1260960575306065	64	50	57	39.317342068789536	1.2051429651992527	0	0	50
281	1.0	100.0	[1]	{2}	0.8086687857505227	0.6825096977703907	0.6825096977703907	0.0	0	352.71602659486234	147.28397340513766	0.15715463927342804	47	7	27	18.250740398922932	0.0	0	0	7
343	1.0	100.0	[1]	{1}	2.6658772733152656	2.0629873179212943	2.0629873179212943	0.0	0	314.14549332112074	185.85450667887926	0.2888161925727373	53	1	27	20.33801845324784	0.0	0	0	1
219	1.0	100.0	[2]	{0}	1.2409025856099671	1.0020696602421102	0.9950198649099933	0.0	0	528.4484815783799	28.44848157837987	1.5837587802324937	66	20	43	32.47062418683245	0.6223777675692272	0	0	20
33	1.0	100.0	[3]	{2}	2.630153845492023	1.9825277794781364	2.0162786312125425	0.0	0	296.60464357584715	203.39535642415285	2.140003594533286	129	23	77	51.126208960913125	0.5152431560809596	0	0	25
95	1.0	100.0	[3]	{1}	1.7462402102809134	1.3361195500257628	1.386328835319709	0.0	0	856.9020922295749	356.9020922295749	3.4699820604423723	98	40	69	40.31260166520998	0.7538702585223374	0	0	40
157	1.0	100.0	[3]	{1}	2.636135003787374	2.556653145984564	2.5556760880371936	0.0	0	275.40135150775313	224.59864849224687	10.07261928268177	213	191	202	140.36651622966676	4.632948921229374	0	0	191
406	1.0	100.0	[1]	{2}	2.1885812417856645	1.9627147694350744	1.9627147694350744	0.0	0	418.3363008778542	81.66369912214577	0.447877379838231	137	7	72	56.32179723862559	0.0	0	0	7
468	1.0	100.0	[1]	{2}	0.8267173224077764	0.7359511333257245	0.7359511333257245	0.0	0	386.2057160586119	113.79428394138807	0.15061601901917732	47	9	28	21.146468592703343	0.0	0	0	9
282	1.0	100.0	[3]	{1}	0.5942089779235449	0.45843205080246197	0.46187880886508725	0.0	0	366.93372554145753	133.06627445854247	1.1551721334727867	35	1	18	13.678867451082915	0.15567917017669097	0	0	1
344	1.0	100.0	[1]	{2}	0.8999852974213731	0.7747572613129377	0.7747572613129377	0.0	0	720.7856706809253	220.78567068092525	0.06454972243679027	23	1	12	7.667285975914448	0.0	0	0	1
220	1.0	100.0	[1]	{0}	1.8009902218412797	1.3103948630362172	1.3103948630362172	0.0	0	534.5176816917956	34.51768169179559	0.7011695914588867	22	4	13	9.736482318308205	0.0	0	0	4
34	1.0	100.0	[1]	{2}	1.957949659569393	1.3664691003084184	1.3664691003084184	0.0	0	572.3511674441397	72.35116744413972	1.040152912757582	25	1	13	9.04294649766758	0.0	0	0	1
96	1.0	100.0	[3]	{2}	2.8789689034816774	2.759726274507259	2.566205327688112	0.0	0	71.32278545759618	428.6772145424038	2.745257806392264	196	88	142	85.66056968759001	3.707266646446242	0	0	88
158	1.0	100.0	[3]	{2}	1.6112945943474877	1.258314629828165	1.2306196722136424	0.0	0	77.49339449219406	422.50660550780594	0.18475510257514238	65	11	38	23.64080183476582	0.24273898234365343	0	0	11
407	1.0	100.0	[3]	{2}	2.276926321581498	1.8587174216872238	1.8701168207748178	0.0	0	350.68147047422826	149.31852952577174	4.415880433163923	129	73	101	75.017851466598	1.3757194665230916	0	0	73
469	1.0	100.0	[3]	{0}	2.305921287175183	1.9484811004295375	1.8979369393497303	0.0	0	895.0091812293977	395.00918122939765	0.3281302965674211	139	33	86	52.14039403885975	1.475924719032579	0	0	33
283	1.0	100.0	[2]	{1}	1.1798869218895869	0.9023660311065659	0.9032097208044247	0.0	0	883.6457249708474	383.64572497084737	0.6846968651658967	66	8	37	19.37739962602034	0.31546539735275203	0	0	8
345	1.0	100.0	[2]	{1}	1.3908752964441222	1.0361485727390138	1.0765589723775524	0.0	0	188.7502332683653	311.24976673163474	1.5254785085427642	67	19	43	24.385755831709133	0.5109540307399156	0	0	19
221	1.0	100.0	[1]	{0}	0.7273369145565601	0.6184261295494371	0.6184261295494371	0.0	0	57.51451663672924	442.48548336327076	0.3497195779097138	34	12	23	10.937833882644773	0.0	0	0	12
35	1.0	100.0	[1]	{2}	2.535709141441889	1.9875066798414591	1.9875066798414591	0.0	0	623.0868464335799	123.08684643357992	0.7134121642499329	119	3	61	45.88752361062913	0.0	0	0	3
97	1.0	100.0	[2]	{1}	1.7385114188915112	1.4018533179613508	1.4041743620101839	0.0	0	613.4128146804869	113.41281468048692	1.268544262315882	79	11	45	30.17067963298783	0.5553841004538227	0	0	11
159	1.0	100.0	[2]	{2}	3.0018636725160555	2.753078661266366	2.7537505507699294	0.0	0	691.2407157942653	191.24071579426527	1.2251980609987332	192	46	119	79.28716913636777	1.256332032796517	0	0	46
408	1.0	100.0	[1]	{2}	2.009590669002864	1.6119604190211079	1.6119604190211079	0.0	0	380.66518655978143	119.33481344021857	1.5263344881437257	43	17	30	22.491991119358687	0.0	0	0	17
470	1.0	100.0	[3]	{0}	5.06418839865225	3.9958856964328087	4.070145590276593	0.0	0	717.8826259914786	217.88262599147856	2.4009629319243326	210	62	136	96.85045092861348	2.516859549868098	0	0	62
284	1.0	100.0	[3]	{2}	2.3462996957293774	1.9368665680626003	1.8515227612243967	0.0	0	862.4688042327762	362.46880423277617	0.968962790249909	119	17	67	44.45165424338728	0.9698353690104742	0	0	15
346	1.0	100.0	[3]	{1}	3.3219958080554317	2.869889050017869	2.8442988361860078	0.0	0	99.7387256938964	400.2612743061036	1.7317007964066338	183	85	134	78.52778237494083	2.886349615104065	0	0	85
222	1.0	100.0	[2]	{1}	1.2877702543139231	1.011989980405155	1.0124262363180836	0.0	0	463.09851412661374	36.901485873386264	0.8980802067133443	58	4	31	23.314083655392754	0.38036328657763946	0	0	4
36	1.0	100.0	[2]	{0}	1.5571244172712353	1.350309867703162	1.3556798093592888	0.0	0	459.8529802169651	40.14701978303492	1.0077857827475272	99	11	55	42.30456026802771	0.7108745192981373	0	0	11
98	1.0	100.0	[2]	{1}	2.1733058306696305	1.9634222063915283	1.9542203595387533	0.0	0	690.5863648280501	190.58636482805014	0.6040389108713216	142	32	88	57.68278173238039	0.9158492132647889	0	0	34
160	1.0	100.0	[3]	{0}	3.2197416275053774	2.654248254379576	2.5974221745623245	0.0	0	886.6654813755304	386.66548137553036	2.26189998071598	174	58	117	72.55609600858206	1.6078920814997222	0	0	60
409	1.0	100.0	[3]	{1}	3.1647844558235514	2.5237681015753815	2.606662615071369	0.0	0	657.4378132354468	157.4378132354468	5.04902457717176	186	96	141	100.56316901910871	2.3911164472925392	0	0	96
285	1.0	100.0	[3]	{1}	2.82713358919449	2.392402574844018	2.3804182804303413	0.0	0	520.3246050514281	20.32460505142808	5.467555302370335	140	78	108	80.91379052123428	2.670189347537043	0	0	76
471	1.0	100.0	[1]	{2}	1.382048910564091	1.2438805539239635	1.2438805539239635	0.0	0	723.139992216602	223.13999221660197	0.0	97	37	67	44.47774045922049	0.0	0	0	37
347	1.0	100.0	[1]	{2}	2.91677875134301	2.239257065365366	2.239257065365366	0.0	0	959.997098427266	459.997098427266	0.8006407690254357	12	2	7	3.53501450786367	0.0	0	0	2
223	1.0	100.0	[1]	{2}	1.8372682852791422	1.299702494447872	1.2997024944478721	0.0	0	509.6493004821241	9.64930048212409	0.9797958971132712	9	5	7	5.615649300482123	0.0	0	0	5
161	1.0	100.0	[3]	{0}	2.2249698045425053	1.8465014719205142	1.861830796599369	0.0	0	332.4822480790317	167.5177519209683	3.2022038546658456	120	62	90	65.79332542700318	1.6363362035959736	0	0	60
37	1.0	100.0	[1]	{2}	1.8789997546368042	1.6319722751774812	1.6319722751774812	0.0	0	958.886512555182	458.886512555182	0.1165103456070926	50	0	25	13.467383236341176	0.0	0	0	0
99	1.0	100.0	[1]	{0}	3.83463281651039	2.9036422829783697	2.9036422829783697	0.0	0	56.24722316861153	443.7527768313885	1.6087927639643702	22	4	13	6.351225008517504	0.0	0	0	4
410	1.0	100.0	[1]	{0}	4.359499828150615	3.010281630355146	3.010281630355146	0.0	0	308.77096438780427	191.22903561219573	0.0	25	3	14	9.376625786326825	0.0	0	0	3
472	1.0	100.0	[1]	{0}	1.6374057055859237	1.4434718399797322	1.4434718399797322	0.0	0	907.9104068223388	407.9104068223388	2.0225297442599057	89	37	63	34.63864437019265	0.0	0	0	37
286	1.0	100.0	[2]	{1}	2.945622239465315	2.673774720408769	2.637646475922664	0.0	0	607.4320564512163	107.43205645121634	2.4573891669436074	178	8	93	63.46054697584176	1.5011245949844851	0	0	8
348	1.0	100.0	[1]	{0}	3.4124921273588247	2.8175777428553133	2.8175777428553137	0.0	0	80.77256428077817	419.22743571922183	0.05018760543673778	136	8	72	42.9703538568467	0.0	0	0	8
224	1.0	100.0	[1]	{0}	0.6711871667752517	0.5437706502505502	0.5437706502505502	0.0	0	621.353704482317	121.35370448231697	nan	3	1	2	1.5532925910353659	0.0	0	0	1
162	1.0	100.0	[1]	{0}	2.6906526547156564	2.014024170844394	2.014024170844394	0.0	0	539.7507771849632	39.750777184963226	1.224744871391589	3	1	2	1.3900000000000001	0.0	0	0	1
100	1.0	100.0	[1]	{1}	5.4143776251134295	4.871110666076246	4.871110666076246	0.0	0	269.3615183234215	230.63848167657852	1.7064938359458588	54	4	29	20.835638481676575	0.0	0	0	4
38	1.0	100.0	[1]	{1}	2.810698717478738	2.5490206383705525	2.5490206383705525	0.0	0	612.1351108886302	112.13511088863015	0.0	3	1	2	1.902	0.0	0	0	1
411	1.0	100.0	[2]	{0}	2.7396391821279784	2.3501884085414124	2.232736887130601	0.0	0	208.32074549980464	291.6792545001954	1.4824186402306045	138	2	71	45.832565475488074	1.2655908479174953	0	0	4
473	1.0	100.0	[1]	{2}	2.773423651957323	2.374760320583743	2.374760320583743	0.0	0	94.94879189878702	405.051208101213	1.0	7	5	6	3.085795167595148	0.0	0	0	5
349	1.0	100.0	[3]	{0}	0.4120654283142026	0.38828326121327084	0.3884818936484426	0.0	0	312.0398689061403	187.96013109385967	3.8202872398020795	36	34	35	22.755916984841228	0.636519358918384	0	0	34
287	1.0	100.0	[2]	{2}	4.593296942480664	4.094108618088382	4.054502939760082	0.0	0	220.4450739081949	279.5549260918051	1.1679299480703174	259	65	162	94.98576108622925	1.8995285176305616	0	0	65
225	1.0	100.0	[2]	{2}	1.1533850716075442	0.915484584349743	0.8938196820603563	0.0	0	275.55274148471653	224.44725851528347	0.680083569278207	60	4	32	24.023738380786035	0.413652728403142	0	0	4
101	1.0	100.0	[3]	{2}	1.095341989601945	0.9051747354111006	0.8730845578220068	0.0	0	701.5481775160879	201.5481775160879	1.1412279800291012	62	6	34	24.65871093490347	0.5718429212038257	0	0	6
39	1.0	100.0	[1]	{0}	2.8415684497285336	2.7288194853940797	2.7288194853940797	0.0	0	339.5411013625562	160.45889863744378	0.016931492623083088	128	8	68	47.50356185177715	0.0	0	0	8
163	1.0	100.0	[2]	{0}	2.0587280180159424	1.7133873155999026	1.7640015447082376	0.0	0	35.61553102917969	464.3844689708203	0.36050773881149933	126	84	105	54.94863075806387	0.8436296155183269	0	0	84
412	1.0	100.0	[1]	{2}	0.5115125921482354	0.45091827610618507	0.45091827610618507	0.0	0	784.62342498824	284.62342498824	0.9938586931957764	34	16	25	16.57790807524696	0.0	0	0	16
474	1.0	100.0	[1]	{1}	3.67934217098209	3.445998843449429	3.4459988434494297	0.0	0	854.8473245464265	354.84732454642653	1.8366932554757098	205	95	150	89.18115315987167	0.0	0	0	95
350	1.0	100.0	[1]	{0}	1.181102500107287	0.919608648481264	0.9196086484812642	0.0	0	472.8812305256725	27.118769474327507	2.5053788290242807	33	5	19	13.344643691577016	0.0	0	0	5
288	1.0	100.0	[2]	{0}	3.137222277850516	2.4463479678171756	2.4292042465254498	0.0	0	601.534929824993	101.53492982499301	1.4072790555551118	158	2	80	58.78813971929998	1.0294386597788812	0	0	2
226	1.0	100.0	[3]	{0}	4.205061759084169	3.3784729620921543	3.4818280766312366	0.0	0	954.5564900618048	454.55649006180477	1.1721729465550041	202	106	154	85.61820437147092	2.851629790271931	0	0	106
40	1.0	100.0	[3]	{1}	1.6245812784471678	1.4512095928037303	1.4705034527900436	0.0	0	744.0622029826045	244.0622029826045	6.154064332726592	142	106	124	85.49851663297416	2.0955929952898598	0	0	106
102	1.0	100.0	[2]	{0}	3.4512297363551845	2.8073944048543957	2.706750409889306	0.0	0	241.53104377910492	258.46895622089505	1.4380359731008723	152	2	77	51.20771070738508	1.3705207755773863	0	0	2
164	1.0	100.0	[2]	{1}	3.427616434703085	3.3280396473566807	3.3094245635600794	0.0	0	787.9172340035439	287.91723400354385	0.15520746010502007	257	145	202	126.07638766729833	1.6602706343098603	0	0	147
413	1.0	100.0	[1]	{2}	1.0688327140793645	0.8306659797071723	0.8306659797071723	0.0	0	4.2305923998355865	495.7694076001644	1.32677788592283	56	4	30	12.843917771995066	0.0	0	0	4
351	1.0	100.0	[1]	{1}	2.7627840953911673	1.9616560216694798	1.9616560216694796	0.0	0	264.4506422802806	235.5493577197194	0.575355961782461	28	0	14	10.137901284560563	0.0	0	0	0
475	1.0	100.0	[1]	{1}	2.1943215735869446	2.0036281639858293	2.0036281639858293	0.0	0	417.7742807660252	82.22571923397481	0.03344511378708795	122	8	65	49.09816277302242	0.0	0	0	8
289	1.0	100.0	[3]	{2}	4.248436671428991	3.98098642562526	3.984309553085712	0.0	0	272.8473858442157	227.1526141557843	10.020188904413882	255	211	234	164.88582289948687	6.398485888591073	0	0	213
227	1.0	100.0	[2]	{2}	2.2816561417594308	1.9510721831879858	1.9207524526761983	0.0	0	396.97094284929335	103.02905715070665	2.9547217686917207	129	19	74	56.88769737161695	1.074207677696562	0	0	19
41	1.0	100.0	[2]	{0}	2.72872020247518	2.1994146914668145	2.2170665368203246	0.0	0	563.5187856387347	63.5187856387347	2.522167724409915	150	50	100	72.48021100317312	1.1306060392355086	0	0	50
414	1.0	100.0	[3]	{1}	0.9172800168292495	0.7339293335016085	0.7458054959632933	0.0	0	583.261672174558	83.26167217455804	3.207220343384496	45	29	37	27.288121606079862	0.6054004743260749	0	0	29
165	1.0	100.0	[1]	{0}	2.0809590906841096	1.7470761534985395	1.7470761534985395	0.0	0	609.8412177525461	109.84121775254607	0.47961768604792593	32	2	17	12.34179391123727	0.0	0	0	2
103	1.0	100.0	[1]	{0}	5.472067052111387	5.166161821082447	5.166161821082447	0.0	0	712.4639833346009	212.46398333460093	1.1652454861311845	233	21	127	87.85591311658177	0.0	0	0	21
352	1.0	100.0	[1]	{1}	1.580841705678885	1.257314445294106	1.257314445294106	0.0	0	829.9028351902962	329.9028351902962	0.3515528687380036	52	18	35	20.928623449862005	0.0	0	0	18
476	1.0	100.0	[1]	{2}	1.5721584470574739	1.2876880388767642	1.2876880388767642	0.0	0	383.9549997355789	116.0450002644211	0.3703398909751519	80	2	40	28.340189995240422	0.0	0	0	0
290	1.0	100.0	[2]	{0}	3.7478572592887356	3.347361844621424	3.3670946893253997	0.0	0	259.00051975622773	240.99948024377227	0.952822045482207	219	79	148	98.26006756830965	1.5750452599349738	0	0	77
228	1.0	100.0	[1]	{1}	3.6738905239297743	2.6648021223058374	2.6648021223058365	0.0	0	806.3317730557173	306.33177305571735	0.4240547417717583	100	2	51	32.48671503527276	0.0	0	0	2
415	1.0	100.0	[1]	{2}	2.3471621429231	1.943553540745616	1.943553540745616	0.0	0	606.571062002331	106.57106200233102	1.259881576697424	23	9	16	11.065573627986014	0.0	0	0	9
104	1.0	100.0	[1]	{0}	3.395369928480243	2.621635586278484	2.621635586278484	0.0	0	790.764476871118	290.76447687111795	0.24545784641604232	32	8	20	14.935884185031053	0.0	0	0	8
166	1.0	100.0	[1]	{0}	2.214700262079748	1.6053623359453733	1.6053623359453733	0.0	0	458.3970718085766	41.602928191423416	1.7640194743489521	59	11	35	24.41539707180858	0.0	0	0	11
42	1.0	100.0	[2]	{1}	1.8766290747290357	1.6316190593621127	1.5644452358923862	0.0	0	2.281604101881385	497.7183958981186	0.4712619967462168	124	30	77	36.43568351584486	0.7610942120795695	0	0	30
353	1.0	100.0	[3]	{0}	2.3819169310160833	2.208415959292538	2.180840821034863	0.0	0	626.8639934714884	126.86399347148836	7.612168876642308	171	117	144	106.55117610445622	3.3725848295521144	0	0	117
477	1.0	100.0	[3]	{2}	2.5167326576767026	2.059584736472371	2.0898663021461044	0.0	0	448.7395046744496	51.26049532555038	5.721675246567042	142	82	112	82.20062216828018	2.209273313591857	0	0	82
291	1.0	100.0	[3]	{2}	2.6245806379549013	2.101670752646987	2.140018961155488	0.0	0	343.31885213032365	156.68114786967635	3.0405301875396584	154	72	113	82.22553686716779	1.617421037183072	0	0	72
229	1.0	100.0	[1]	{2}	4.548558721372867	3.872953053885575	3.872953053885575	0.0	0	124.74654242396356	375.25345757603645	2.3094010767585034	15	11	13	7.455211966663597	0.0	0	0	11
105	1.0	100.0	[3]	{2}	1.6327441839059453	1.558249880380398	1.439257313179544	0.0	0	976.628802716732	476.628802716732	0.42207815418620387	117	45	81	45.45683979624511	1.9672479896433275	0	0	45
167	1.0	100.0	[1]	{1}	0.5376446879450937	0.48520366962307726	0.48520366962307726	0.0	0	902.4848458357156	402.48484583571565	1.6284492650452498	37	11	24	13.864303083285689	0.0	0	0	11
416	1.0	100.0	[2]	{0}	3.4310819625741926	2.895686525718432	2.958493926897318	0.0	0	828.3748817630112	328.3748817630112	0.8998218400179581	179	61	120	73.25326347901671	1.4342203191732643	0	0	61
43	1.0	100.0	[1]	{1}	0.7493452344826156	0.6254432710961133	0.6254432710961133	0.0	0	984.4947163946928	484.4947163946928	nan	2	2	2	0.6480105672106145	0.0	0	0	2
354	1.0	100.0	[3]	{2}	2.950547598601548	2.6911519288278987	2.688880004081301	0.0	0	83.73723342083395	416.26276657916605	5.349916293404651	188	154	171	101.40315417760426	3.813212351113806	0	0	154
478	1.0	100.0	[1]	{1}	1.6642628110582334	1.4802507308080541	1.4802507308080544	0.0	0	272.1449681557715	227.8550318442285	0.7359800721939872	25	9	17	12.224304713401944	0.0	0	0	9
292	1.0	100.0	[2]	{2}	2.2615133027911143	1.8187095842376828	1.874270940142173	0.0	0	50.41449889540672	449.5855011045933	0.8073239479023911	140	88	114	60.75642387628554	0.8670978023785748	0	0	88
230	1.0	100.0	[2]	{2}	1.1380392422954815	0.9423371187527271	0.9410711006774574	0.0	0	509.6452063880861	9.64520638808608	1.5057034426283475	55	9	32	22.88632330220938	0.5033102649128363	0	0	9
106	1.0	100.0	[3]	{0}	4.272966997372977	3.773773307208322	3.6749664296457967	0.0	0	299.8099576216191	200.1900423783809	7.9357894724964755	229	129	179	130.18310868627017	4.255494849032328	0	0	129
168	1.0	100.0	[3]	{1}	2.9184031125860654	2.5072528262681404	2.580040846097288	0.0	0	804.9647803418338	304.96478034183383	6.560331054596817	201	155	178	109.56329679829625	3.3685848996379133	0	0	155
417	1.0	100.0	[1]	{1}	3.3552169993423733	3.1093517938216455	3.1093517938216455	0.0	0	232.03210276551545	267.96789723448455	0.33839823745869213	193	19	106	69.60737560464813	0.0	0	0	19
355	1.0	100.0	[1]	{1}	0.5403904038579688	0.48621715375270036	0.48621715375270036	0.0	0	314.8127116728574	185.1872883271426	1.0082016605001671	49	3	26	18.783003386765714	0.0	0	0	3
44	1.0	100.0	[2]	{0}	4.368304101256308	3.9155059597908766	3.9521857391492583	0.0	0	743.2896783575416	243.28967835754156	1.3539039504539916	292	110	202	130.65469918221237	1.918799555803302	0	0	112
479	1.0	100.0	[1]	{1}	5.9914020164569175	4.4550580658055345	4.4550580658055345	0.0	0	310.31420547515154	189.68579452484846	0.5029477042400091	65	5	35	26.60968579452485	0.0	0	0	5
293	1.0	100.0	[3]	{1}	3.5620930594619464	3.0665067131040384	2.850090297654881	0.0	0	877.2808066569269	377.28080665692687	2.478582021794634	167	17	91	56.24467886049671	2.0017856125010027	0	0	15
231	1.0	100.0	[3]	{1}	2.4549018592155387	2.011169768252397	2.048728817996621	0.0	0	875.5416385829449	375.54163858294487	4.518739590127226	157	111	134	84.42525252753498	1.7604323989172919	0	0	111
107	1.0	100.0	[1]	{1}	0.7228962127177109	0.6806716016163475	0.6806716016163475	0.0	0	425.9285181760788	74.0714818239212	0.8911327886790069	35	1	18	12.706	0.0	0	0	1
169	1.0	100.0	[1]	{2}	4.573692098348005	4.236368568769564	4.236368568769564	0.0	0	26.966904290020462	473.03309570997953	0.21232297657342278	247	101	174	89.49230753788352	0.0	0	0	101
45	1.0	100.0	[3]	{2}	1.3051317185021745	0.9925800514690233	1.016661863700021	0.0	0	134.46817151270807	365.53182848729193	1.5331670799678463	68	28	48	27.37266320353373	0.36838617265047435	0	0	28
418	1.0	100.0	[3]	{0}	3.7060286830202966	3.117533866105991	3.1544197291664733	0.0	0	656.1828018166125	156.18280181661248	6.4459144023620585	200	128	164	117.13203189100324	3.2353568285151053	0	0	128
356	1.0	100.0	[1]	{2}	3.9545391826449054	2.9869976417523065	2.9869976417523065	0.0	0	256.461214274168	243.53878572583199	1.3363900586867312	106	16	61	41.314530356854185	0.0	0	0	16
480	1.0	100.0	[1]	{2}	1.1425929937337218	0.9284595183488615	0.9284595183488614	0.0	0	441.0783918574453	58.9216081425547	0.3380617018914066	31	1	16	12.026627134859563	0.0	0	0	1
294	1.0	100.0	[1]	{2}	3.95291129213226	2.8371924623454725	2.8371924623454725	0.0	0	690.3143664821982	190.31436648219824	0.6063390625908325	16	4	10	6.747113801106811	0.0	0	0	4
232	1.0	100.0	[1]	{0}	2.3055454760990077	1.9001570162671133	1.9001570162671133	0.0	0	592.1309846453369	92.13098464533687	1.1022703842524302	15	1	8	6.603476061418653	0.0	0	0	1
108	1.0	100.0	[3]	{2}	3.649191812905089	2.967933552648324	2.9074623353217195	0.0	0	677.7482971083373	177.74829710833728	2.7250382276208587	183	47	115	84.42580278964155	1.704754818714479	0	0	47
170	1.0	100.0	[1]	{1}	1.8676186653556162	1.6831993991366008	1.6831993991366008	0.0	0	31.19268454611301	468.807315453887	0.47383826757488623	113	77	95	50.99830503188072	0.0	0	0	77
419	1.0	100.0	[1]	{2}	0.6382334433666683	0.570672942848577	0.570672942848577	0.0	0	888.5808640625328	388.5808640625328	0.3983640013241914	49	21	35	20.839993214061483	0.0	0	0	21
46	1.0	100.0	[2]	{1}	1.6842178872729257	1.4147330654459682	1.4169966756544432	0.0	0	505.8990137185901	5.8990137185900835	3.46663475869258	100	40	71	54.952726629598054	0.9586146254377369	0	0	42
357	1.0	100.0	[1]	{2}	2.8607671872722094	2.503386467335751	2.503386467335751	0.0	0	470.9096804726869	29.090319527313113	1.4932633331095004	90	16	53	40.092548402363434	0.0	0	0	16
481	1.0	100.0	[1]	{1}	3.0264897642515143	2.4509380289468985	2.4509380289468985	0.0	0	876.4099455438554	376.40994554385543	nan	0	0	0	0.0	0.0	0	0	0
295	1.0	100.0	[2]	{0}	1.40306172419811	1.2414367055174103	1.2389648707328078	0.0	0	534.9276927299798	34.92769272997975	2.1719122842087866	100	6	53	39.18075847462938	0.608204065038905	0	0	6
233	1.0	100.0	[3]	{2}	3.9964782878276437	2.8289386880356693	3.212000767151627	0.0	0	3.1976702157408	496.8023297842592	0.486285553378489	170	108	138	68.72927848977221	2.488191729738724	0	0	106
109	1.0	100.0	[1]	{1}	0.976197948076079	0.8798642755327455	0.8798642755327456	0.0	0	393.9079884439707	106.09201155602932	1.2727922061357855	14	4	9	6.298355919107795	0.0	0	0	4
420	1.0	100.0	[3]	{2}	3.744994140783888	2.796287013334861	2.953226003788997	0.0	0	1.8650467973202467	498.13495320267975	1.7228621442976708	164	74	119	58.52194056888112	1.4708963442860732	0	0	74
171	1.0	100.0	[1]	{2}	3.2920128482193496	3.1659042686915653	3.1659042686915653	0.0	0	957.7860462013632	457.7860462013632	0.07994683461877558	214	112	163	88.36344656158052	0.0	0	0	112
47	1.0	100.0	[2]	{0}	2.700336777221297	2.060555719348309	2.0451042980333813	0.0	0	243.17335058003664	256.82664941996336	0.09061030445113442	119	5	62	44.51950711508094	0.7550987521410565	0	0	5
482	1.0	100.0	[3]	{0}	2.075943513136501	1.8288998493481394	1.8202654921800756	0.0	0	534.0396182145923	34.03961821459234	7.711404908218094	135	99	117	88.59335656393132	2.360118969381451	0	0	99
358	1.0	100.0	[2]	{2}	2.712540464320841	2.4163264715713595	2.4895025928659837	0.0	0	138.98973050527275	361.01026949472725	1.8896300924516936	194	140	167	95.40740822831725	1.3359305315832004	0	0	140
296	1.0	100.0	[3]	{1}	1.1819181985951528	0.999030536279258	1.048961098548217	0.0	0	842.9823347833008	342.98233478330076	3.4647907310042347	81	57	69	41.61986559561828	1.4457572467556121	0	0	57
234	1.0	100.0	[1]	{0}	5.055551751125295	4.077383258841101	4.077383258841101	0.0	0	483.57570823282	16.424291767180023	0.7874122909518425	47	9	28	20.780999999999995	0.0	0	0	9
110	1.0	100.0	[2]	{2}	3.577369671648826	2.8172000204684946	2.9668467071949904	0.0	0	300.2250634599477	199.7749365400523	4.21133353166325	190	102	146	99.05795647291465	1.9272382536148216	0	0	102
421	1.0	100.0	[2]	{0}	1.7216983220840043	1.484863809617847	1.478749772791488	0.0	0	592.2982206102461	92.29822061024606	1.4899774631592573	111	13	62	43.68868541070819	0.6841428078171354	0	0	13
172	1.0	100.0	[1]	{1}	2.5271902516417306	2.155577632689745	2.155577632689745	0.0	0	522.1343096345663	22.134309634566307	nan	1	1	1	0.5848656903654337	0.0	0	0	1
48	1.0	100.0	[1]	{2}	3.3197712623437026	2.9518152058680602	2.9518152058680602	0.0	0	349.693869240582	150.306130759418	0.8486258207860436	183	31	107	75.24871376215667	0.0	0	0	31
483	1.0	100.0	[2]	{2}	3.5699094438744092	3.123668480085393	3.147356216549741	0.0	0	34.01477308943868	465.9852269105613	0.040077642144366814	237	141	189	95.81876256772503	1.4132351586353122	0	0	141
359	1.0	100.0	[2]	{1}	3.6516418715145837	3.0124159618803956	3.150976303791011	0.0	0	949.7036470565944	449.7036470565944	0.409791012460865	210	130	170	86.70638000037896	1.6332701516640529	0	0	130
297	1.0	100.0	[1]	{0}	2.0282406999687095	1.4057931659405627	1.4057931659405627	0.0	0	253.57528077438477	246.42471922561523	0.4939239893413877	28	10	19	13.71917752696946	0.0	0	0	10
235	1.0	100.0	[2]	{1}	4.1867261021982065	3.8289088742356028	3.8140353370598494	0.0	0	543.3666328899562	43.366632889956236	1.6991126171105602	241	21	130	99.85599696009604	2.063644202030309	0	0	19
111	1.0	100.0	[3]	{2}	0.9371688132110475	0.7595589838850604	0.7324189315033598	0.0	0	252.7362413238734	247.2637586761266	0.0	49	3	26	18.24383489588648	0.34610011859735934	0	0	3
422	1.0	100.0	[2]	{0}	2.6224805328155716	2.12948773900154	2.113017055533578	0.0	0	438.7734946794808	61.22650532051921	1.3339306764867285	122	18	70	53.83443612769245	1.0707890964874207	0	0	18
173	1.0	100.0	[2]	{2}	2.0774300293369494	1.692315515179085	1.690906113989457	0.0	0	475.29619792476296	24.703802075237036	0.6950480468569159	91	1	46	35.04926083320379	0.7092430942056365	0	0	1
49	1.0	100.0	[1]	{1}	5.761987223082261	4.544937363384844	4.544937363384845	0.0	0	94.84508633613586	405.15491366386414	1.35764566599167	175	23	99	53.88545199322701	0.0	0	0	23
484	1.0	100.0	[3]	{0}	2.4240135578585713	1.8704375143147915	1.9151803189964123	0.0	0	816.2286386359483	316.2286386359483	0.5421070456649759	119	29	74	46.55473895911499	0.9188499860846472	0	0	29
298	1.0	100.0	[1]	{1}	0.8108315382530498	0.6978636880118112	0.6978636880118112	0.0	0	770.994282560423	270.994282560423	0.4179067487737436	60	20	40	26.278171523187307	0.0	0	0	20
360	1.0	100.0	[1]	{0}	3.2452248981865206	2.710694270830744	2.710694270830744	0.0	0	858.279564185068	358.279564185068	0.4822562524520634	181	63	122	75.34380706801262	0.0	0	0	63
236	1.0	100.0	[1]	{1}	4.784255381057465	4.710959277971352	4.710959277971352	0.0	0	469.0711586736143	30.92884132638568	nan	2	0	1	0.7219288413263857	0.0	0	0	0
112	1.0	100.0	[3]	{0}	3.0475528546553177	2.5836902683034695	2.5895541903560217	0.0	0	296.20888317003846	203.79111682996154	5.810897435897436	168	88	127	92.41639974265172	2.459890573809676	0	0	86
423	1.0	100.0	[1]	{2}	1.2880305608308276	1.0415627389134907	1.0415627389134907	0.0	0	250.9822037536651	249.0177962463349	1.0522707250048582	77	23	50	32.58532374263927	0.0	0	0	23
174	1.0	100.0	[3]	{1}	3.3489565424854693	2.76138997133888	2.766528331789218	0.0	0	450.7785441819578	49.221455818042216	4.421699926562653	166	66	116	86.71255708836392	2.14288009492244	0	0	66
50	1.0	100.0	[2]	{2}	1.6021994250985188	1.2128821622579773	1.391620735303877	0.0	0	998.7224950455128	498.7224950455128	2.3676933479032023	105	103	104	46.70230550535771	0.9489138661125025	0	0	103
485	1.0	100.0	[2]	{0}	1.976623541215773	1.6794153228107989	1.659010597070216	0.0	0	878.5622296854854	378.56222968548536	0.6069320593707904	101	33	67	39.21582844855636	0.7245994117307946	0	0	33
299	1.0	100.0	[3]	{2}	3.318308604627893	2.801152335777178	2.725534229462256	0.0	0	355.80729972571135	144.19270027428865	2.0586357299498688	167	33	99	73.5595678936914	2.4188461640052954	0	0	31
361	1.0	100.0	[2]	{0}	2.1654888357005606	1.7426161378703764	1.6926214747240595	0.0	0	694.9790616054088	194.9790616054088	2.2148906600948544	109	19	64	45.567418767891816	0.8662874772269873	0	0	19
237	1.0	100.0	[3]	{0}	1.329965749903463	1.1562970746095913	1.1039173799914699	0.0	0	926.5244100242852	426.5244100242852	2.085848551153795	86	58	72	40.18458421859147	0.9743503949640466	0	0	58
113	1.0	100.0	[2]	{2}	2.9798092680210404	2.6591200231469614	2.7206144388215403	0.0	0	314.1748427879065	185.82515721209347	4.719202653880399	226	120	173	117.85960377636744	1.5616360184473765	0	0	120
175	1.0	100.0	[3]	{0}	2.0077327877594344	1.7537516618601479	1.7832862161129444	0.0	0	234.81879546307027	265.1812045369297	6.294452250413389	135	99	117	77.48785929602569	2.33126799328709	0	0	99
424	1.0	100.0	[2]	{2}	1.3631391980471812	1.1682258094265774	1.148846444885061	0.0	0	565.8379399683326	65.83793996833265	4.084624922376739	93	41	67	51.32892085939836	0.761626343291637	0	0	41
486	1.0	100.0	[1]	{2}	2.091603907292358	1.9411646335707804	1.9411646335707804	0.0	0	154.57391971722245	345.42608028277755	0.5934424260562083	22	2	12	7.370739197172225	0.0	0	0	2
51	1.0	100.0	[2]	{2}	0.9356506632630899	0.8375607085168997	0.8419503528804468	0.0	0	453.4043131861836	46.59568681381643	1.5422664680871	74	18	46	33.755320769213135	0.4683321177359015	0	0	18
300	1.0	100.0	[2]	{0}	2.068557073227677	1.8377270415247442	1.732947885244616	0.0	0	68.90695495530963	431.09304504469037	0.6721035539312809	123	29	76	41.32348684687169	0.9417239687053509	0	0	29
362	1.0	100.0	[3]	{2}	1.4721784607905457	1.2754999029482796	1.2776158286499493	0.0	0	675.8914680685848	175.8914680685848	5.801967904272857	110	84	97	66.38788393691367	1.3998855878130252	0	0	84
238	1.0	100.0	[3]	{1}	2.0721973258631174	1.7818083592687324	1.7752437359070037	0.0	0	310.9377508517355	189.06224914826453	6.178025091026703	130	94	112	81.6175100340694	1.8034879529530043	0	0	94
114	1.0	100.0	[1]	{2}	1.5482078563803574	1.5058407801529228	1.5058407801529228	0.0	0	954.0400179103016	454.0400179103016	1.3343811293742658	119	53	85	44.25667851344495	0.0	0	0	51
176	1.0	100.0	[1]	{2}	1.8530162501233238	1.4459047829209837	1.4459047829209837	0.0	0	935.2721453178674	435.2721453178674	0.7901836773196717	89	11	50	28.47756989664957	0.0	0	0	11
487	1.0	100.0	[1]	{2}	0.6497139506395306	0.5671960684617625	0.5671960684617625	0.0	0	906.9997637998312	406.99976379983116	0.6831300510639733	27	1	14	8.411002362001689	0.0	0	0	1
425	1.0	100.0	[1]	{1}	3.7003080783161533	3.1423291775340774	3.1423291775340774	0.0	0	954.9096953123808	454.9096953123808	2.2478912415246772	197	103	150	73.31618448439242	0.0	0	0	103
52	1.0	100.0	[1]	{0}	3.3258165391710772	2.5109604304859214	2.5109604304859214	0.0	0	520.2521118335426	20.252111833542585	1.859254239686996	53	13	33	24.382739440832285	0.0	0	0	13
363	1.0	100.0	[1]	{1}	3.248986670852237	2.3812720654141	2.3812720654141004	0.0	0	336.0207756049931	163.9792243950069	0.6520506636966263	104	4	54	39.232207756049924	0.0	0	0	4
301	1.0	100.0	[1]	{1}	1.89684627973557	1.571528424107852	1.571528424107852	0.0	0	627.6377020403743	127.63770204037428	0.062309532176215286	100	14	56	40.891144342869524	0.0	0	0	12
239	1.0	100.0	[1]	{2}	1.6760909918501894	1.397528799246802	1.397528799246802	0.0	0	572.489223908633	72.489223908633	0.7911832601964645	108	4	56	42.361762925989936	0.0	0	0	4
115	1.0	100.0	[3]	{1}	0.37773220701575266	0.3469891162069866	0.34358568605765943	0.0	0	405.0403202418238	94.95967975817621	4.038694031717118	30	24	27	20.71295967975817	0.5181330385639772	0	0	24
177	1.0	100.0	[1]	{2}	1.5700930440737186	1.1811782758297331	1.1811782758297331	0.0	0	742.3542961478233	242.35429614782333	0.21516574145596762	47	9	28	18.99503985393047	0.0	0	0	9
426	1.0	100.0	[1]	{0}	4.1394359155465965	3.015111300751645	3.015111300751645	0.0	0	35.69728648290038	464.3027135170996	0.6388478120322618	100	10	55	29.667956183593716	0.0	0	0	10
488	1.0	100.0	[1]	{2}	3.1750830995380506	2.4618038900208195	2.4618038900208195	0.0	0	504.41260170191526	4.412601701915264	0.7282190812544191	76	6	41	31.464762194894252	0.0	0	0	6
364	1.0	100.0	[3]	{0}	1.0488046169546015	0.8944011592869234	0.8678147022604112	0.0	0	660.1626956835389	160.1626956835389	2.763527257570798	53	25	39	29.889813478417693	0.8156864794944755	0	0	25
53	1.0	100.0	[2]	{2}	1.3092824300396673	1.163111738912479	1.1152277044248238	0.0	0	191.92318129353225	308.07681870646775	1.8823734651541189	85	19	52	33.83515906467661	0.6160153681135782	0	0	19
302	1.0	100.0	[1]	{0}	2.11555032884408	2.0308980904521152	2.0308980904521152	0.0	0	434.56464912742376	65.43535087257624	0.969677783399449	140	20	80	57.50497385986148	0.0	0	0	20
240	1.0	100.0	[1]	{1}	2.6524741114957857	2.3926805226150605	2.3926805226150605	0.0	0	778.7105850875378	278.71058508753777	0.8531152612455077	152	28	90	58.7681013842225	0.0	0	0	28
116	1.0	100.0	[3]	{2}	3.6618085163641765	2.718064117920298	2.83031090743714	0.0	0	965.4413445387036	465.44134453870356	0.7737219950158677	154	44	99	50.82018957974574	0.9127982128442231	0	0	44
489	1.0	100.0	[3]	{2}	1.574513351231327	1.2503054334977008	1.2482624209941404	0.0	0	521.2974131572992	21.29741315729916	0.8744208879291184	78	18	48	36.446405173685406	0.6349469907768601	0	0	18
365	1.0	100.0	[3]	{2}	1.5413403428190784	1.205124334042373	1.182281221688446	0.0	0	740.8250290900469	240.82502909004688	0.03453069416370981	71	7	39	28.591674389109016	0.30506128077718325	0	0	7
178	1.0	100.0	[1]	{2}	1.436614878876305	1.0404324854234162	1.0404324854234162	0.0	0	855.4236986674368	355.42369866743684	2.737244507256795	25	9	17	9.65118671199307	0.0	0	0	9
427	1.0	100.0	[2]	{1}	2.536120150798439	2.145528995705096	2.1019346763551825	0.0	0	308.1887806765735	191.81121932342649	2.1932943174270623	150	22	86	61.272837086007016	1.061151813955718	0	0	22
303	1.0	100.0	[3]	{1}	1.286598911170733	1.0361484037754258	1.0491758357566925	0.0	0	865.514179226011	365.51417922601104	1.7842851423995423	77	35	56	33.89434775560349	0.7094546051139518	0	0	35
54	1.0	100.0	[1]	{2}	1.7121488420018696	1.5051807002638906	1.5051807002638906	0.0	0	756.132282782346	256.132282782346	nan	1	1	1	0.5268677172176539	0.0	0	0	1
117	1.0	100.0	[1]	{0}	1.99709249437542	1.5404087353481315	1.540408735348131	0.0	0	754.1781631298363	254.17816312983632	0.5780059766913394	31	7	19	11.066327553052455	0.0	0	0	7
241	1.0	100.0	[2]	{0}	3.4429847335816497	2.9798368531750707	2.9796349005890113	0.0	0	533.5510587319732	33.55105873197317	1.064925318539255	207	15	110	85.4523698763102	1.2641617949986481	0	0	13
490	1.0	100.0	[2]	{1}	1.1052830588828866	1.04972765545585	1.0388293003619409	0.0	0	131.4364466816187	368.5635533183813	0.5067927641305429	93	49	71	41.14398771439494	0.5157575832250111	0	0	49
179	1.0	100.0	[1]	{1}	3.243015153074855	2.718530683685725	2.718530683685725	0.0	0	668.1253027636558	168.12530276365578	1.0508585689503713	136	2	69	50.3311228806544	0.0	0	0	2
55	1.0	100.0	[3]	{0}	3.2258228682084695	2.729944874019056	2.753234391426634	0.0	0	547.8851986117661	47.8851986117661	6.22579079325626	186	114	150	110.42290324719995	3.157299430159766	0	0	114
366	1.0	100.0	[2]	{1}	3.4898976153413788	2.975798421019066	2.980420010334317	0.0	0	511.8279857560992	11.827985756099224	1.810249330657127	186	32	109	81.15142869795113	1.6262046217386046	0	0	32
428	1.0	100.0	[1]	{1}	2.2957623435432053	1.725023794261264	1.725023794261264	0.0	0	17.35503482632339	482.6449651736766	2.1921359585270572	89	5	46	23.272621532358226	0.0	0	0	3
304	1.0	100.0	[2]	{1}	1.3828717898086915	1.1437481133649516	1.1373993559779842	0.0	0	308.056672103703	191.94332789629698	0.731865787125189	77	11	44	30.801473474696273	0.47903966880927484	0	0	11
242	1.0	100.0	[3]	{2}	1.1647232239210856	1.0490360979290647	1.004906260339618	0.0	0	69.44686733186245	430.55313266813755	2.3019109589816407	83	25	54	27.129237101256848	1.15340642262902	0	0	25
118	1.0	100.0	[1]	{0}	5.675598353771518	3.896983001985103	3.896983001985103	0.0	0	908.4491687826812	408.4491687826812	0.6943650748294136	20	0	10	6.240508312173188	0.0	0	0	0
367	1.0	100.0	[3]	{2}	3.3974596813735376	2.68240778274777	2.6846816435795056	0.0	0	568.6070937663317	68.60709376633167	3.8413802917279916	151	43	97	71.65317871870101	1.1258382924850745	0	0	43
180	1.0	100.0	[2]	{0}	2.668492983426373	2.17673238455614	2.26698703182542	0.0	0	357.52517939545214	142.47482060454786	3.6610194165183545	146	58	102	74.73671219889076	1.5662184198267806	0	0	58
491	1.0	100.0	[1]	{2}	2.4872878820962585	2.106928883098561	2.106928883098561	0.0	0	583.254485623911	83.25448562391102	0.9518135862896019	149	23	85	61.40605711817184	0.0	0	0	21
429	1.0	100.0	[3]	{1}	1.097145830253626	0.9289459681626184	0.9324629600059513	0.0	0	621.3709937874228	121.37099378742278	3.245776476448268	69	39	54	39.20706409940125	0.9058059008505962	0	0	39
56	1.0	100.0	[1]	{2}	0.48746947720524414	0.3709768681995521	0.3709768681995521	0.0	0	91.4671178907156	408.5328821092844	1.6397831834998458	8	2	5	1.937335589453578	0.0	0	0	2
305	1.0	100.0	[2]	{1}	1.2066811780662552	0.9868142174853807	0.9931661052844647	0.0	0	601.2446479871869	101.24464798718691	1.7919903315633652	80	26	53	38.61392661642283	0.4525635268559862	0	0	26
119	1.0	100.0	[2]	{2}	1.6404864289347256	1.3984358910773484	1.3937695539787711	0.0	0	450.83409477956593	49.16590522043407	1.5535340400094273	109	15	61	43.83785693816654	0.6684363605443916	0	0	13
243	1.0	100.0	[2]	{2}	4.406302305927882	3.59705466417271	3.6166535613801547	0.0	0	452.4062841665	47.59371583350003	2.2593189298756218	240	46	143	104.02103360748852	1.8252983118083441	0	0	46
430	1.0	100.0	[3]	{0}	2.9264319504313083	2.270788276407096	2.2830868662115167	0.0	0	832.0427020080388	332.04270200803876	0.004883862905055044	128	30	79	51.31473679357394	0.7431424083000895	0	0	30
492	1.0	100.0	[1]	{1}	5.232963654009368	4.069381527887538	4.069381527887539	0.0	0	629.3304217979312	129.3304217979312	0.2581988897471611	14	0	7	4.824347891010343	0.0	0	0	0
181	1.0	100.0	[1]	{2}	1.8096975531938215	1.261482839134058	1.261482839134058	0.0	0	10.25861082598567	489.74138917401433	1.5275252316519468	6	0	3	0.881775832477957	0.0	0	0	0
368	1.0	100.0	[2]	{0}	2.4258017558886595	2.1552931328199185	2.1190032568438535	0.0	0	323.3155054040253	176.68449459597468	3.079194058884816	163	7	85	57.31355593772608	1.1114960443654693	0	0	7
57	1.0	100.0	[2]	{0}	3.5419942565700024	3.299249801889478	3.288317752261107	0.0	0	528.8646039552987	28.864603955298662	3.0751314775690557	245	27	135	102.29905420739581	1.8960561037803998	0	0	25
306	1.0	100.0	[1]	{2}	2.3855233626728145	1.9909244982183896	1.9909244982183896	0.0	0	57.64226661995053	442.35773338004947	1.7559676705147642	16	2	9	5.933780399579555	0.0	0	0	2
120	1.0	100.0	[3]	{2}	1.505918368478714	1.3498545929873993	1.3163067537353503	0.0	0	36.06585552915931	463.9341444708407	1.1121188051679716	95	55	75	41.08667574257031	1.5672554599015194	0	0	55
244	1.0	100.0	[1]	{2}	1.821786004005277	1.4845740443610627	1.4845740443610627	0.0	0	447.43924238719046	52.56075761280954	0.20758806960775553	66	0	33	23.67171015103348	0.0	0	0	0
431	1.0	100.0	[2]	{1}	1.7943969040752474	1.3780234796970852	1.3791043070894244	0.0	0	467.8654931485653	32.13450685143471	0.15207018804111255	71	1	36	26.566654931485658	0.515540333941934	0	0	1
182	1.0	100.0	[1]	{2}	3.0462190682751875	2.240940975913935	2.240940975913935	0.0	0	219.57842679694292	280.42157320305705	0.0	12	2	7	4.856735280390829	0.0	0	0	2
493	1.0	100.0	[1]	{2}	2.8153012305749265	2.000943916444994	2.000943916444994	0.0	0	402.65875961631536	97.34124038368464	0.55170539338371	66	2	35	25.71129379808157	0.0	0	0	4
58	1.0	100.0	[3]	{0}	1.9238627071232468	1.4974647437344206	1.5468508396161806	0.0	0	105.92254088260232	394.07745911739767	2.91476674702748	86	30	58	31.612746717069296	0.9569512575516099	0	0	30
369	1.0	100.0	[2]	{2}	2.3998487681106275	2.0259534754042847	1.978671140339891	0.0	0	792.6775447558612	292.67754475586116	0.24685786022992692	146	38	93	60.536184143310415	0.9402977051413969	0	0	40
307	1.0	100.0	[2]	{1}	1.8593117624057467	1.5693017227559924	1.5786109704900384	0.0	0	442.84455105662346	57.15544894337654	0.7911144474508839	107	1	54	40.73097436618805	0.8118310338584123	0	0	1
121	1.0	100.0	[1]	{0}	1.975127240360604	1.7662704117526722	1.7662704117526722	0.0	0	356.42067715525627	143.57932284474373	0.4099461242312734	111	5	58	45.94947593706847	0.0	0	0	5
245	1.0	100.0	[1]	{0}	4.608903196846465	3.9351287612559904	3.9351287612559904	0.0	0	883.9765014126897	383.9765014126897	0.9057219285977397	57	21	39	19.02286944773049	0.0	0	0	21
432	1.0	100.0	[1]	{2}	1.5072412024747406	1.3209489544059756	1.3209489544059756	0.0	0	970.2827101573348	470.2827101573348	0.5022472023339227	95	49	72	36.01564486867189	0.0	0	0	49
183	1.0	100.0	[1]	{1}	4.225584657706407	3.502274892873383	3.502274892873383	0.0	0	78.05000012740493	421.9499998725951	0.7437157742504628	150	14	83	46.17355000904575	0.0	0	0	16
494	1.0	100.0	[2]	{0}	0.8990776417034565	0.8621647989306265	0.799090348098145	0.0	0	936.8262586649508	436.82625866495084	0.29114029640735845	72	16	44	23.632644618742155	0.4939440622218843	0	0	16
308	1.0	100.0	[3]	{2}	2.340807750555225	2.0820458426897046	2.037570574849689	0.0	0	394.0264696720988	105.97353032790119	7.528196008683868	147	85	116	82.5494235147536	2.6754008945802554	0	0	85
59	1.0	100.0	[1]	{0}	5.095171772574781	4.18116378271083	4.18116378271083	0.0	0	128.6128326319158	371.3871673680842	1.1048699276987621	144	8	76	45.808641631595776	0.0	0	0	8
370	1.0	100.0	[1]	{1}	2.6827734571730417	2.4661841398924667	2.4661841398924667	0.0	0	58.669837191700935	441.33016280829906	0.05983603457389199	196	136	166	84.25451362505558	0.0	0	0	136
246	1.0	100.0	[1]	{2}	3.544753031737797	2.5497810055677546	2.5497810055677546	0.0	0	201.44161581993103	298.55838418006897	1.9104926788105543	61	5	33	21.31192362713814	0.0	0	0	5
122	1.0	100.0	[2]	{0}	3.3112398577466786	3.105555909165984	3.129422853430742	0.0	0	792.1761765610427	292.17617656104267	0.2616566323830917	243	133	188	118.86593586589028	1.555489749765656	0	0	133
184	1.0	100.0	[3]	{0}	2.568419075434803	2.4073895307493087	2.441601819612936	0.0	0	877.8359985444695	377.8359985444695	7.3741538263103825	191	179	185	111.23481219358555	4.21284809071053	0	0	179
433	1.0	100.0	[1]	{0}	6.199773472807468	4.775946197504783	4.775946197504783	0.0	0	626.1890828609467	126.18908286094666	0.5635595622271021	93	1	47	35.600920088529584	0.0	0	0	1
309	1.0	100.0	[3]	{2}	1.2731200610995432	1.0759812000747304	1.0093403510912289	0.0	0	148.21023819968104	351.78976180031896	0.4950087998537669	76	18	47	30.212517384190118	0.6254361784711768	0	0	18
60	1.0	100.0	[3]	{2}	3.735776976585642	3.0721973810279506	3.065599643882546	0.0	0	451.7921595834196	48.20784041658038	5.144744554178729	181	89	135	102.91412943625083	2.246995542667304	0	0	89
495	1.0	100.0	[2]	{0}	1.3884821782951369	1.1258369676077258	1.1690224055516376	0.0	0	710.6603095307946	210.66030953079462	1.0509697606833277	80	32	56	35.84558761876821	0.6797816700069819	0	0	32
371	1.0	100.0	[1]	{2}	4.354910226935851	3.433990052240654	3.4339900522406532	0.0	0	245.4983233474195	254.5016766525805	2.767617215226634	102	32	67	45.03843796385452	0.0	0	0	32
123	1.0	100.0	[1]	{1}	2.7479303128166768	2.1636898231472346	2.1636898231472346	0.0	0	128.0512111261487	371.9487888738513	0.5773502691896258	5	3	4	2.1451024222522976	0.0	0	0	3
247	1.0	100.0	[2]	{0}	4.122307454781393	3.166529352533942	3.3951936291485296	0.0	0	773.181707598269	273.181707598269	2.246371298798657	220	126	173	108.33537922864411	2.1710808538220623	0	0	126
61	1.0	100.0	[1]	{1}	2.189313324753493	1.8069092735719017	1.8069092735719017	0.0	0	219.2978491075337	280.7021508924663	0.13592873654160803	50	6	28	19.665574189290403	0.0	0	0	6
185	1.0	100.0	[3]	{1}	1.6970459765195618	1.2667708515157656	1.286230137057927	0.0	0	961.7265302222222	461.7265302222222	1.8862329556044632	67	7	37	22.727571442222228	0.14970984951029653	0	0	7
