iter	recomb_rate	mut_rate	recomb_type	recomb_node	ARG_length_1	ARG_length_2	ARG_length_3	ARG_length_4	root_height_change	bp	bp_pos_deviation	rank_stat	info_sites_global	confounding_info_sites	consistent_info_sites	weighted_consistent_info_sites	rf_dist	no_neu_recurr_mut	no_adv_recurr_mut	info_sites_imbalance
372	1.0	100.0	[3, 3]	set()	2.513577705460363	2.187975554487747	2.2219147641214194	0.0	0	[187.28729244321585, 582.7713822345339]	1.0453041100285638	0	0	0	0	0	0.075625	0.25	0	0
186	1.0	100.0	[3, 3]	set()	3.5674428337410053	3.152318203205375	3.167712587354796	0.0	0	[381.3212062232196, 603.2437952235341]	1.0684996287178636	0	0	0	0	0	0.123	0.375	0	0
310	1.0	100.0	[2, 3]	set()	5.195642126604499	4.435103293224602	4.455022341931486	0.0	0	[405.1972927991301, 878.9466500747949]	0.9755818472536418	0	0	0	0	0	0.04575	0.375	0	0
62	1.0	100.0	[3]	set()	4.022373874262514	3.8760244358585445	3.879149675714286	0.0	0	[546.9051867257804]	0.6887405107502392	0	0	0	0	0	0.1135	0.25	0	0
248	1.0	100.0	[3, 2, 3]	set()	5.346716002790709	4.24227727062608	4.331082369103971	0.0	0	[563.2593464106321, 637.6663534167312, 846.3429789990187]	1.131438507732586	0	0	0	0	0	0.32037499999999997	1.125	0	0
124	1.0	100.0	[3, 3, 3, 3, 3]	set()	6.222961868812959	4.623381766783522	4.736247991459432	0.0	0	[491.21467862278223, 788.8841221574694, 809.0120546985418, 912.523644976318, 961.9390908628702]	1.296304671369199	0	0	0	0	0	0.02375	0.75	0	0
0	1.0	100.0	[3, 3, 3, 2]	set()	7.08057322514307	4.919750969203147	5.509587468328362	0.0	0	[510.17238292843103, 728.7825128731259, 965.085731652438, 994.4167493448066]	1.1491170598707667	0	0	0	0	0	0.5316249999999999	2.875	0	0
434	1.0	100.0	[3, 3]	set()	7.160021477469078	6.415262382909427	6.15120168407933	0.0	0	[232.2678482159972, 903.2697430811822]	0.8327433874719752	0	0	0	0	0	0.070125	0.375	0	0
496	1.0	100.0	[3, 3, 3, 3, 3, 2]	set()	7.673605738888864	5.20058505409532	5.232982572675515	0.0	0	[224.92734403794915, 249.613874591887, 346.03857636848943, 610.7420837011555, 635.6586455367506, 677.6662591840426]	1.5944232527722313	0	0	0	0	0	0.49675	3.625	0	0
373	1.0	100.0	[2]	set()	2.7083331542266644	2.5013958641421357	2.504796430099591	0.0	0	[378.8429629057646]	0.6634948588703447	0	0	0	0	0	0.0	0.0	0	0
311	1.0	100.0	[3, 2, 3, 2]	set()	6.1745696293062515	3.91518901505132	4.3568269388504355	0.0	0	[149.21117042012983, 276.7164548859, 332.51026924699545, 806.7691454754105]	1.3789382914782815	0	0	0	0	0	0.268625	1.375	0	0
249	1.0	100.0	[2]	set()	2.8529865405218304	2.638339151259413	2.6360956581573536	0.0	0	[512.2945075854659]	0.692844840255292	0	0	0	0	0	0.0	0.0	0	0
63	1.0	100.0	[3]	set()	4.865292065303041	4.742245850590965	4.73960214977626	0.0	0	[660.8768659643829]	0.6404521438202747	0	0	0	0	0	0.125	0.25	0	0
125	1.0	100.0	[3]	set()	2.165427855083646	2.087215462809102	2.0796060998654062	0.0	0	[555.9217035770416]	0.6868796015322096	0	0	0	0	0	0.125	0.25	0	0
187	1.0	100.0	[3, 3, 3, 2, 2]	set()	7.036017043117421	4.769164496348011	4.921181989320399	0.0	0	[79.11494474944813, 167.08336033013805, 419.203106622148, 451.804610812427, 682.5432854238898]	1.576151467247302	0	0	0	0	0	0.104125	0.5	0	0
435	1.0	100.0	[3, 3, 2]	set()	3.397089114167044	2.5812344069241835	2.7073531248783103	0.0	0	[72.20166176557541, 135.04517078399658, 596.2333634980679]	1.0867813131665105	0	0	0	0	0	0.027	0.375	0	0
497	1.0	100.0	[3, 3]	set()	2.0335484742929975	1.7656753466092001	1.8622183803045664	0.0	0	[91.1536815110594, 237.7165707293898]	0.7066886799610212	0	0	0	0	0	0.36812500000000004	1.125	0	0
64	1.0	100.0	[2]	set()	3.1179260249084555	3.025775182573552	3.0300548074858513	0.0	0	[634.4409063458443]	0.6565497820563982	0	0	0	0	0	0.0	0.0	0	0
374	1.0	100.0	[3, 3]	set()	4.540391457652338	3.9699807001718006	4.023447346914268	0.0	0	[216.49365243356743, 353.6786697804928]	0.8858774436762451	0	0	0	0	0	0.152	0.5	0	0
126	1.0	100.0	[3, 3]	set()	3.644764987656628	3.29798609365544	3.3129649433161164	0.0	0	[534.8228868097067, 985.3515673894436]	0.755790805708225	0	0	0	0	0	0.06575	0.75	0	0
250	1.0	100.0	[3, 2, 3]	set()	3.538491923911524	3.2588960717994633	3.3043181130925303	0.0	0	[407.97445041474754, 615.5975956935436, 624.2983327247202]	1.1012359200505608	0	0	0	0	0	0.45299999999999996	1.875	0	0
1	1.0	100.0	[3, 3, 3, 3]	set()	8.347064635678791	6.50545814308401	6.642175591178043	0.0	0	[180.25075690820813, 471.54504572972655, 702.7441789396107, 904.6298312023282]	1.5538636963359873	0	0	0	0	0	0.063375	0.375	0	0
436	1.0	100.0	[3, 3]	set()	4.565568641472186	3.9228017319131867	4.081048825986564	0.0	0	[19.84988602330961, 101.80971212685108]	0.3792690855957175	0	0	0	0	0	0.152625	1.0	0	0
312	1.0	100.0	[2, 3]	set()	6.119646875399542	4.989049812661567	5.172697648991998	0.0	0	[180.14418566599488, 750.9490898810327]	0.9750266443728173	0	0	0	0	0	0.09375	0.375	0	0
188	1.0	100.0	[2, 3, 2, 3]	set()	6.5682126070526605	4.311857265208627	4.404392008114476	0.0	0	[128.85007127384716, 407.9233556985855, 628.9740143519148, 679.4433502946049]	1.4692662778906604	0	0	0	0	0	0.08025	0.25	0	0
498	1.0	100.0	[3, 3, 3, 3]	set()	5.08270959672282	3.955074092062975	3.900216298805892	0.0	0	[165.05197063088417, 181.27088574692607, 469.1204929258674, 840.1430691592395]	1.3836117424291494	0	0	0	0	0	0.279625	1.5	0	0
65	1.0	100.0	[3, 3]	set()	6.6619459769596325	5.705656123949582	5.60018130006228	0.0	0	[251.1861799284816, 567.957438994199]	1.0737650109855077	0	0	0	0	0	0.070875	0.25	0	0
2	1.0	100.0	[3, 2]	set()	3.072424972756095	2.7766815520427404	2.6846474409176198	0.0	0	[154.14982568472624, 916.2708879448472]	0.7029263992377176	0	0	0	0	0	0.18275000000000002	0.75	0	0
127	1.0	100.0	[3]	set()	3.6098244198685623	3.3753397620366967	3.379565125385378	0.0	0	[409.7235221415758]	0.6767577603568911	0	0	0	0	0	0.17612499999999998	0.375	0	0
313	1.0	100.0	[3, 3, 3, 3, 3]	set()	5.1900367104774485	3.7619744851743384	4.175615457255649	0.0	0	[480.7279570959509, 539.1122279688716, 615.9793358878828, 729.8369330819696, 860.8370646653726]	1.503280269036239	0	0	0	0	0	0.215	0.625	0	0
251	1.0	100.0	[2, 3]	set()	3.122892597661839	2.966012625432336	2.986516381115076	0.0	0	[70.25199942290783, 343.7596771400422]	0.817575170687705	0	0	0	0	0	0.375	1.125	0	0
189	1.0	100.0	[2, 2, 3]	set()	3.9994794016430673	3.6120012618727655	3.4825489993718266	0.0	0	[428.0262687243521, 454.40954826038205, 768.0306959624521]	1.161721967147134	0	0	0	0	0	0.029	0.125	0	0
437	1.0	100.0	[3, 3, 3, 3, 2]	set()	8.787284792458006	6.0391142533994735	6.496151696832668	0.0	0	[31.74331066642866, 217.0907096005976, 483.8743596337736, 801.6508934088051, 988.9243937607856]	1.502322518392029	0	0	0	0	0	0.11275	0.75	0	0
3	1.0	100.0	[3, 3]	set()	4.229682697812838	3.8632069643809404	3.853746347317615	0.0	0	[539.5238441715344, 570.3866383992136]	0.8032374349813547	0	0	0	0	0	0.40537500000000004	1.375	0	0
375	1.0	100.0	[2, 2, 3, 2, 3, 2, 2, 2]	set()	11.457912496669083	7.473830676245839	8.008402318256074	0.0	0	[8.579346131575516, 255.63636980950832, 290.8500744961202, 370.3090762719512, 480.7274676859379, 544.3772976093803, 573.8088078796864, 968.2300892129604]	1.7042221361147412	0	0	0	0	0	0.13	1.0	0	0
66	1.0	100.0	[3, 2]	set()	4.992826263014383	3.795513525620521	4.0674877192937835	0.0	0	[162.12658630684018, 873.1073090062673]	0.7994511126401562	0	0	0	0	0	0.14525	0.5	0	0
128	1.0	100.0	[3, 3, 2]	set()	6.302006494479272	5.1502912247935395	5.093544122220695	0.0	0	[499.3332023732364, 870.4402521252632, 879.7744186595082]	1.0129557839476342	0	0	0	0	0	0.078625	0.375	0	0
314	1.0	100.0	[3, 3, 3]	set()	3.3223230242531234	2.839294955292584	2.8679033041187316	0.0	0	[34.040466882288456, 697.4095865152776, 734.8768598349851]	0.8623465798622545	0	0	0	0	0	0.12925000000000003	0.625	0	0
190	1.0	100.0	[3, 3]	set()	4.505363722566428	3.9709919462650953	3.8558132998294887	0.0	0	[806.9771765731275, 985.6180376373233]	0.5417564284170026	0	0	0	0	0	0.151125	0.75	0	0
252	1.0	100.0	[2, 2, 3, 2]	set()	6.55210671555947	5.137664333064286	5.191799422929316	0.0	0	[103.47655741497874, 330.5679243057966, 454.7650441527367, 583.0768228295885]	1.4586373053275012	0	0	0	0	0	0.19324999999999998	0.875	0	0
499	1.0	100.0	[3, 2, 2, 3, 3]	set()	9.165425994322884	6.652192361803728	6.45700617546054	0.0	0	[28.51591072976589, 114.76633764256584, 119.70118097165472, 313.29027004539967, 912.4323038443218]	1.1770557494841762	0	0	0	0	0	0.21774999999999997	2.0	0	0
438	1.0	100.0	[3, 3]	set()	5.418610753069597	4.415630782404245	4.543548697395073	0.0	0	[704.6954948455095, 835.965400096029]	0.8097012460099732	0	0	0	0	0	0.16625	0.625	0	0
4	1.0	100.0	[3, 3]	set()	4.837923585654941	4.222144925934174	4.079558773689965	0.0	0	[291.5918743237853, 378.9331978186965]	0.8681144855695841	0	0	0	0	0	0.114125	0.25	0	0
67	1.0	100.0	[3]	set()	2.8740445261979586	2.732311953791058	2.6909882727797956	0.0	0	[862.0820250362158]	0.40116592883742164	0	0	0	0	0	0.0345	0.25	0	0
376	1.0	100.0	[3, 3]	set()	4.89653374154241	4.003977035390068	4.001204495889179	0.0	0	[508.0105578526855, 578.04992236197]	0.8943525405243633	0	0	0	0	0	0.05275	0.125	0	0
129	1.0	100.0	[3]	set()	3.1396250043116596	3.071585760283211	2.982670454311688	0.0	0	[27.49302424490452]	0.12591664118842016	0	0	0	0	0	0.0135	0.5	0	0
315	1.0	100.0	[3, 3, 3, 3, 3]	set()	5.17654147766155	3.77675377603026	3.955057909215199	0.0	0	[145.6455472632774, 157.32534029576416, 453.9853673445164, 615.3155695647001, 684.1295393026969]	1.5355650723275853	0	0	0	0	0	0.296375	2.0	0	0
191	1.0	100.0	[3, 3, 3, 3, 2, 3]	set()	5.53949201152005	3.7642796929645304	3.851017716308105	0.0	0	[111.6159010217661, 340.36348863700283, 499.3226099522512, 712.9215728491545, 736.3287046903811, 786.9960698270173]	1.7726391832723774	0	0	0	0	0	0.28312499999999996	1.75	0	0
439	1.0	100.0	[2, 2]	set()	5.417500997118446	4.356553386206779	4.493196501374785	0.0	0	[246.86632494976536, 989.6672545000912]	0.6134440964219993	0	0	0	0	0	0.0	0.0	0	0
5	1.0	100.0	[3]	set()	4.892634677049611	4.4270377008725355	4.462808505166925	0.0	0	[554.7133348882198]	0.6871480764840703	0	0	0	0	0	0.19425	0.375	0	0
130	1.0	100.0	[3, 2]	set()	4.557471650474968	3.7918680900379247	3.749659154744351	0.0	0	[329.0490705985576, 408.5826787631959]	0.8777314268639913	0	0	0	0	0	0.041125	0.125	0	0
253	1.0	100.0	[3, 3, 2, 3, 2, 3, 3, 2]	set()	7.1119119861795035	4.544371713460385	4.737136850128096	0.0	0	[77.67733332473713, 109.86056411638856, 367.00049899544985, 376.0665552690625, 685.0167545688795, 710.6747353300884, 746.6401727870107, 751.4821949405385]	1.649209058464173	0	0	0	0	0	0.22649999999999998	2.25	0	0
377	1.0	100.0	[3, 3]	set()	4.724013637718964	4.255356014325072	4.3189598672789185	0.0	0	[672.9294599499553, 818.122239317745]	0.8567309510647665	0	0	0	0	0	0.132	0.75	0	0
68	1.0	100.0	[2, 2, 3, 3]	set()	9.60891302377772	6.598168475778545	6.267222393710491	0.0	0	[14.367260148895664, 381.73861149698496, 400.6162845440841, 814.6975039148483]	1.181245828906112	0	0	0	0	0	0.0	0.0	0	0
316	1.0	100.0	[3, 2, 3]	set()	4.033990282576692	3.308231899878163	3.484121848492625	0.0	0	[32.305117696523666, 424.3233655579388, 590.5308034271002]	1.1418673136559798	0	0	0	0	0	0.004	0.125	0	0
192	1.0	100.0	[2, 2, 2]	set()	4.795490719004584	3.875016247798542	3.8305553713743676	0.0	0	[773.1363274368146, 900.3804526291788, 961.13442722708]	0.7576492875073539	0	0	0	0	0	0.0	0.0	0	0
254	1.0	100.0	[3]	set()	3.852089901268389	3.3004035648144425	3.3085122461783705	0.0	0	[965.059807524085]	0.1515160576541969	0	0	0	0	0	0.004375	0.125	0	0
6	1.0	100.0	[3, 3, 3, 3, 3, 3]	set()	7.917425929179648	4.793230110445009	5.078674959122231	0.0	0	[283.89250672053646, 292.94697247836774, 300.8277523948024, 808.3895845766391, 903.3996010499808, 983.2409885711968]	1.2764009266684802	0	0	0	0	0	0.21575	1.5	0	0
131	1.0	100.0	[2, 3, 2, 3]	set()	5.885416843754316	4.482305301583229	4.907884249667062	0.0	0	[125.67796998314051, 369.2476886790246, 400.0323275326147, 534.5443238198216]	1.3376162883629172	0	0	0	0	0	0.145625	0.875	0	0
440	1.0	100.0	[2, 3, 2, 3]	set()	8.44416118729302	5.663553565261479	5.9984801539289725	0.0	0	[525.9351495254463, 724.5562219708321, 763.2875404453349, 852.0735655911267]	1.2826071513171766	0	0	0	0	0	0.2685	1.375	0	0
317	1.0	100.0	[3, 2, 2]	set()	4.447522427998722	3.5558646343632265	3.6058733301828103	0.0	0	[24.3219630792737, 67.51011227502346, 550.6361508741975]	0.9370144985610552	0	0	0	0	0	0.0	0.0	0	0
193	1.0	100.0	[2]	set()	3.9574842405002535	3.5688928711135404	3.5364072720773283	0.0	0	[951.3336499221624]	0.1945695103495455	0	0	0	0	0	0.125	0.25	0	0
378	1.0	100.0	[3, 2, 3, 3, 3, 3]	set()	7.868036252169798	5.568832182939324	5.723218538579033	0.0	0	[272.19202415091013, 301.21441224678455, 446.3990842923522, 495.5595331825302, 605.6463952724242, 637.9886439721377]	1.6069093608552105	0	0	0	0	0	0.382375	2.625	0	0
132	1.0	100.0	[3, 3, 2, 3]	set()	3.817631108697722	2.9487577578583655	2.989871923051781	0.0	0	[395.2568806707859, 534.5544973388314, 678.7244281731546, 999.986563110724]	1.285626684133672	0	0	0	0	0	0.191875	1.0	0	0
441	1.0	100.0	[3, 3, 2]	set()	3.1340887134820594	2.4802429882570385	2.390435183601751	0.0	0	[123.21329795934145, 137.27207601149337, 636.4643513225019]	1.032616982331506	0	0	0	0	0	0.107875	0.25	0	0
255	1.0	100.0	[3, 2, 3, 3]	set()	3.5099932376332883	2.9689832501702673	2.9367662393884175	0.0	0	[268.48726621647853, 366.94531173125085, 383.6256333249219, 977.1825117059052]	1.0454349411548962	0	0	0	0	0	0.444875	2.25	0	0
7	1.0	100.0	[3, 3, 2, 3, 3, 3]	set()	7.836409264447294	5.198031242728385	5.459807303993161	0.0	0	[85.39450486824806, 366.5500213298776, 394.57268454134464, 434.9609461561852, 506.6930612083525, 738.2917122539783]	1.6752409894243785	0	0	0	0	0	0.279875	1.75	0	0
69	1.0	100.0	[2, 3, 2, 2, 3, 2, 3, 3]	set()	10.406883009370103	7.07694947816574	7.615742214899938	0.0	0	[33.75680098807376, 101.476438640562, 187.26475723087788, 346.68230955140444, 408.2553549669683, 419.51962089540217, 483.9452074375004, 838.5303795803338]	1.861033033147068	0	0	0	0	0	0.44137499999999996	4.0	0	0
318	1.0	100.0	[2, 3]	set()	3.130190036460023	2.9178862007113473	2.9255708252486263	0.0	0	[31.51236567646265, 295.9793210029602]	0.7077757617029595	0	0	0	0	0	0.338125	0.875	0	0
194	1.0	100.0	[2, 3, 2]	set()	4.610078763932491	3.4400472354052662	3.5615667469849113	0.0	0	[89.69398797489703, 850.3205170854926, 940.0171032175422]	0.8094619217229673	0	0	0	0	0	0.0	0.0	0	0
379	1.0	100.0	[2, 2, 3, 3]	set()	5.547027759430101	4.478873703735278	4.415685620375376	0.0	0	[48.87602385133505, 71.3587342761457, 83.86244811117649, 312.52412451431155]	0.8826505280344388	0	0	0	0	0	0.039	0.5	0	0
256	1.0	100.0	[3]	set()	2.8200127173999077	2.5947697611720097	2.5791021885759036	0.0	0	[281.6330739296973]	0.5944890864975817	0	0	0	0	0	0.25	0.5	0	0
442	1.0	100.0	[3, 2]	set()	3.947153271371698	3.3874076631279064	3.387175472833056	0.0	0	[119.2559169139713, 669.1264791879803]	0.9484105637999284	0	0	0	0	0	0.02975	0.25	0	0
133	1.0	100.0	[3, 3]	set()	4.667439494101021	4.321324245234671	4.354700749924683	0.0	0	[398.4962906688452, 467.9206174654644]	0.887552157455475	0	0	0	0	0	0.308375	1.0	0	0
70	1.0	100.0	[3, 3]	set()	5.67399836199914	5.063063876495018	4.684514992933455	0.0	0	[10.150354355573654, 143.94607616853338]	0.44876438054474327	0	0	0	0	0	0.019125	0.375	0	0
8	1.0	100.0	[2, 2]	set()	6.875805752840913	5.692679841838393	5.681937041958861	0.0	0	[133.6162961088121, 735.6944438070059]	0.9261138577877265	0	0	0	0	0	0.125	0.375	0	0
319	1.0	100.0	[2]	set()	5.200905243309667	4.47302672988669	4.4524931013741895	0.0	0	[538.7743040919304]	0.6901372661686578	0	0	0	0	0	0.0	0.0	0	0
380	1.0	100.0	[3]	set()	3.629358262621322	3.150556368971788	3.1444222398452926	0.0	0	[667.4977662041783]	0.6359365392120997	0	0	0	0	0	0.041625	0.125	0	0
443	1.0	100.0	[3, 3]	set()	2.066557582877942	1.9094768892165774	1.8839599049434024	0.0	0	[586.2648435868323, 767.4984749016859]	0.9617839570861614	0	0	0	0	0	0.302875	1.25	0	0
195	1.0	100.0	[3, 3, 2]	set()	5.013972218021846	4.719877923697324	4.722778508221671	0.0	0	[148.72785098850727, 764.7458962164819, 886.3470607939881]	1.0852342015026342	0	0	0	0	0	0.298	1.375	0	0
257	1.0	100.0	[3, 3, 3, 3]	set()	7.439126185561138	5.9571683556632635	6.068192636474887	0.0	0	[160.099221393466, 185.91157570397772, 828.8520736215021, 933.953356304726]	1.087927837999308	0	0	0	0	0	0.155	0.875	0	0
71	1.0	100.0	[3]	set()	3.6516070009420067	3.3318152817010844	3.371690667209455	0.0	0	[685.5032593011856]	0.622651451413663	0	0	0	0	0	0.125	0.25	0	0
320	1.0	100.0	[3, 3]	set()	3.278896675001463	2.9739633721314798	3.0133554837435135	0.0	0	[106.32423032075168, 369.2708620801568]	0.8802353447334488	0	0	0	0	0	0.138375	0.75	0	0
134	1.0	100.0	[3, 3, 3, 2]	set()	9.429659904578218	6.780709896907343	7.092355745837743	0.0	0	[90.13962605968118, 502.4184355586305, 644.1626446321607, 923.6370092257856]	1.4118552066040353	0	0	0	0	0	0.16949999999999998	0.875	0	0
196	1.0	100.0	[3]	set()	2.0336746214559436	2.0087225393894785	1.9859395108322504	0.0	0	[939.3850211054088]	0.22865631648653845	0	0	0	0	0	0.1555	0.75	0	0
381	1.0	100.0	[2, 3]	set()	4.654647525909391	3.7923834581013716	3.8858788629590966	0.0	0	[664.2615417949855, 709.3060854822397]	0.7705262010961699	0	0	0	0	0	0.33862499999999995	1.0	0	0
444	1.0	100.0	[3, 3, 2, 3, 2]	set()	6.543559242379548	4.92983023038912	4.96750804342355	0.0	0	[56.39263817785345, 89.84846901148558, 269.6317220106721, 507.6131457462907, 533.9797688648105]	1.3776440463008957	0	0	0	0	0	0.113125	1.375	0	0
72	1.0	100.0	[3]	set()	2.9372957669252724	2.718491711695786	2.6344760246088903	0.0	0	[113.40216267853975]	0.35356978915429627	0	0	0	0	0	0.125	0.25	0	0
321	1.0	100.0	[2]	set()	4.607531746949372	4.173021742582054	4.159371806140061	0.0	0	[690.9854591358453]	0.6183099081684961	0	0	0	0	0	0.0	0.0	0	0
258	1.0	100.0	[3, 3, 2, 3, 2]	set()	9.15739039052027	6.3145441142747085	6.5157387061306675	0.0	0	[192.104268583287, 294.63039617985487, 531.2833560165018, 795.1805489137769, 850.8784191217273]	1.6876750671607952	0	0	0	0	0	0.187375	1.25	0	0
197	1.0	100.0	[3]	set()	3.6841961551110094	3.2952164514491766	3.2955703409878465	0.0	0	[534.6697780769318]	0.6907412634372272	0	0	0	0	0	0.05825	0.125	0	0
135	1.0	100.0	[2, 2]	set()	3.918463647932791	3.3540344087835177	3.3387920453769304	0.0	0	[346.6019642073661, 851.6897466033697]	0.9952810279585964	0	0	0	0	0	0.125	0.375	0	0
9	1.0	100.0	[3, 2, 3, 2, 3, 3, 3, 3]	set()	10.987821193334122	7.635859788723392	8.280038704513014	0.0	0	[467.6763901952654, 548.7746562603598, 646.7212936840951, 668.7069410317068, 761.5105353013649, 818.9954437411111, 826.6857147779723, 911.5248136222364]	1.7167377715060164	0	0	0	0	0	0.35674999999999996	3.125	0	0
382	1.0	100.0	[2, 3, 3]	set()	5.752593613802963	4.302521030701129	4.767477605353596	0.0	0	[103.56869383077203, 239.47899811901152, 390.1215873192996]	1.0928138049690999	0	0	0	0	0	0.2775	0.75	0	0
73	1.0	100.0	[3]	set()	3.6134781865314376	3.5091971151858847	3.5117719650794674	0.0	0	[337.86541223526]	0.6396094552576039	0	0	0	0	0	0.08425	0.25	0	0
445	1.0	100.0	[3, 3, 3]	set()	5.616448542907143	4.507190753793154	4.816557477355374	0.0	0	[83.93167122267187, 632.9186938237399, 890.2686091605574]	1.1289601354168608	0	0	0	0	0	0.070125	0.5	0	0
259	1.0	100.0	[3, 3, 2, 3]	set()	4.856087256751559	3.55813965691952	3.611328907433579	0.0	0	[333.65366650752026, 459.0331503103049, 527.8039481158735, 869.0108521841466]	1.4438147066024338	0	0	0	0	0	0.25075000000000003	1.5	0	0
136	1.0	100.0	[2, 2, 3, 3, 2]	set()	7.6204687332809575	4.521080092891749	4.78738228192237	0.0	0	[523.9814058877528, 533.6985043250024, 583.878438686952, 722.8063126094639, 871.6608986469724]	1.3550641253146767	0	0	0	0	0	0.288125	1.625	0	0
10	1.0	100.0	[3]	set()	3.929399949034969	3.848880755854797	3.852573473965335	0.0	0	[540.8930373378098]	0.689798961024928	0	0	0	0	0	0.1925	0.375	0	0
322	1.0	100.0	[2, 2, 3, 2, 2, 3, 3]	set()	8.660683386787884	5.822367568527699	6.274417401150689	0.0	0	[55.086649579372256, 63.795650635616205, 70.48574462532997, 225.61530370802885, 343.39866147274245, 630.2209893174621, 851.6076999683214]	1.7506510742901866	0	0	0	0	0	0.045125	0.875	0	0
198	1.0	100.0	[2, 2, 2, 3, 2, 2, 3]	set()	8.19535792622984	5.401841237582437	5.892402309697391	0.0	0	[73.23714951053262, 206.4063623547554, 367.526434827596, 423.353795427829, 477.43872832506895, 585.8606160618365, 924.5826536789536]	1.8754487846927852	0	0	0	0	0	0.12499999999999999	1.0	0	0
383	1.0	100.0	[3, 3]	set()	6.6756877786074895	6.01966213024612	6.060877454040291	0.0	0	[263.3107998408377, 842.8043574094772]	0.958392816245698	0	0	0	0	0	0.18425	0.5	0	0
260	1.0	100.0	[3, 3]	set()	4.435815339688267	3.438824515320771	3.4968214902274384	0.0	0	[831.5613646503527, 868.7544241547585]	0.5423259854942856	0	0	0	0	0	0.14150000000000001	0.5	0	0
446	1.0	100.0	[3, 3, 3]	set()	6.305545336379217	5.155243804392806	5.49109064344026	0.0	0	[427.2972154431045, 615.8130601319125, 845.9878395200224]	1.3040945207011916	0	0	0	0	0	0.34624999999999995	1.375	0	0
74	1.0	100.0	[2, 3]	set()	9.574826266071495	6.891092900501569	7.360164899361978	0.0	0	[69.66197490692139, 837.6356000080705]	0.6834956704418729	0	0	0	0	0	0.0	0.0	0	0
137	1.0	100.0	[3, 2]	set()	4.701094617758445	4.014296206036648	3.8927567941415644	0.0	0	[742.3476134426892, 854.1671873535961]	0.7469264152729339	0	0	0	0	0	0.125	0.375	0	0
199	1.0	100.0	[3]	set()	1.8837669157347336	1.863425035896819	1.8624666520030566	0.0	0	[421.640882268548]	0.6808161088356448	0	0	0	0	0	0.23024999999999998	0.5	0	0
11	1.0	100.0	[3, 3, 2]	set()	7.833088872025089	5.523510049924256	5.865629928217092	0.0	0	[170.15808867290616, 499.64390229433775, 736.9351796805859]	1.3597775354362311	0	0	0	0	0	0.0	0.0	0	0
323	1.0	100.0	[3]	set()	4.794011070839945	4.394708566712766	4.417114142271171	0.0	0	[255.23509923368687]	0.5680137415811981	0	0	0	0	0	0.093125	0.125	0	0
384	1.0	100.0	[3, 2]	set()	4.537668615476344	3.7697916800075086	3.759371617797549	0.0	0	[342.7206380292773, 761.152290739119]	1.0735669454205636	0	0	0	0	0	0.16775	0.5	0	0
447	1.0	100.0	[3]	set()	3.0041661839853266	2.7829453473063763	2.817994637123622	0.0	0	[791.7086626403034]	0.5116840034008612	0	0	0	0	0	0.151125	0.375	0	0
261	1.0	100.0	[3, 3, 3]	set()	4.756188471755706	3.430540309692628	3.5958934302811527	0.0	0	[239.25204016268253, 478.772477942186, 531.379567226395]	1.1946093087817513	0	0	0	0	0	0.18474999999999997	0.75	0	0
75	1.0	100.0	[2, 3, 3, 3, 3, 3]	set()	8.130490342227402	5.957673539102773	6.227778270047979	0.0	0	[81.66181299817143, 82.1229675784707, 122.852013234918, 449.0816830586146, 475.8396316319704, 797.1456030123405]	1.4892063385415484	0	0	0	0	0	0.30800000000000005	2.25	0	0
324	1.0	100.0	[3, 3]	set()	2.297127362903612	2.1535539656652336	2.1132216779866986	0.0	0	[578.2779846340418, 938.9195907860994]	0.8552851581253875	0	0	0	0	0	0.0955	0.5	0	0
138	1.0	100.0	[3, 3, 3]	set()	6.6232095622655915	5.352569781191919	5.592448629181071	0.0	0	[115.1034482754767, 605.3890958428383, 901.6644973307848]	1.1867897255458113	0	0	0	0	0	0.20112499999999997	1.0	0	0
200	1.0	100.0	[3, 2, 3]	set()	5.805262955679758	4.997337759679612	5.037285181874534	0.0	0	[15.126023441553116, 344.24375649541616, 391.5063837261501]	0.8756877931216585	0	0	0	0	0	0.12875	0.75	0	0
385	1.0	100.0	[3, 2]	set()	2.9953440789739587	2.4642258451148065	2.5622940589380105	0.0	0	[48.915659077465534, 610.1322966843146]	0.8390315767830532	0	0	0	0	0	0.012	0.25	0	0
262	1.0	100.0	[3, 2, 3]	set()	6.111739464113922	5.058979606586247	5.0306494871398595	0.0	0	[193.32190905697644, 356.6598459146917, 945.3731813345664]	1.0843849426080474	0	0	0	0	0	0.07925	0.5	0	0
448	1.0	100.0	[2, 3, 3, 2]	set()	6.5507551811522475	5.045357810497494	5.0078376835347385	0.0	0	[123.76365312511406, 289.2191305290908, 617.2060635900907, 816.260464187529]	1.5544936706866874	0	0	0	0	0	0.0	0.0	0	0
12	1.0	100.0	[3, 2, 3, 3, 2, 3]	set()	11.246157551334324	7.335767084950163	7.378904981947482	0.0	0	[181.82807322591543, 256.5162510145456, 426.469735177617, 452.6182575790305, 600.5290616303682, 766.4635505061597]	1.8205994518089121	0	0	0	0	0	0.186875	1.25	0	0
325	1.0	100.0	[3, 3, 3, 3, 3]	set()	4.28663868559972	2.8971705793309415	3.2343653044147582	0.0	0	[67.81461765058339, 142.35707714267943, 273.4787263907492, 437.9311873257343, 880.6735798716545]	1.5536850859968763	0	0	0	0	0	0.29400000000000004	2.125	0	0
201	1.0	100.0	[3, 3, 3]	set()	5.747997810574397	5.076095929668963	5.055236160333935	0.0	0	[678.4210354089737, 703.0588076449931, 886.5598507691175]	0.9124966646259637	0	0	0	0	0	0.151625	1.125	0	0
76	1.0	100.0	[2, 3, 2]	set()	6.898365129858843	5.323979024375536	5.327911162143958	0.0	0	[36.47266383208336, 235.10434292256832, 974.840893511506]	0.7574681301601071	0	0	0	0	0	0.154375	0.75	0	0
139	1.0	100.0	[2, 3, 2, 2, 2]	set()	7.676363757905335	5.289577139908144	5.50929398237027	0.0	0	[106.87443257818964, 335.1101266368799, 362.2643616981805, 520.5136360600591, 566.3498515966072]	1.4694626010841614	0	0	0	0	0	0.0	0.0	0	0
449	1.0	100.0	[3]	set()	1.0038350657285529	0.9618442532283371	0.9727618985656032	0.0	0	[21.811546524986625]	0.10500797955857519	0	0	0	0	0	0.127625	0.375	0	0
386	1.0	100.0	[3, 3]	set()	4.213195589983048	3.7232719626167823	3.7852345838667434	0.0	0	[707.198859192431, 727.1293168887496]	0.6774349812999674	0	0	0	0	0	0.224875	0.625	0	0
13	1.0	100.0	[3, 2]	set()	5.819901189098849	5.1782451612614055	5.299631443151456	0.0	0	[318.38560197502375, 700.2392534632236]	1.0931500619890624	0	0	0	0	0	0.125	0.375	0	0
326	1.0	100.0	[3, 3]	set()	4.901551918702186	4.008106340271224	4.052957820210647	0.0	0	[278.9866852108389, 566.3140262122579]	1.076803660565672	0	0	0	0	0	0.03475	0.125	0	0
140	1.0	100.0	[2]	set()	2.1791167754311305	2.033680107095649	2.03469803318261	0.0	0	[530.4808500222862]	0.6912878634844588	0	0	0	0	0	0.125	0.25	0	0
263	1.0	100.0	[2, 3, 3, 3, 2]	set()	7.004277568287266	4.9584712781728255	4.907434169737039	0.0	0	[10.570625533474765, 11.921677738428116, 31.760517973452806, 388.85921294920144, 812.6475585076345]	1.1801118936304233	0	0	0	0	0	0.064	2.0	0	0
387	1.0	100.0	[2, 3, 2, 3, 3]	set()	8.506588744963384	5.243083820243528	6.103801264229665	0.0	0	[375.8503934368491, 409.73532060161233, 569.8599057756735, 675.703153014183, 799.3171745911241]	1.594234914806212	0	0	0	0	0	0.15825	1.0	0	0
77	1.0	100.0	[3, 2, 3, 2, 2]	set()	4.9083529342844825	3.6617058568163063	3.6918139326968338	0.0	0	[287.83739205860616, 330.9273730225963, 439.9225686211139, 441.3429175747608, 813.920706233267]	1.4256087869992142	0	0	0	0	0	0.10974999999999999	0.75	0	0
450	1.0	100.0	[2, 2, 3]	set()	7.57797936923243	5.6529918248176525	5.7973378654776475	0.0	0	[238.05211414583027, 623.0071149766445, 790.3728513047099]	1.3358624351477968	0	0	0	0	0	0.09875	0.375	0	0
202	1.0	100.0	[3, 2, 3]	set()	7.348096925822527	6.430262255307978	6.485374869412686	0.0	0	[43.44425396993756, 129.06213314272463, 668.7059951946139]	1.0455638903182587	0	0	0	0	0	0.016125	0.375	0	0
14	1.0	100.0	[3, 3]	set()	4.430970855603542	4.133232774818768	3.8885913353354207	0.0	0	[82.54065085202456, 956.0349601305212]	0.46140065299243904	0	0	0	0	0	0.0315	0.5	0	0
141	1.0	100.0	[3, 3]	set()	3.6997793171953592	3.046845896822985	3.0169711399191543	0.0	0	[367.09723016247153, 765.434326371178]	1.074655482014704	0	0	0	0	0	0.0	0.0	0	0
388	1.0	100.0	[3]	set()	2.588221887169581	2.3971142569699717	2.416028365811259	0.0	0	[310.30141236260533]	0.6193416179478619	0	0	0	0	0	0.0775	0.25	0	0
327	1.0	100.0	[3, 3, 3, 3, 3, 3, 3]	set()	7.183445544049783	5.340124492411369	5.758472233841908	0.0	0	[44.49966382332615, 73.429012277622, 266.24925708325884, 485.7007488498226, 495.1551178869704, 518.5005883403933, 664.2105439677835]	1.6700770671990772	0	0	0	0	0	0.541875	4.25	0	0
451	1.0	100.0	[3]	set()	3.482640872694379	3.3593338217100865	3.374360108397144	0.0	0	[288.3480489253998]	0.600665917619797	0	0	0	0	0	0.0	0.0	0	0
203	1.0	100.0	[2]	set()	3.064939150547046	2.7302704253368217	2.7277229611024554	0.0	0	[514.883728697896]	0.6927040643455123	0	0	0	0	0	0.125	0.25	0	0
78	1.0	100.0	[3, 3, 3, 3]	set()	5.853362514566842	4.657720209704847	4.9653527495978915	0.0	0	[305.9206625101316, 386.6473185421357, 423.5088489949703, 682.2473588399589]	1.4012657694463408	0	0	0	0	0	0.211875	0.875	0	0
264	1.0	100.0	[2, 3, 2, 2, 3, 3, 3, 3]	set()	8.816088304916915	5.8536858531165965	5.8957749182655474	0.0	0	[26.50569923803792, 241.7221093556585, 652.9811990893432, 895.9327196911146, 926.5836003105009, 943.7480997294188, 959.7376184538008, 970.6706888973712]	1.5315943949556925	0	0	0	0	0	0.15349999999999997	2.625	0	0
15	1.0	100.0	[3, 3, 3, 2, 2, 3, 2]	set()	5.617157551551512	3.659065986164509	3.9913690235155768	0.0	0	[9.497868369192195, 205.13829418351736, 787.3671554613449, 867.951654176101, 894.3165359530938, 898.6513707786798, 996.3030646082892]	1.248599284465841	0	0	0	0	0	0.09275	1.875	0	0
142	1.0	100.0	[3, 3, 3, 2, 2]	set()	4.295107538441162	3.3551951931364776	3.4693915025292443	0.0	0	[574.1563797928393, 591.994446035022, 786.9970705360174, 866.6205704212189, 950.5604478737122]	1.2672971915803293	0	0	0	0	0	0.153875	1.25	0	0
204	1.0	100.0	[3, 3]	set()	3.5564817511415625	3.139935764743973	2.8747546809612654	0.0	0	[680.8609638932971, 990.2373820077628]	0.6698734290198409	0	0	0	0	0	0.00125	0.125	0	0
452	1.0	100.0	[3, 3, 3]	set()	3.912655577040365	3.025600647202043	2.9209180160787875	0.0	0	[360.8524008992786, 477.3007452022284, 849.1707171779126]	1.2713791958798097	0	0	0	0	0	0.143875	0.625	0	0
389	1.0	100.0	[3]	set()	4.1233730165692295	4.036817693108849	4.043027923014873	0.0	0	[131.3710669055581]	0.3889847621985798	0	0	0	0	0	0.049125	0.375	0	0
328	1.0	100.0	[3, 3, 3, 3]	set()	6.15002761664199	4.892287072287591	4.557031313499165	0.0	0	[79.314763215927, 116.52380600571632, 262.87989504635334, 683.673769560107]	1.3330565950835016	0	0	0	0	0	0.147125	1.375	0	0
79	1.0	100.0	[2, 2]	set()	5.346090421734168	4.156837057557718	4.349488015163453	0.0	0	[181.3971782103181, 794.0841447561979]	0.9352193332788923	0	0	0	0	0	0.0	0.0	0	0
16	1.0	100.0	[3, 3]	set()	3.808015885908045	2.8506432189836284	2.797391462499937	0.0	0	[495.938568841666, 776.9045135937631]	1.039173607213973	0	0	0	0	0	0.061875	0.125	0	0
143	1.0	100.0	[3, 2]	set()	4.107097696148832	3.5394245669110553	3.566591288282355	0.0	0	[157.87725150585177, 952.9006564989686]	0.6177088246019031	0	0	0	0	0	0.058875	0.375	0	0
205	1.0	100.0	[2, 2, 2]	set()	3.0095212326411094	2.4000770361413997	2.488478949906474	0.0	0	[285.3116118349135, 591.1862286739051, 793.6286546755582]	1.369194502233573	0	0	0	0	0	0.0	0.0	0	0
390	1.0	100.0	[3, 3]	set()	3.540800223644409	3.350744453115721	3.356021522006316	0.0	0	[517.461221665144, 996.8474768102168]	0.7115393676410625	0	0	0	0	0	0.25475	0.75	0	0
80	1.0	100.0	[3]	set()	2.03793247473556	1.9904999615122798	2.0040867455577502	0.0	0	[726.8334929831326]	0.5863829459705184	0	0	0	0	0	0.262	0.75	0	0
265	1.0	100.0	[3, 3, 2, 2, 2, 2, 2]	set()	11.128295589096389	8.34625980705285	8.848413238660086	0.0	0	[24.035471580214907, 87.2642369940877, 163.62872906029224, 641.2203214131296, 682.7877967152745, 755.952250212431, 939.3720051739364]	1.618098648437217	0	0	0	0	0	0.006	0.25	0	0
329	1.0	100.0	[2, 3, 3, 2]	set()	3.2561745747153976	2.5668956025984606	2.5924453458887506	0.0	0	[99.5624011848122, 277.8318661127621, 436.58989085815847, 771.606404799968]	1.5329112807075453	0	0	0	0	0	0.17950000000000002	1.0	0	0
453	1.0	100.0	[2, 2, 3, 3, 3, 2, 2]	set()	7.0517795181290115	5.32039190629987	5.450689168147335	0.0	0	[4.925234476104379, 199.6191913190778, 414.3557846546173, 511.2930166069418, 816.2065514841545, 872.0177408067809, 939.1920789309448]	1.7761918069930414	0	0	0	0	0	0.3535	2.75	0	0
144	1.0	100.0	[2, 3]	set()	4.08045602460922	3.290068178734542	3.3057641145486736	0.0	0	[216.91365246722685, 357.2322679683566]	0.891148070278927	0	0	0	0	0	0.044625	0.25	0	0
17	1.0	100.0	[3, 2, 2, 3]	set()	7.805942315257855	5.332520354645361	5.686927799460207	0.0	0	[53.81012977192889, 121.89075620005616, 564.977478753195, 765.030222479254]	1.363080024650083	0	0	0	0	0	0.125	0.625	0	0
206	1.0	100.0	[3]	set()	5.1583624340511305	4.8547431276157615	4.7993237827749375	0.0	0	[941.4352299645544]	0.2230000372040587	0	0	0	0	0	0.0	0.0	0	0
266	1.0	100.0	[3]	set()	2.530893018822272	2.373923418401016	2.391091423608174	0.0	0	[716.4476485922933]	0.596277159602232	0	0	0	0	0	0.2145	0.375	0	0
391	1.0	100.0	[2, 3]	set()	5.093428056901138	4.179325942286458	4.175129010102203	0.0	0	[390.3608503751457, 635.1340599358082]	1.079572644910709	0	0	0	0	0	0.045625	0.125	0	0
330	1.0	100.0	[3, 3]	set()	2.8008765628603354	2.2156627500518122	2.3585985686773445	0.0	0	[598.912741523236, 975.8151257410644]	0.7648127060822232	0	0	0	0	0	0.2255	0.875	0	0
454	1.0	100.0	[3, 3]	set()	5.300460603249395	4.286405849339399	4.373338470040409	0.0	0	[84.41684092395008, 555.4738235659897]	0.9236759071408963	0	0	0	0	0	0.0	0.0	0	0
145	1.0	100.0	[3, 2, 3]	set()	3.2544288049509333	2.8837758743884034	2.799077025294174	0.0	0	[267.1039751730859, 310.7949706242945, 737.9418262280524]	1.2036763625072244	0	0	0	0	0	0.25	1.0	0	0
81	1.0	100.0	[3, 2, 3, 3, 3, 3, 3]	set()	11.900821050260777	6.915605780166653	7.524098313347514	0.0	0	[65.36486884579062, 143.9775147661786, 268.6975805554539, 490.7293797683416, 619.4787508943751, 646.6245739720762, 827.5092540312058]	1.9462560670781694	0	0	0	0	0	0.266625	2.25	0	0
392	1.0	100.0	[2, 2]	set()	2.3388525371300206	2.166726955519839	2.1430453751998213	0.0	0	[599.1463493555784, 855.0547433551401]	0.9356461908857853	0	0	0	0	0	0.0	0.0	0	0
267	1.0	100.0	[2, 2, 3]	set()	5.2429252743958425	3.9344187630584195	4.019483033383495	0.0	0	[55.32812047749758, 87.66411602046652, 224.3343684822321]	0.7401533891565185	0	0	0	0	0	0.112	1.5	0	0
18	1.0	100.0	[3, 3, 3, 3]	set()	5.112855885396458	4.077379349980865	4.1947240922851385	0.0	0	[285.51072627305984, 504.66099322293087, 610.0095359929462, 845.9281886641586]	1.5565311722495017	0	0	0	0	0	0.248	1.25	0	0
207	1.0	100.0	[2, 3, 3, 3, 3]	set()	10.651589297110696	7.55951393356629	7.362923242815918	0.0	0	[93.39229799305392, 304.8557465985617, 327.1703403443098, 777.6801675468486, 914.3715142272412]	1.4765287433989398	0	0	0	0	0	0.198125	1.5	0	0
146	1.0	100.0	[3]	set()	1.956300710946389	1.8405899706043485	1.825606654152252	0.0	0	[609.2592780478299]	0.6690782679434484	0	0	0	0	0	0.22275	0.5	0	0
331	1.0	100.0	[2, 2, 3, 2]	set()	8.594159795581575	5.501414541550242	6.033868672276148	0.0	0	[207.503712040911, 672.0654870848382, 885.587326487447, 921.55732633546]	1.3314337814362192	0	0	0	0	0	0.0	0.0	0	0
82	1.0	100.0	[3]	set()	3.079262817183241	2.7927434145250363	2.7706903622891255	0.0	0	[384.8872466478497]	0.666406062437686	0	0	0	0	0	0.077	0.125	0	0
455	1.0	100.0	[2, 3, 3, 3]	set()	8.363832757675825	5.837544906699369	6.085778796778108	0.0	0	[609.4741877168417, 785.9854772686958, 812.1066270396113, 987.1530262753369]	1.0641323800298192	0	0	0	0	0	0.055374999999999994	0.875	0	0
268	1.0	100.0	[2, 3]	set()	3.9969180883016997	3.5253238044142057	3.48686919976463	0.0	0	[211.5809209514792, 409.6639114432037]	0.96047096334043	0	0	0	0	0	0.15337499999999998	0.75	0	0
147	1.0	100.0	[3]	set()	2.969622346644657	2.737225471755057	2.699502113608618	0.0	0	[165.18702008761466]	0.4481719091438001	0	0	0	0	0	0.125	0.25	0	0
393	1.0	100.0	[3]	set()	8.461170712639516	7.294568158772233	7.266692001911295	0.0	0	[476.7967630177736]	0.6920700133283736	0	0	0	0	0	0.0	0.0	0	0
208	1.0	100.0	[3]	set()	4.25612758115184	4.105769152385977	3.9905345894149624	0.0	0	[824.8736634850502]	0.4639222816271644	0	0	0	0	0	0.066	0.375	0	0
83	1.0	100.0	[3]	set()	4.860334282954263	4.735910820336318	4.737493717898908	0.0	0	[518.7546599190682]	0.6924435409708718	0	0	0	0	0	0.241	0.5	0	0
456	1.0	100.0	[3, 3, 3]	set()	3.9151469682334166	3.355914444155257	3.3527430689335365	0.0	0	[310.5809115804732, 510.379358931039, 915.8128876333292]	1.259293965073632	0	0	0	0	0	0.27437500000000004	1.125	0	0
19	1.0	100.0	[3, 3, 3, 3, 2, 2, 3, 3]	set()	14.62138246247351	9.348802594797426	9.452690196609778	0.0	0	[20.907371770590544, 424.4045494124293, 538.0345468137988, 624.4425820981037, 766.0377483368151, 863.0029686397988, 871.9008021659333, 964.4543803296984]	1.7897292765147286	0	0	0	0	0	0.13	1.375	0	0
332	1.0	100.0	[3, 3, 2, 2, 2]	set()	6.387062247170318	4.319020822814343	4.494439846094076	0.0	0	[421.1891107261181, 441.2577452603728, 462.6184517983347, 503.1637428328395, 538.568889722228]	1.12991626485326	0	0	0	0	0	0.25	1.5	0	0
269	1.0	100.0	[3, 3, 2]	set()	7.631515189070814	5.682270702414586	5.966842030799063	0.0	0	[561.1674366518855, 808.7987439822683, 904.7266859205396]	1.1187122647365721	0	0	0	0	0	0.15587500000000004	0.625	0	0
148	1.0	100.0	[3, 3]	set()	4.653042759937144	4.188225637987469	4.247887328011166	0.0	0	[56.43435660749674, 995.5098608807926]	0.24553338761989396	0	0	0	0	0	0.015875	0.625	0	0
457	1.0	100.0	[3]	set()	1.3990316254333905	1.2782214999506811	1.3177556197715232	0.0	0	[957.1174629963934]	0.17699921951800643	0	0	0	0	0	0.01075	0.25	0	0
84	1.0	100.0	[2, 2]	set()	6.807280593169532	4.3239066804911985	4.323906680491199	0.0	0	[305.8471051044762, 451.69494301080704]	0.9726022609631699	0	0	0	0	0	0.0	0.0	0	0
20	1.0	100.0	[3]	set()	2.1313070097176223	1.8800698888683995	1.9395951704841035	0.0	0	[202.0652052015066]	0.5032521117278925	0	0	0	0	0	0.0505	0.25	0	0
394	1.0	100.0	[3, 3, 2, 3, 3, 3, 3, 3]	set()	13.27834279840102	8.903347287709055	9.450417931944376	0.0	0	[1.1734259314835072, 74.15030801172028, 519.225585507229, 634.6968132100459, 806.383657886577, 844.993491880085, 967.695235973224, 988.7213024160806]	1.6258948789487986	0	0	0	0	0	0.1065	1.125	0	0
209	1.0	100.0	[3, 3, 2, 2, 2]	set()	12.21001401997366	7.690344197838117	7.934045813663272	0.0	0	[288.3308383170516, 415.9879318904132, 490.2819552761795, 799.6284863911569, 988.4805452717268]	1.5436467829150982	0	0	0	0	0	0.089	0.625	0	0
333	1.0	100.0	[3, 3, 3, 2, 3]	set()	8.464225439708057	5.797481288925281	6.240123074492117	0.0	0	[267.87406438961625, 272.6255087181926, 319.94473966931906, 683.9660836849362, 731.1435597933735]	1.3877296177318421	0	0	0	0	0	0.097875	0.875	0	0
458	1.0	100.0	[2]	set()	4.516626186931396	4.2505767673465344	4.2613834180949794	0.0	0	[833.2574781961739]	0.4506832722880088	0	0	0	0	0	0.125	0.25	0	0
270	1.0	100.0	[3, 3, 2]	set()	6.521511248236785	4.656388398135938	5.058270779923123	0.0	0	[363.40020038187504, 426.7475586384535, 551.6725034780329]	1.1621466555040636	0	0	0	0	0	0.17825	0.75	0	0
85	1.0	100.0	[2, 3]	set()	5.137877131070874	4.0057077443150115	4.261075727345816	0.0	0	[705.8196842914186, 804.1770290583372]	0.7933076486794588	0	0	0	0	0	0.0245	0.125	0	0
149	1.0	100.0	[3, 2, 3, 3]	set()	8.137650817615466	5.920337878370914	5.95765296332688	0.0	0	[306.5556208603084, 310.26690476574004, 556.9026516750455, 666.910181986168]	1.3374682288446509	0	0	0	0	0	0.21875	1.0	0	0
21	1.0	100.0	[3, 3, 3]	set()	4.793654619058264	3.6700111228548913	3.8287960146623163	0.0	0	[168.79509854551333, 392.68298408225496, 959.715163335204]	1.0864567035300623	0	0	0	0	0	0.08025	0.625	0	0
395	1.0	100.0	[3, 2, 3, 3]	set()	5.625788669669076	3.7875222128857833	3.9545379370772418	0.0	0	[419.1297317561125, 511.096614182529, 591.0388329066336, 704.3535367120057]	1.3929224359267707	0	0	0	0	0	0.160625	1.0	0	0
210	1.0	100.0	[3, 3, 3]	set()	4.565380107975584	3.8919996251243916	3.805504810285891	0.0	0	[392.0390644767373, 773.8854298512512, 978.59876928851]	1.1416984055775592	0	0	0	0	0	0.2065	1.125	0	0
334	1.0	100.0	[3, 3]	set()	4.823875420711107	3.6411842695018137	3.947402444535296	0.0	0	[963.4858090430498, 973.08630237175]	0.17773885035898287	0	0	0	0	0	0.12625	0.5	0	0
271	1.0	100.0	[3, 3, 3]	set()	5.611937378079486	4.305177596825144	4.7425081152224	0.0	0	[26.94506687112153, 603.5726272966713, 808.9813620317727]	1.0561662130062826	0	0	0	0	0	0.133125	0.875	0	0
459	1.0	100.0	[3]	set()	3.965047330629298	3.8290420314501863	3.8424579295536145	0.0	0	[985.900515690446]	0.07408621892219719	0	0	0	0	0	0.0075	0.5	0	0
86	1.0	100.0	[2, 2, 2, 2]	set()	5.742870544389385	3.8432979315578635	4.129333997726131	0.0	0	[214.72173649817705, 308.82342997938395, 312.05545645207167, 707.7918273703028]	1.297613923494245	0	0	0	0	0	0.0	0.0	0	0
150	1.0	100.0	[3, 3, 3, 3]	set()	4.795672071974427	3.5628130119523487	3.630435608689089	0.0	0	[327.292661415413, 353.36766275577247, 552.3078127460725, 555.5220860987902]	1.160739471216539	0	0	0	0	0	0.276625	1.25	0	0
22	1.0	100.0	[3, 3, 3]	set()	5.236371449732689	4.421726881940343	4.3894796838038665	0.0	0	[334.22431955114007, 680.2077256143093, 981.982219265774]	1.167420359075051	0	0	0	0	0	0.16849999999999998	0.5	0	0
396	1.0	100.0	[3]	set()	4.1746497450771445	3.838036333530753	3.906082863315435	0.0	0	[194.6135526522994]	0.49284393425794826	0	0	0	0	0	0.35075	0.625	0	0
460	1.0	100.0	[3]	set()	4.327942214074112	3.9861494117383534	3.985049833911782	0.0	0	[495.0398718938232]	0.6930979740111858	0	0	0	0	0	0.188125	0.375	0	0
335	1.0	100.0	[3, 2]	set()	5.538803733080128	4.476194197945937	4.625194335085651	0.0	0	[738.5011790320277, 948.731692507863]	0.7040307697699435	0	0	0	0	0	0.03275	0.25	0	0
211	1.0	100.0	[3, 3]	set()	9.873986386809047	8.534602951002563	8.801860123308597	0.0	0	[4.033825825899839, 604.9618038062085]	0.6951800964612022	0	0	0	0	0	0.1765	1.0	0	0
151	1.0	100.0	[2]	set()	2.8909515966103956	2.7455529435718113	2.7752893695028455	0.0	0	[129.79897134937346]	0.3860043803772038	0	0	0	0	0	0.0	0.0	0	0
272	1.0	100.0	[3, 2]	set()	6.022451923387616	5.022003929420844	5.084581183198042	0.0	0	[145.55229991674423, 169.97887520940847]	0.5258211256747354	0	0	0	0	0	0.143125	0.5	0	0
397	1.0	100.0	[3, 3]	set()	2.9224102169507713	2.5055110431905074	2.5657126898962037	0.0	0	[786.048564594239, 851.9069694448262]	0.6512269912180658	0	0	0	0	0	0.186625	1.0	0	0
87	1.0	100.0	[3, 2, 2, 3, 3]	set()	5.103969790071271	4.159668614032754	3.946695051232852	0.0	0	[145.76193317770958, 272.859628777951, 623.6499743264163, 745.1984784565866, 971.1460783146322]	1.6049032628674007	0	0	0	0	0	0.15687500000000001	1.0	0	0
23	1.0	100.0	[3, 3, 3]	set()	5.515649669735621	4.451252010468883	4.7188200927159425	0.0	0	[134.84932109713554, 295.398791337524, 630.3879281040281]	1.2980919417757468	0	0	0	0	0	0.13337500000000002	0.75	0	0
461	1.0	100.0	[2]	set()	6.609075558526076	6.240396751486056	6.155621835447878	0.0	0	[144.6734918281436]	0.41335735460334966	0	0	0	0	0	0.0	0.0	0	0
336	1.0	100.0	[3, 3]	set()	4.969080655140067	4.274675873736857	4.2548680879568455	0.0	0	[528.080478310585, 878.7080472743693]	0.9605233332968395	0	0	0	0	0	0.07425	0.375	0	0
212	1.0	100.0	[3]	set()	4.6992025050572455	4.091201298153719	4.112932077538819	0.0	0	[235.1152962073684]	0.5453837163107874	0	0	0	0	0	0.34562499999999996	0.625	0	0
152	1.0	100.0	[3, 3]	set()	5.295070277938872	4.496744591338686	4.379384618792814	0.0	0	[306.66382145136595, 451.813910160527]	0.9721522352631154	0	0	0	0	0	0.0765	0.25	0	0
273	1.0	100.0	[2, 2, 3, 3]	set()	8.794751663369745	6.159359489361293	6.648040139892468	0.0	0	[64.15318814106286, 92.10296645280005, 399.914289550229, 978.4427933098448]	1.03819168735695	0	0	0	0	0	0.049875	0.375	0	0
398	1.0	100.0	[3, 2, 3]	set()	7.162347117831494	5.409624862904845	5.735167847635667	0.0	0	[362.6570959732342, 761.7781923144612, 848.8113041967154]	1.2325492374638929	0	0	0	0	0	0.18925	0.75	0	0
88	1.0	100.0	[3, 2, 3, 3]	set()	5.354280742968788	4.477350613035114	4.511358728359879	0.0	0	[87.22584811039269, 390.76038217172027, 502.0142877474427, 743.4845129027963]	1.5111027275060565	0	0	0	0	0	0.22875	1.25	0	0
24	1.0	100.0	[2, 2, 3, 3, 3, 3]	set()	9.83650663043787	7.429972516699274	7.614124717784324	0.0	0	[381.45433203317225, 538.7990568060294, 546.1141001154992, 559.8332760855556, 723.2634184942368, 926.065850477714]	1.5656030299002548	0	0	0	0	0	0.15637500000000001	1.25	0	0
213	1.0	100.0	[3, 2]	set()	3.4269005034111433	2.9365544154148906	2.980686811795587	0.0	0	[136.36389933526516, 342.5979991443455]	0.873039560096805	0	0	0	0	0	0.034	0.25	0	0
337	1.0	100.0	[3, 3, 2, 3]	set()	6.051737616638693	4.841014227752267	5.007030026938221	0.0	0	[97.8417459409684, 176.86940147541463, 244.25862752832472, 259.9801099859178]	0.8978504058442192	0	0	0	0	0	0.125	0.625	0	0
462	1.0	100.0	[3, 2, 2]	set()	6.435858373838386	4.756784456602135	5.06648588785562	0.0	0	[504.2058862745762, 509.4869402237237, 952.23129777805]	0.8789718578528375	0	0	0	0	0	0.063	0.125	0	0
89	1.0	100.0	[2]	set()	1.8619066937797144	1.6915463016904928	1.693528039775361	0.0	0	[916.6156454011798]	0.28695830967171626	0	0	0	0	0	0.0	0.0	0	0
274	1.0	100.0	[3]	set()	3.9770292994490037	3.550047118271267	3.537789302904024	0.0	0	[748.8609850406647]	0.5635830243299982	0	0	0	0	0	0.0315	0.125	0	0
399	1.0	100.0	[3]	set()	6.174837165161609	6.001836327412839	5.924923855923161	0.0	0	[93.90658792108296]	0.3114842590228507	0	0	0	0	0	0.0	0.0	0	0
153	1.0	100.0	[3, 3, 3, 2, 2, 2, 3, 3, 3, 2]	set()	9.254007250407817	5.622158433764931	6.120046343228422	0.0	0	[129.39908541738987, 152.84383785910904, 177.2178086633307, 199.05551994049551, 289.43273445785377, 633.2720567218742, 705.9463035803752, 708.6742320097983, 721.1363577400156, 828.5896298475564]	1.9142553231649149	0	0	0	0	0	0.225	2.625	0	0
214	1.0	100.0	[3, 3, 3, 3, 3]	set()	4.43898907583573	3.0077190649593133	3.287170501075692	0.0	0	[386.2934743519872, 444.6095654275268, 551.5575257595628, 637.1248656491954, 861.6811884650594]	1.59161449851338	0	0	0	0	0	0.21512499999999998	1.5	0	0
275	1.0	100.0	[3]	set()	2.7789830699879348	2.772061775754499	2.7738097166684765	0.0	0	[41.05440340936184]	0.1712807427139953	0	0	0	0	0	0.26025	0.75	0	0
25	1.0	100.0	[3, 2, 2, 3, 3, 2]	set()	9.093590402747978	5.943357493085103	6.433886886326639	0.0	0	[54.74703572690487, 533.0680648870891, 686.1810517854378, 894.7923969134849, 895.2423973172549, 917.540646805651]	1.420119084490476	0	0	0	0	0	0.0665	1.75	0	0
338	1.0	100.0	[3, 3, 3, 2, 3]	set()	5.896571914947656	4.843183172457812	5.006449377317201	0.0	0	[73.83946795016527, 139.178291894944, 311.1591241322458, 444.468203927796, 597.3717810689236]	1.5954828074958045	0	0	0	0	0	0.179875	1.25	0	0
400	1.0	100.0	[2, 2]	set()	4.835521495053541	4.277915690170412	4.24058110940676	0.0	0	[428.2066756859422, 639.2176345650098]	1.059294125943162	0	0	0	0	0	0.0	0.0	0	0
90	1.0	100.0	[3]	set()	6.167901636373321	5.715105384455095	5.734717662637828	0.0	0	[590.2681807056069]	0.6767607895750685	0	0	0	0	0	0.07375	0.125	0	0
215	1.0	100.0	[3, 2, 3]	set()	3.696989458828738	2.4117042431989377	2.7389473314819544	0.0	0	[80.8781401719898, 167.99086210475488, 586.9119942653924]	1.1456971352141734	0	0	0	0	0	0.2915	1.5	0	0
154	1.0	100.0	[3, 3, 3]	set()	4.596260597937197	3.2251293760438657	3.6333130072247877	0.0	0	[742.8068302106112, 760.5322862509638, 779.0376688974341]	0.69976473534839	0	0	0	0	0	0.09225	0.875	0	0
463	1.0	100.0	[2, 2, 3, 2, 3, 3, 3, 2]	set()	11.028064970392892	6.249397685620525	7.427198700216824	0.0	0	[157.75286839275236, 400.4747811704874, 423.3931580092758, 533.5715843952166, 665.4895021115603, 689.0499442747124, 758.0272871962412, 780.6812972254029]	1.9230519033256033	0	0	0	0	0	0.111	1.125	0	0
339	1.0	100.0	[2]	set()	1.3161267282343052	1.2425131610195892	1.249522979798531	0.0	0	[568.394634174183]	0.6837621319340395	0	0	0	0	0	0.125	0.25	0	0
276	1.0	100.0	[2, 3, 2, 3, 3, 3]	set()	7.272899559371672	4.982503537533279	5.1404133115133295	0.0	0	[89.38310784287751, 172.91020462289453, 529.9287757370621, 593.0987463798374, 620.7435311548095, 870.8976078395087]	1.675519038769263	0	0	0	0	0	0.17075	1.25	0	0
26	1.0	100.0	[2, 3, 3]	set()	6.11604100505501	4.7320623886541	5.025849995853365	0.0	0	[398.03829536424206, 492.2080468386412, 753.8791485130787]	1.2850250696238774	0	0	0	0	0	0.221375	0.875	0	0
155	1.0	100.0	[3]	set()	2.8880678609172334	2.8197578994215498	2.751273927162163	0.0	0	[64.58924198523164]	0.23941256445179382	0	0	0	0	0	0.133	0.375	0	0
216	1.0	100.0	[3, 3]	set()	3.9412527470481633	3.397064590601838	3.4488487885407038	0.0	0	[154.79937382042408, 611.7435098207675]	1.0139988394724564	0	0	0	0	0	0.114875	0.5	0	0
91	1.0	100.0	[2, 2, 3, 3, 2]	set()	5.800562910375311	3.8816870462223187	4.090020153739939	0.0	0	[259.0386073451758, 609.2335404691349, 751.9704012665898, 838.4795616564313, 931.3594660351108]	1.6115595014333683	0	0	0	0	0	0.06225	0.75	0	0
401	1.0	100.0	[3, 3, 3, 3]	set()	6.444199036268073	5.206420396377127	5.167304746963485	0.0	0	[77.75982469320297, 146.08330838382244, 553.4742749296129, 977.6542922481894]	1.1964990475712531	0	0	0	0	0	0.123875	0.625	0	0
464	1.0	100.0	[3]	set()	6.231921835126329	6.1605521643774654	6.146454761836109	0.0	0	[867.4746837932616]	0.39115918915515946	0	0	0	0	0	0.049875	0.375	0	0
340	1.0	100.0	[3]	set()	4.4050579765333735	4.171215759267032	4.2649779554830864	0.0	0	[12.06763181835413]	0.06530001007049074	0	0	0	0	0	0.0045	0.375	0	0
156	1.0	100.0	[3]	set()	3.0727734475909942	3.0044857791520654	2.9990553583273902	0.0	0	[399.54832615330815]	0.6728281039514831	0	0	0	0	0	0.25	0.5	0	0
217	1.0	100.0	[3]	set()	2.5198798648229745	2.417594140672827	2.4208457417613083	0.0	0	[811.0561443027109]	0.484687915606862	0	0	0	0	0	0.42224999999999996	1.0	0	0
402	1.0	100.0	[2, 2]	set()	3.7923572841648885	3.1993852311863895	3.222279970596334	0.0	0	[244.533586781472, 494.0905347466469]	1.0355292600703228	0	0	0	0	0	0.0	0.0	0	0
277	1.0	100.0	[3, 2, 3, 2, 3, 2]	set()	6.010747874646471	3.8598136147632385	4.279809440450574	0.0	0	[349.8552413657308, 355.95905038905266, 382.2673433460295, 496.32398900575936, 817.5178971141577, 913.9567239748092]	1.543277660263441	0	0	0	0	0	0.043625	0.125	0	0
465	1.0	100.0	[3, 3, 3]	set()	3.509085365849688	2.8331906312706145	2.8670027525746056	0.0	0	[367.8954844363034, 376.3381347525865, 403.493894264102]	0.8143110137432328	0	0	0	0	0	0.188	1.0	0	0
27	1.0	100.0	[3, 3, 3, 3, 3, 3]	set()	9.767792937126512	6.837756757267744	6.904570810387504	0.0	0	[87.63293758966029, 153.0754646692467, 354.874755255878, 369.7377192667006, 793.7576848292549, 985.3514092974364]	1.5195687544586258	0	0	0	0	0	0.08662500000000001	1.125	0	0
92	1.0	100.0	[3, 3, 3]	set()	4.25323972303116	3.7947467831388666	3.6756650845640264	0.0	0	[17.590050119906664, 107.67596145160496, 210.55015455931425]	0.7085096438038176	0	0	0	0	0	0.25625	2.375	0	0
341	1.0	100.0	[3, 3]	set()	4.0477646249894494	3.527178469345797	3.555198988577553	0.0	0	[364.8587288463714, 448.801564052701]	0.904172468409842	0	0	0	0	0	0.1575	0.625	0	0
218	1.0	100.0	[2, 2]	set()	4.26496866733196	3.3423188979958094	3.480349608297599	0.0	0	[116.41793170048564, 671.3949795812368]	0.9428552061864973	0	0	0	0	0	0.125	0.375	0	0
93	1.0	100.0	[3]	set()	2.429420016467947	2.0690469751703384	2.1340598798641697	0.0	0	[16.941036097705364]	0.08588254299646413	0	0	0	0	0	0.125	0.25	0	0
466	1.0	100.0	[2, 2, 3]	set()	3.6489868780529138	3.0375150680971217	2.9949060026109984	0.0	0	[528.2414322718978, 868.7768406234682, 999.9002180993556]	0.9712733854623076	0	0	0	0	0	0.12537500000000001	0.875	0	0
278	1.0	100.0	[2, 2]	set()	5.178155526250479	4.814861298256898	4.8229658870820264	0.0	0	[302.950620621691, 423.31960424780846]	0.9340672106472606	0	0	0	0	0	0.0	0.0	0	0
342	1.0	100.0	[3, 3]	set()	4.380768282995138	3.444901068386766	3.4382320906169634	0.0	0	[51.97683302685618, 952.9396968428046]	0.39148740515884595	0	0	0	0	0	0.125	0.375	0	0
157	1.0	100.0	[3, 3, 3, 3, 3, 2]	set()	8.875728589284575	5.944420710004254	6.451765676530113	0.0	0	[50.6091787366314, 135.03664396421033, 208.7000694591552, 265.1059189811349, 567.9207890655375, 820.3382575792104]	1.7316716545383604	0	0	0	0	0	0.16437499999999997	1.5	0	0
403	1.0	100.0	[2, 2, 3, 3, 2]	set()	6.881452667164446	5.837240733224886	5.53261473129969	0.0	0	[7.331751311751677, 58.24235547333956, 177.3739664349705, 405.7784235888437, 416.1711619235575]	1.1400073677131082	0	0	0	0	0	0.22149999999999997	1.375	0	0
28	1.0	100.0	[3, 2, 3, 3, 2, 3]	set()	8.42864302929078	6.133105902562667	6.669749376715851	0.0	0	[328.48446327261627, 338.8196933046688, 552.8458952903748, 835.640984900139, 883.0013276282144, 946.5753507066744]	1.5762152606791981	0	0	0	0	0	0.21375	1.25	0	0
219	1.0	100.0	[2, 2, 2]	set()	8.52797843675488	6.97261793333858	7.034283360417569	0.0	0	[160.35996028222144, 582.7955093700439, 996.1795185226948]	1.0439773438602356	0	0	0	0	0	0.125	0.5	0	0
343	1.0	100.0	[3]	set()	2.5908700224756256	2.46234238215078	2.4130924590720917	0.0	0	[201.58020872622728]	0.5025852700213564	0	0	0	0	0	0.025125	0.125	0	0
279	1.0	100.0	[3, 3]	set()	3.520426279926986	3.3113902938741058	3.3534226623762438	0.0	0	[341.1629795058899, 995.468558743596]	0.6688837077748545	0	0	0	0	0	0.212125	1.0	0	0
467	1.0	100.0	[3, 3]	set()	4.834648833363987	4.181442698663522	4.190949397522211	0.0	0	[748.4808659933946, 873.5019979067147]	0.7383333807640652	0	0	0	0	0	0.015875	0.125	0	0
94	1.0	100.0	[3, 2, 2, 3, 3]	set()	8.857975762235737	6.7447122982621295	7.0808287069114675	0.0	0	[27.87310956045985, 268.3482069224017, 533.2500283850732, 559.410888236016, 818.3063256155054]	1.5494299181231734	0	0	0	0	0	0.25	1.5	0	0
404	1.0	100.0	[3]	set()	2.7908932132969837	2.6943097400599756	2.692340842947343	0.0	0	[980.8351325336844]	0.09477088774656017	0	0	0	0	0	0.0125	0.625	0	0
29	1.0	100.0	[3]	set()	3.781945044594683	3.4150214721033647	3.4034742146694734	0.0	0	[558.8232195004821]	0.6862107855021184	0	0	0	0	0	0.19475	0.375	0	0
158	1.0	100.0	[3, 3, 3]	set()	8.326942727914595	6.430067563611118	6.484276798829783	0.0	0	[447.0676578405621, 561.6489197127521, 589.446363504976]	1.0732345468074191	0	0	0	0	0	0.213875	0.875	0	0
220	1.0	100.0	[3, 3]	set()	4.899565249612678	4.166940310310338	4.114713792631917	0.0	0	[259.2099285597538, 759.593685856089]	1.0391005449308552	0	0	0	0	0	0.12275	0.375	0	0
280	1.0	100.0	[3]	set()	4.793654796262653	4.550456074000438	4.551909567027632	0.0	0	[378.7457356229425]	0.6634467635723026	0	0	0	0	0	0.0945	0.25	0	0
468	1.0	100.0	[3, 3]	set()	4.091227446730216	3.6786548627704097	3.4589323218596797	0.0	0	[31.057969201356173, 610.9505968447797]	0.7911024718698642	0	0	0	0	0	0.04875	0.125	0	0
344	1.0	100.0	[3, 3]	set()	4.346564877217176	3.887344901210469	3.9086570512452288	0.0	0	[187.1317878831178, 746.2109583429992]	0.9867152746181931	0	0	0	0	0	0.18675000000000003	0.75	0	0
95	1.0	100.0	[3, 3, 2]	set()	3.099809448484489	2.800903979931091	2.7936443783738794	0.0	0	[382.5972354970872, 386.4354472607374, 634.4439955428243]	1.1026083292619344	0	0	0	0	0	0.29825	1.25	0	0
405	1.0	100.0	[3, 3, 2, 2]	set()	6.279036752435574	4.605272490643521	4.62262744342359	0.0	0	[238.3898581835076, 496.41261034361503, 623.8057530260974, 839.3651116639376]	1.5783711368164437	0	0	0	0	0	0.125	0.625	0	0
30	1.0	100.0	[2, 3, 3]	set()	5.699310447290076	4.308609826702857	4.4598837525613915	0.0	0	[64.10196410297964, 640.9370992332697, 907.4016684552256]	1.0662194337839068	0	0	0	0	0	0.24999999999999997	1.0	0	0
159	1.0	100.0	[3, 3, 3, 3]	set()	3.9366716307231027	3.3680879641079233	3.4142755604716055	0.0	0	[202.56355800665915, 391.6850422974676, 487.3256827704608, 591.3932642135995]	1.464052770236268	0	0	0	0	0	0.388	2.0	0	0
469	1.0	100.0	[3, 3, 3, 2]	set()	4.738586538774582	3.4244034418585083	3.4750195217242763	0.0	0	[194.9237448623444, 619.38523331724, 931.7314052022994, 944.3966740957892]	1.2619236020488338	0	0	0	0	0	0.05625	0.625	0	0
281	1.0	100.0	[3, 3]	set()	4.516848231151652	3.5778112330763197	3.8123637679958	0.0	0	[275.5154352635145, 977.9009465128185]	0.6875503568118858	0	0	0	0	0	0.18412499999999998	0.625	0	0
345	1.0	100.0	[3, 2, 2, 3, 3]	set()	4.290979248963455	3.3562139701715488	3.3189091177291434	0.0	0	[60.68614633091318, 69.71450621359709, 208.7177564390004, 376.0289159940813, 850.1842042896897]	1.4241968284516178	0	0	0	0	0	0.31375	2.0	0	0
406	1.0	100.0	[3]	set()	1.2967100267056457	1.2529260998869263	1.2509284274606416	0.0	0	[584.2136209830642]	0.6788954792224059	0	0	0	0	0	0.073	0.125	0	0
221	1.0	100.0	[2, 3, 2]	set()	5.53329323072053	4.065979827885606	4.214505249603472	0.0	0	[187.47265613637865, 435.6310917064548, 729.1546596679837]	1.373288131228454	0	0	0	0	0	0.0	0.0	0	0
96	1.0	100.0	[3, 3, 3, 3]	set()	6.4558829659337	5.306618819298135	5.31046314449798	0.0	0	[189.8574696881944, 241.1572546698153, 579.7139847884023, 789.4713304274701]	1.4901186647679534	0	0	0	0	0	0.33925	1.875	0	0
31	1.0	100.0	[2, 3]	set()	6.106008510333691	4.917391677748843	5.057934673416646	0.0	0	[818.4654917567968, 840.7523301430047]	0.541316964918201	0	0	0	0	0	0.145	0.5	0	0
160	1.0	100.0	[3, 3, 3]	set()	4.13481927335327	3.717758333580224	3.5740395471231263	0.0	0	[214.15778808295727, 388.28146577317256, 989.128369372338]	0.9896301835376928	0	0	0	0	0	0.204375	1.25	0	0
346	1.0	100.0	[3, 3]	set()	3.718208779179785	2.824069970023174	2.8572510113837857	0.0	0	[499.5486082043499, 901.0551490355284]	0.94197774661652	0	0	0	0	0	0.02475	0.25	0	0
470	1.0	100.0	[3]	set()	4.284103240057563	4.132463805354809	4.1344633428906805	0.0	0	[527.1555546205491]	0.691671606350447	0	0	0	0	0	0.065875	0.125	0	0
282	1.0	100.0	[3, 2, 3]	set()	4.244831915936307	3.17689081642383	3.3482210230185636	0.0	0	[550.8500323630869, 644.0046411007643, 941.895673446404]	1.0756607934904827	0	0	0	0	0	0.26475000000000004	1.25	0	0
407	1.0	100.0	[3, 3, 3]	set()	5.860728613680498	4.438948560079512	4.564479530232546	0.0	0	[12.776151401063808, 174.70458117075793, 841.3527950178832]	0.9129153199717657	0	0	0	0	0	0.041625	0.375	0	0
32	1.0	100.0	[3]	set()	2.1968355469222223	1.967262538199581	1.984441616635013	0.0	0	[888.0806362722069]	0.3505095097102328	0	0	0	0	0	0.042	0.375	0	0
97	1.0	100.0	[3]	set()	3.5075616560175646	3.431418782646778	3.358244478811141	0.0	0	[836.5949410945177]	0.445273354639532	0	0	0	0	0	0.334	0.5	0	0
222	1.0	100.0	[3]	set()	4.655244240311042	4.420764255506622	4.42107706118175	0.0	0	[491.050620097667]	0.6929869892047332	0	0	0	0	0	0.12275	0.25	0	0
161	1.0	100.0	[3, 3]	set()	4.551639272168805	4.014375641357155	4.004243269280073	0.0	0	[584.0586200356483, 674.8658884316683]	0.897221774310414	0	0	0	0	0	0.20925	0.625	0	0
347	1.0	100.0	[3, 2]	set()	5.6692689739073385	4.421625080104579	4.800532178360768	0.0	0	[118.39747242629528, 620.7761280238628]	0.9661699626286707	0	0	0	0	0	0.23525	0.625	0	0
471	1.0	100.0	[3, 3]	set()	4.306870225863088	3.398230013282796	3.356717327916776	0.0	0	[302.90229991078377, 796.7814485447882]	1.034007339731051	0	0	0	0	0	0.18824999999999997	0.625	0	0
408	1.0	100.0	[2, 3, 3, 2]	set()	6.001630247506955	4.009888346713774	4.759046117551667	0.0	0	[231.55014216899872, 408.8032406726416, 963.2629604932016, 982.9206582414724]	1.119177967998376	0	0	0	0	0	0.0	0.0	0	0
283	1.0	100.0	[3, 2, 3, 3]	set()	4.989394169823481	4.272047350818702	4.40884746153714	0.0	0	[383.02293978631496, 664.0660651411267, 758.3858668804169, 995.7297820877552]	1.3116376435838484	0	0	0	0	0	0.204	1.5	0	0
33	1.0	100.0	[2, 2]	set()	3.785358835375046	3.2934256640053983	3.3147176456938494	0.0	0	[338.98548409342766, 998.4677268657832]	0.651187093775327	0	0	0	0	0	0.0	0.0	0	0
98	1.0	100.0	[3, 3, 2]	set()	5.748693596552447	4.517175330494023	4.669727354519457	0.0	0	[395.4354953020811, 545.732443453744, 976.5862551859444]	1.1023847199381736	0	0	0	0	0	0.075625	0.375	0	0
472	1.0	100.0	[3]	set()	2.111947085220888	1.841368253859727	1.931886270018425	0.0	0	[0.3262199461460113]	0.0029450404684031053	0	0	0	0	0	0.000375	0.375	0	0
223	1.0	100.0	[3, 3, 3, 3, 3, 2]	set()	9.26682204103149	6.6559975926746	6.363137293816072	0.0	0	[87.52452535554767, 133.61419923603535, 272.1979903491012, 308.8363791759947, 539.672598076416, 767.407244304195]	1.764647719965355	0	0	0	0	0	0.18400000000000002	1.875	0	0
162	1.0	100.0	[2, 3]	set()	4.45800164760007	3.8474496730094074	3.8451362038539836	0.0	0	[6.758986739441752, 389.0844658017159]	0.7024303879154559	0	0	0	0	0	0.145875	0.75	0	0
409	1.0	100.0	[3]	set()	3.4376069538378617	2.9690752237308375	3.071357625793064	0.0	0	[648.3798041008413]	0.6484438386076646	0	0	0	0	0	0.20600000000000002	0.375	0	0
348	1.0	100.0	[3, 3, 3, 3, 3]	set()	4.253672922529227	3.30444386702718	3.160504411964112	0.0	0	[314.4818306021466, 398.8360571351104, 558.5636361640409, 782.5259028468281, 919.1989393439144]	1.6757609101594646	0	0	0	0	0	0.2725	2.0	0	0
34	1.0	100.0	[2]	set()	2.8784363683761143	2.6321553627707024	2.631656759254458	0.0	0	[667.8017247468233]	0.6357245055345149	0	0	0	0	0	0.125	0.25	0	0
99	1.0	100.0	[2]	set()	3.2722948040167887	3.1383339332986377	3.1537497130885317	0.0	0	[411.5905745420605]	0.6774322335673211	0	0	0	0	0	0.125	0.25	0	0
473	1.0	100.0	[3]	set()	3.34704895069219	3.011350453439528	3.03817114083012	0.0	0	[599.6320194099098]	0.6731605882242315	0	0	0	0	0	0.074875	0.125	0	0
224	1.0	100.0	[2, 3]	set()	2.56720207609666	2.0884028995733455	2.0612561613307956	0.0	0	[178.16589027643204, 754.6461522579193]	0.969612187879196	0	0	0	0	0	0.0615	0.25	0	0
284	1.0	100.0	[3, 3, 3, 2, 2, 3, 2, 2]	set()	8.04537830391218	5.036203672939009	5.059062656670704	0.0	0	[97.64643292874098, 184.98693691164723, 196.57394031165157, 200.44613814330248, 319.4956580341941, 449.7884632005391, 615.8801911500065, 818.9177137495118]	1.9634714542280713	0	0	0	0	0	0.309875	3.125	0	0
410	1.0	100.0	[3, 3]	set()	4.911696750074601	4.275822278604039	4.3225321214147066	0.0	0	[234.54055190086365, 404.1105024516583]	0.9495056879462522	0	0	0	0	0	0.109	0.5	0	0
163	1.0	100.0	[2, 2]	set()	4.504121421035885	4.15217946155559	4.195530818445418	0.0	0	[353.8255270104856, 905.0135975703596]	0.9195388150595892	0	0	0	0	0	0.0	0.0	0	0
100	1.0	100.0	[3]	set()	2.6202904718299136	2.5760930832684177	2.588038485799268	0.0	0	[83.39142566546798]	0.2869752603003666	0	0	0	0	0	0.27075	0.75	0	0
35	1.0	100.0	[3, 3, 3, 2, 3]	set()	8.559157110584243	5.758731776999814	6.524568142424411	0.0	0	[289.4137530332177, 327.1860387176275, 434.2836863361299, 500.5124490708113, 584.2273926042529]	1.4741676157359573	0	0	0	0	0	0.1745	1.0	0	0
349	1.0	100.0	[3, 3, 3, 3, 3]	set()	11.025951929290326	7.995445777559107	7.790988839078603	0.0	0	[129.53166340033917, 451.9226264674217, 826.9125631093597, 865.7538737170398, 931.98619172213]	1.4862799117251626	0	0	0	0	0	0.202	1.875	0	0
164	1.0	100.0	[3]	set()	2.410823920009992	2.2770496112156886	2.254669060745377	0.0	0	[885.3868956211954]	0.3560527615978549	0	0	0	0	0	0.110625	0.125	0	0
474	1.0	100.0	[3]	set()	5.763991868889723	5.652936898067481	5.637188600018717	0.0	0	[674.2984589654952]	0.631092654650927	0	0	0	0	0	0.33425	0.625	0	0
225	1.0	100.0	[3, 3, 3]	set()	7.115527722161514	5.301319255826304	5.465070382109325	0.0	0	[32.66334254294634, 519.2860229872167, 921.81565053761]	1.0278194729215648	0	0	0	0	0	0.138875	0.75	0	0
285	1.0	100.0	[3, 3, 3, 3]	set()	3.428143955389409	2.4877142934848506	2.643631608807004	0.0	0	[184.1447539627552, 702.2100351750851, 828.8613148033619, 921.9091162085532]	1.3340662766192066	0	0	0	0	0	0.29450000000000004	1.625	0	0
411	1.0	100.0	[3, 3, 3]	set()	6.944437644503225	5.586330161142055	5.612480751815493	0.0	0	[58.82074078544974, 798.040522960946, 837.219531647861]	0.8124459953366789	0	0	0	0	0	0.03975	0.5	0	0
36	1.0	100.0	[3, 3, 2]	set()	4.313623070448372	3.5452529216883337	3.656366203032988	0.0	0	[149.9410094693303, 761.0485232435167, 895.5289459941589]	1.0912716858224183	0	0	0	0	0	0.2705	1.625	0	0
101	1.0	100.0	[3, 3]	set()	4.40960080636539	3.9661674991500675	3.865803639009188	0.0	0	[77.68476800993085, 540.5959564070342]	0.912371565789128	0	0	0	0	0	0.009625	0.125	0	0
350	1.0	100.0	[3, 2, 3, 3, 3, 3, 3]	set()	6.174025967750599	4.269719074617463	4.198540097921786	0.0	0	[120.30580112038167, 237.7594925260066, 340.0289099663496, 445.7130025939876, 498.6853547757808, 718.4572556418941, 892.444619238335]	2.009727283309187	0	0	0	0	0	0.28800000000000003	2.25	0	0
226	1.0	100.0	[3]	set()	3.502153758413345	3.2566085317899343	3.2424010936254017	0.0	0	[878.1302871648222]	0.37063378497622046	0	0	0	0	0	0.01525	0.125	0	0
165	1.0	100.0	[3, 3]	set()	5.592889992676423	5.341147895583858	5.354469168719506	0.0	0	[350.85768811404705, 572.6488358341157]	1.064813386159799	0	0	0	0	0	0.40275000000000005	1.25	0	0
475	1.0	100.0	[3, 3, 3]	set()	4.309476607570613	3.3823573812032484	3.390805323257423	0.0	0	[5.655358816239353, 516.2711952228443, 645.4569741617888]	1.0044854360336222	0	0	0	0	0	0.089375	0.375	0	0
37	1.0	100.0	[3]	set()	1.9374186301025906	1.8047699867248372	1.8279764499885878	0.0	0	[788.6694071348757]	0.5157142791887372	0	0	0	0	0	0.125	0.25	0	0
286	1.0	100.0	[3]	set()	7.155917859946356	7.099724967795632	7.064613725968542	0.0	0	[922.1776826307178]	0.273418227700031	0	0	0	0	0	0.14450000000000002	0.5	0	0
102	1.0	100.0	[3, 3]	set()	5.928791081255109	5.427525154602872	5.471517276953184	0.0	0	[234.66221801936624, 392.0865032772576]	0.9337883018520471	0	0	0	0	0	0.1565	0.75	0	0
412	1.0	100.0	[3, 3, 2, 3, 3, 2]	set()	7.146244672366511	5.602342900272623	5.631905044190463	0.0	0	[249.33989346027371, 307.9013911791964, 463.8103973120451, 554.4568108184235, 641.5998501356441, 772.4132612347603]	1.8354719258029595	0	0	0	0	0	0.21162499999999998	1.5	0	0
351	1.0	100.0	[3, 3]	set()	4.397149605739038	3.676456616324506	3.6263897722097393	0.0	0	[433.5028701461852, 758.2097917979161]	1.0708530690050049	0	0	0	0	0	0.148875	0.375	0	0
227	1.0	100.0	[3, 2, 2]	set()	9.070555896533989	5.897018885152841	6.4394719325024266	0.0	0	[27.673035364737864, 466.9209481216967, 489.4987060688436]	0.8894660939808943	0	0	0	0	0	0.12837500000000002	0.625	0	0
476	1.0	100.0	[3, 3, 3, 3]	set()	7.203206404504483	5.351390884046321	5.612972470288797	0.0	0	[312.5359556633625, 658.9120340067893, 718.2024138801888, 933.0854788422585]	1.4096193924489002	0	0	0	0	0	0.015875	0.25	0	0
166	1.0	100.0	[3, 3, 3]	set()	6.714603402899194	5.136185305910062	5.192547276803027	0.0	0	[226.17265190395756, 272.26779237389565, 892.5888296216726]	1.0138914342121115	0	0	0	0	0	0.15900000000000003	0.75	0	0
38	1.0	100.0	[3]	set()	3.361714719466858	3.2362165865896664	3.2220377452686697	0.0	0	[799.9319192022085]	0.5004967890811397	0	0	0	0	0	0.47487500000000005	0.875	0	0
413	1.0	100.0	[3]	set()	3.288967948710153	2.689077356215099	2.7426999288948304	0.0	0	[852.9748311266303]	0.4175140472980091	0	0	0	0	0	0.0185	0.125	0	0
103	1.0	100.0	[3, 3]	set()	3.4101735879472557	2.8675600107783064	3.033964849237532	0.0	0	[175.3703674865692, 338.8856810051948]	0.8749838408852153	0	0	0	0	0	0.353125	1.0	0	0
287	1.0	100.0	[3, 3, 3, 2, 3]	set()	6.44233604852901	5.116343217249024	5.117502101175453	0.0	0	[134.25768005844895, 137.72108678834405, 492.0073221437633, 683.111248537899, 841.815636367575]	1.5569209822897	0	0	0	0	0	0.543625	3.25	0	0
167	1.0	100.0	[3]	set()	2.5090770134821128	2.287843999460692	2.3510501035207523	0.0	0	[872.5456879474223]	0.3815186482556534	0	0	0	0	0	0.032	0.25	0	0
477	1.0	100.0	[3]	set()	3.754732731825128	3.2843894765587835	3.3030543027865513	0.0	0	[220.34299047663808]	0.5273417302907357	0	0	0	0	0	0.0975	0.125	0	0
39	1.0	100.0	[3]	set()	5.879491436733608	4.933978612706827	4.952042424809729	0.0	0	[301.4907685574144]	0.6121221406490589	0	0	0	0	0	0.0	0.0	0	0
352	1.0	100.0	[2, 3, 3, 3, 2, 3]	set()	12.615041829806223	7.177736740493096	8.15396590084013	0.0	0	[178.53616173744368, 255.7222181931138, 362.64223608045774, 392.10933769718855, 478.81821536503867, 774.8233889865513]	1.7563007190974353	0	0	0	0	0	0.09575	0.75	0	0
228	1.0	100.0	[2, 2, 3, 3, 3]	set()	12.573355438744143	7.878664833315572	8.208548542484905	0.0	0	[40.42310172058894, 264.644460762101, 380.7489879629091, 686.5249127149582, 750.4732536635416]	1.5994760394489398	0	0	0	0	0	0.36775	2.25	0	0
414	1.0	100.0	[3, 3, 2, 3]	set()	5.889231146243085	5.102618022472992	4.810890260098711	0.0	0	[288.718757459796, 376.9432492554188, 914.6798285655676, 962.8333619330078]	1.174910494309253	0	0	0	0	0	0.18625	1.25	0	0
288	1.0	100.0	[3, 3, 2, 3]	set()	5.2711515909674445	3.5597772040796483	3.931120382596284	0.0	0	[2.083917846903205, 104.24388735555112, 702.8664326176272, 942.6474814833546]	1.0594402694381742	0	0	0	0	0	0.00775	0.375	0	0
104	1.0	100.0	[2, 3, 3, 3, 3]	set()	6.423773583148364	5.2686604663881	5.361535891895814	0.0	0	[79.00356221944094, 232.37768933176997, 385.9080398307584, 629.5005455613136, 942.8943281941198]	1.6469128551948937	0	0	0	0	0	0.2865	1.625	0	0
478	1.0	100.0	[2, 3]	set()	5.089654802334167	4.574384396731009	4.560694285346218	0.0	0	[127.82160006463528, 659.0383239090443]	0.9658538882834029	0	0	0	0	0	0.042625	0.125	0	0
168	1.0	100.0	[3, 2, 3, 3]	set()	6.1269348712125815	5.03657314509143	5.147001641358107	0.0	0	[97.71330282092094, 289.4912511110306, 331.74493070691824, 947.0232855528592]	1.1321214069830141	0	0	0	0	0	0.17300000000000001	1.125	0	0
40	1.0	100.0	[3]	set()	4.160743127863008	3.528923618842475	3.617367436345587	0.0	0	[295.3418893739581]	0.6068656786237585	0	0	0	0	0	0.0	0.0	0	0
229	1.0	100.0	[2, 3]	set()	3.6119218692584583	2.812495163565758	3.1402933968602733	0.0	0	[33.289908433678406, 159.88838067278266]	0.5212790985517253	0	0	0	0	0	0.18462499999999998	1.125	0	0
353	1.0	100.0	[3, 2, 3]	set()	5.490721963805403	4.82706269429466	4.920711418118583	0.0	0	[521.6597821563482, 871.103065321222, 912.7840492874384]	1.052076168096425	0	0	0	0	0	0.136	0.625	0	0
415	1.0	100.0	[3, 2, 3, 3, 3, 2]	set()	9.920398311642035	5.674106050517823	6.6112491156044095	0.0	0	[80.20822959952056, 567.793951369822, 637.1820286636698, 821.3926276638106, 936.8009972386062, 944.5676824901808]	1.4966298011355352	0	0	0	0	0	0.107625	0.875	0	0
289	1.0	100.0	[3]	set()	3.8962508145507604	3.711793349695351	3.7136034798969497	0.0	0	[419.4882549345493]	0.6801262849143651	0	0	0	0	0	0.157125	0.375	0	0
169	1.0	100.0	[3]	set()	2.3712368791265774	2.3013011140185924	2.274130401382438	0.0	0	[167.6538740284741]	0.45214655486426714	0	0	0	0	0	0.020875	0.125	0	0
105	1.0	100.0	[3, 3, 3]	set()	6.504556884810088	5.856402972365945	5.850898240904482	0.0	0	[714.0096379444003, 811.8368214927614, 827.7988362829462]	0.8368861023962102	0	0	0	0	0	0.25525	1.875	0	0
41	1.0	100.0	[3, 3, 3]	set()	4.540823992576666	3.8611585200510703	3.843843756303686	0.0	0	[400.9565651053717, 714.0108086168766, 748.6546144355088]	1.1935938503275298	0	0	0	0	0	0.15225	0.5	0	0
479	1.0	100.0	[3, 3]	set()	4.856539858034794	4.49931621396417	4.502756125717155	0.0	0	[180.6485124398023, 950.2681652083992]	0.6599085254831863	0	0	0	0	0	0.10875	0.375	0	0
230	1.0	100.0	[2, 3, 2]	set()	3.905006717157832	2.7473075664447704	2.967676729447226	0.0	0	[10.267648953231234, 413.7267004698515, 903.8716834038496]	0.9878641366786749	0	0	0	0	0	0.073375	0.25	0	0
354	1.0	100.0	[3]	set()	5.12371781311952	4.671391013578775	4.70872561435372	0.0	0	[181.13717203959823]	0.47311346132914933	0	0	0	0	0	0.272625	0.625	0	0
170	1.0	100.0	[3, 2]	set()	3.320689150449196	2.95360242618319	2.949677191097508	0.0	0	[402.5272373110056, 754.1691809892654]	1.0787405761259228	0	0	0	0	0	0.17525000000000002	0.5	0	0
416	1.0	100.0	[2, 3, 3]	set()	4.342843852771122	3.3555935760363695	3.5641233951396147	0.0	0	[67.81939114443958, 596.829623799239, 882.2859257925302]	1.129057451870168	0	0	0	0	0	0.06525	0.375	0	0
290	1.0	100.0	[3, 3]	set()	5.20354657503483	4.762525620999419	4.704213642604581	0.0	0	[90.1295195799321, 724.9081123331982]	0.8604382892850917	0	0	0	0	0	0.17075	0.625	0	0
106	1.0	100.0	[2, 2]	set()	3.193260338994518	2.4100141841235025	2.5300346145850394	0.0	0	[166.3415366783738, 325.26220730505884]	0.8561424367113606	0	0	0	0	0	0.125	0.375	0	0
42	1.0	100.0	[3]	set()	4.961220614974241	4.331770439833055	4.39671423055751	0.0	0	[8.907333016395569]	0.050917998329075564	0	0	0	0	0	0.001	0.125	0	0
480	1.0	100.0	[3, 2, 3, 3]	set()	4.856551215519101	3.563213724642146	3.692978687445526	0.0	0	[370.57212431387785, 476.45910712890327, 748.7311049027329, 870.938713895157]	1.4809730911232952	0	0	0	0	0	0.11075	0.875	0	0
231	1.0	100.0	[3, 3]	set()	3.882299431909468	3.3739513108786428	3.3182279135717305	0.0	0	[169.49877957813442, 653.8770752958953]	1.019188563469903	0	0	0	0	0	0.04225	0.25	0	0
355	1.0	100.0	[3]	set()	3.7254523115717815	3.3305450450499263	3.265018019332974	0.0	0	[307.8672490082681]	0.617383563101601	0	0	0	0	0	0.125	0.25	0	0
171	1.0	100.0	[3]	set()	5.556188893048632	5.1535969221497	5.1248361998606615	0.0	0	[225.66397883929312]	0.5339837616946366	0	0	0	0	0	0.30625	0.75	0	0
43	1.0	100.0	[3, 3, 3]	set()	4.148064566930889	3.7400135116977147	3.6896307766612106	0.0	0	[176.39263439923525, 469.3008759059012, 779.3282805941999]	1.3622334522911537	0	0	0	0	0	0.5155000000000001	2.0	0	0
481	1.0	100.0	[3, 3, 2]	set()	3.6340403302396727	3.1249804863174795	3.1807067009267316	0.0	0	[266.3256118539721, 452.1177066490054, 564.7890634886983]	1.2731257062707906	0	0	0	0	0	0.35175	1.375	0	0
107	1.0	100.0	[3, 2, 3, 3, 2]	set()	7.643118825556348	5.4119480312628525	5.995730287426677	0.0	0	[260.0919307461358, 693.7380826614658, 704.5333473943174, 889.8317189232978, 917.1909384895116]	1.3786086319374657	0	0	0	0	0	0.138875	1.0	0	0
232	1.0	100.0	[3]	set()	4.044269790727848	3.7386653666959972	3.8339525119801	0.0	0	[64.64669853448868]	0.23956611492604407	0	0	0	0	0	0.14900000000000002	0.625	0	0
291	1.0	100.0	[3, 3, 3]	set()	8.009440787038326	7.008524086802185	7.062026734639034	0.0	0	[170.07939238101244, 200.778198428452, 616.5638165548444]	1.1406766703251712	0	0	0	0	0	0.298	1.125	0	0
356	1.0	100.0	[3, 3]	set()	4.383372737260539	3.8059839393982244	3.9542516219641017	0.0	0	[476.0266461829894, 930.1775232888758]	0.8976721756031367	0	0	0	0	0	0.19324999999999998	0.625	0	0
417	1.0	100.0	[3, 3, 3, 3, 3, 3, 3, 2, 3]	set()	12.604989493563327	9.91291754247403	10.27849696854851	0.0	0	[43.109565983147526, 147.9013855168021, 228.6361113371724, 301.00855783170834, 334.8701535176719, 367.8155792877078, 448.7830974154949, 698.6987158044935, 793.4766271619455]	2.0913671664574873	0	0	0	0	0	0.606	6.625	0	0
172	1.0	100.0	[3, 3, 2]	set()	5.7866411124541814	4.71438252660067	4.815544285121322	0.0	0	[68.73651081696153, 332.63067344555617, 967.1576100982828]	0.9364235083289094	0	0	0	0	0	0.058499999999999996	0.5	0	0
482	1.0	100.0	[2, 2]	set()	3.183269780941501	2.3150658097480656	2.484288937854606	0.0	0	[224.3687715381384, 271.81953471153975]	0.7109274961845937	0	0	0	0	0	0.125	0.375	0	0
233	1.0	100.0	[3]	set()	2.0362022585897614	2.009507026823047	2.0161786749594137	0.0	0	[832.3462803382427]	0.4521463075151686	0	0	0	0	0	0.042	0.25	0	0
44	1.0	100.0	[3]	set()	3.985808421462714	3.741367482927144	3.827866741186126	0.0	0	[936.9561900384724]	0.23526180662713572	0	0	0	0	0	0.008	0.125	0	0
292	1.0	100.0	[3]	set()	3.3628903739254006	3.1643654197387243	3.165645524631423	0.0	0	[376.45609118044376]	0.662302526079984	0	0	0	0	0	0.172	0.375	0	0
357	1.0	100.0	[2]	set()	4.451198240826513	3.9224014834515986	3.9454775991713458	0.0	0	[18.986626295372844]	0.09406860306917604	0	0	0	0	0	0.0	0.0	0	0
418	1.0	100.0	[3, 3, 3, 2, 2, 3]	set()	4.668179464959589	3.2927103493797416	3.4253615845020313	0.0	0	[109.22141742109916, 285.2509275544435, 428.61921186188766, 530.747082317248, 709.7624491750198, 880.7849176228046]	1.9226423597088036	0	0	0	0	0	0.22512500000000002	1.625	0	0
483	1.0	100.0	[2]	set()	2.8568770635608853	2.6953051627877334	2.693927719385701	0.0	0	[658.4339719265699]	0.6420687548525746	0	0	0	0	0	0.0	0.0	0	0
173	1.0	100.0	[3, 3, 3, 3]	set()	7.254252641140008	5.788660936101554	5.952057950923086	0.0	0	[130.7361531071365, 146.1499492388345, 611.4750558761771, 660.5393067002296]	1.2009515176728112	0	0	0	0	0	0.3	1.5	0	0
45	1.0	100.0	[3, 3, 3]	set()	7.460611042073911	6.30587827304937	6.2953601657907825	0.0	0	[388.98834213614464, 463.3255237713456, 682.3952478006339]	1.2574019860683856	0	0	0	0	0	0.271125	1.0	0	0
234	1.0	100.0	[3]	set()	5.954104979122073	5.000972534902237	4.9886484351996225	0.0	0	[754.960851976648]	0.5568191720894825	0	0	0	0	0	0.125	0.25	0	0
108	1.0	100.0	[3, 3, 3, 2, 2, 3, 2, 3, 3, 2]	set()	12.385484475672154	7.415279454641599	8.126820486276713	0.0	0	[111.08739490529118, 215.263444692268, 232.87165781392335, 333.9652866984047, 341.6185025125742, 442.36692611037375, 797.6538326038961, 847.999741434144, 943.5611859031048, 953.0188907505968]	1.9813096899003322	0	0	0	0	0	0.25	2.75	0	0
358	1.0	100.0	[3, 2, 2]	set()	5.749392103354559	5.036434823055461	5.05569161932873	0.0	0	[391.9914236080037, 428.61717380583286, 487.7509083598852]	0.9981210215529637	0	0	0	0	0	0.048875	0.125	0	0
293	1.0	100.0	[3, 3, 2, 3]	set()	4.460839293021087	3.641208704469867	3.7046744535229426	0.0	0	[104.39625009894372, 277.3118147160858, 664.6515781293183, 943.1707067415118]	1.4257136096942427	0	0	0	0	0	0.1095	1.0	0	0
484	1.0	100.0	[3]	set()	3.794259655533091	3.2003461848978154	3.3474625904169124	0.0	0	[916.973671875894]	0.28609919910274334	0	0	0	0	0	0.0	0.0	0	0
419	1.0	100.0	[3, 3, 2, 2]	set()	4.31605710148927	2.8908398628877863	3.12899177784861	0.0	0	[7.554241688922048, 251.4121271669865, 622.8807726874948, 957.0983216667292]	1.250275015002681	0	0	0	0	0	0.03225	0.375	0	0
174	1.0	100.0	[2, 2, 3, 3]	set()	3.648744533656686	2.833488257974455	2.9154048747928534	0.0	0	[94.8258204051382, 253.8479787763208, 337.0718793012202, 834.2220062521375]	1.368051895206398	0	0	0	0	0	0.167125	1.0	0	0
46	1.0	100.0	[3, 2, 3, 3, 3]	set()	4.600314638616363	3.18564165779034	3.5019617618994143	0.0	0	[351.467976346612, 438.07615526020527, 617.7123993165839, 786.8695766665041, 993.29744353697]	1.5476168084823556	0	0	0	0	0	0.353	2.0	0	0
109	1.0	100.0	[3, 2]	set()	3.442113769532012	3.1346808694069446	3.166210409110574	0.0	0	[305.5030470713973, 699.164694347373]	1.0906215914799753	0	0	0	0	0	0.375	1.125	0	0
294	1.0	100.0	[2, 3]	set()	4.341980987957948	3.884078071417436	3.883029491520495	0.0	0	[392.9214705713093, 869.8195845354348]	0.985582438115834	0	0	0	0	0	0.15775	0.625	0	0
485	1.0	100.0	[3]	set()	4.260928299753458	3.7348569557708053	3.7271634055389224	0.0	0	[391.2900413852185]	0.6693216418088459	0	0	0	0	0	0.048875	0.125	0	0
420	1.0	100.0	[3, 2]	set()	3.248941494499514	2.639275021516774	2.642468014274365	0.0	0	[362.5327814370394, 902.0689803611276]	0.9283006612176624	0	0	0	0	0	0.07975	0.25	0	0
235	1.0	100.0	[3, 3, 3, 3, 2, 3, 3, 3]	set()	8.11883042574631	5.933161881090566	5.8698266133032355	0.0	0	[120.73649860258672, 177.69554668912946, 210.15071356669068, 220.88250703687984, 237.6407348820122, 708.6910471670942, 986.4220234284434, 992.7810396174008]	1.4250691681655279	0	0	0	0	0	0.292	2.875	0	0
359	1.0	100.0	[3, 3, 3, 3, 2, 3, 2]	set()	8.006194064156203	5.8126047108695555	5.806274216522256	0.0	0	[111.9587840512397, 210.15953918913587, 220.0761795975268, 300.6976162142425, 309.7857103148538, 511.9348252192142, 699.6657508425415]	1.7629940667455166	0	0	0	0	0	0.233625	2.375	0	0
175	1.0	100.0	[3, 3, 2, 3]	set()	6.2847357530813195	4.738785768705956	4.913564400528559	0.0	0	[418.0429216285646, 524.9592582695186, 583.8941149413586, 594.7039588354528]	1.185479796233728	0	0	0	0	0	0.22649999999999998	0.875	0	0
110	1.0	100.0	[3, 3]	set()	4.084214452386867	3.626645292847533	3.6002439593349402	0.0	0	[207.94324770666205, 825.988391879946]	0.9282547719379839	0	0	0	0	0	0.194625	0.75	0	0
47	1.0	100.0	[3, 2, 2, 3, 3, 2]	set()	7.332756637024843	5.170543886988536	4.788018717523386	0.0	0	[360.7066922720614, 391.4472071970074, 556.7644788053053, 685.6211982576928, 855.6762638036162, 998.7500021885172]	1.6242627725490084	0	0	0	0	0	0.063125	0.375	0	0
486	1.0	100.0	[3, 2]	set()	3.6632252603286064	3.115827677681674	3.225648237491603	0.0	0	[553.4721554722637, 996.0910519585012]	0.7098309836499326	0	0	0	0	0	0.069125	0.125	0	0
295	1.0	100.0	[3]	set()	3.5252002559100815	3.271657293434127	3.253042249468299	0.0	0	[420.868827495724]	0.6805708854973445	0	0	0	0	0	0.0525	0.125	0	0
421	1.0	100.0	[3, 3]	set()	3.5672723651427405	2.886959538623882	2.9351419314550165	0.0	0	[235.7574592770724, 907.3706893250346]	0.8283879998218064	0	0	0	0	0	0.261625	0.875	0	0
236	1.0	100.0	[3, 3]	set()	4.035908306735663	3.3389929717713915	3.297690990004766	0.0	0	[129.03783260844648, 738.9259601477534]	0.9164112961155864	0	0	0	0	0	0.173875	0.625	0	0
296	1.0	100.0	[3]	set()	3.1464913450888967	2.943320325472326	2.93787356065677	0.0	0	[608.6970674805343]	0.6693273379596207	0	0	0	0	0	0.25	0.5	0	0
48	1.0	100.0	[3, 2]	set()	3.5738656010962657	3.238197531710503	3.2161879108118683	0.0	0	[137.0826294924039, 549.6457286644727]	0.9969330109161703	0	0	0	0	0	0.15925	0.625	0	0
422	1.0	100.0	[2]	set()	2.9352558590574835	2.5543679583385757	2.541340920987934	0.0	0	[352.82863141037524]	0.6491801095473291	0	0	0	0	0	0.0	0.0	0	0
111	1.0	100.0	[3, 2]	set()	4.739066514782866	4.221179214809412	4.259674929722995	0.0	0	[290.4850812628865, 571.1983030196279]	1.078815142976615	0	0	0	0	0	0.0	0.0	0	0
176	1.0	100.0	[3, 3, 3, 2, 2]	set()	5.070950713864446	3.2000311689285703	3.389213430934015	0.0	0	[280.25728720056577, 371.577235404402, 801.7109490465373, 805.408775806427, 892.3940791282803]	1.4109616985771087	0	0	0	0	0	0.256125	1.875	0	0
487	1.0	100.0	[2, 3]	set()	5.278704440046666	4.250522600441247	4.172005722990484	0.0	0	[331.16512186825275, 942.9778037592768]	0.8299141163899302	0	0	0	0	0	0.00725	0.125	0	0
360	1.0	100.0	[3, 3, 3, 2, 2]	set()	12.020937801126848	9.305623285720394	9.107603795449986	0.0	0	[472.74609164499856, 510.9750400297344, 524.3054841116827, 857.721573960524, 971.689858292828]	1.2511673502005225	0	0	0	0	0	0.191	1.375	0	0
237	1.0	100.0	[3, 2, 2, 3, 3]	set()	10.971866706072882	7.628911300058125	7.918435733383362	0.0	0	[109.8278984427452, 281.91745847779026, 434.4605728174224, 902.7068109540726, 904.5582255348564]	1.4234045353898805	0	0	0	0	0	0.1885	1.5	0	0
112	1.0	100.0	[3]	set()	4.407708191544971	4.309206283768177	4.301009384735734	0.0	0	[369.1609560046345]	0.6585076168187849	0	0	0	0	0	0.25	0.5	0	0
423	1.0	100.0	[3, 3]	set()	4.961242283508187	4.469105668726326	4.515017705178955	0.0	0	[80.13502694666386, 970.4808537537727]	0.4096612698527158	0	0	0	0	0	0.0175	0.375	0	0
488	1.0	100.0	[3, 3, 3]	set()	6.053475563495587	5.017601912044747	4.996689739424629	0.0	0	[516.2978488951921, 611.2039876271435, 875.347616453242]	1.1760000186399497	0	0	0	0	0	0.238125	0.875	0	0
177	1.0	100.0	[3, 2, 3]	set()	8.055704810803807	6.519567638249287	6.558912614730112	0.0	0	[115.70583772845566, 915.1413780637084, 929.0736319962888]	0.6757157619150747	0	0	0	0	0	0.041	0.5	0	0
297	1.0	100.0	[2, 2, 3, 3, 2, 3, 3]	set()	9.837721803332457	6.364637173006858	6.861655002725036	0.0	0	[91.40692834729246, 216.95649420423237, 240.4749046545476, 466.7017897590995, 728.4986374434084, 799.7528600972146, 839.163826549168]	1.8640482652911663	0	0	0	0	0	0.203375	1.625	0	0
238	1.0	100.0	[2, 3]	set()	3.8675386131835703	2.959216444971387	3.03315588752207	0.0	0	[173.8293757662177, 242.3405353911221]	0.6980744502910823	0	0	0	0	0	0.09475	0.125	0	0
49	1.0	100.0	[3, 3, 3, 2, 3, 2, 3, 3]	set()	10.944402476363278	7.502930790626753	7.871177170537067	0.0	0	[285.8665559376741, 312.01642081452883, 627.0169666968286, 670.759943779558, 673.7539430614561, 766.0038232743314, 850.3639847040176, 898.5084026498484]	1.7781178195329252	0	0	0	0	0	0.4139999999999999	4.25	0	0
361	1.0	100.0	[2, 3, 3, 3, 3, 3, 2, 3]	set()	12.129341521056324	6.765502971782747	7.624734441942143	0.0	0	[289.1410649754107, 408.83806673809886, 430.3475885767458, 661.5421099342323, 737.3497476674671, 785.3871791157871, 851.0578505229205, 939.6411577652536]	1.9384062751745863	0	0	0	0	0	0.25275	2.375	0	0
424	1.0	100.0	[2]	set()	3.5204785506830953	3.392420812388794	3.3412469902709923	0.0	0	[97.2657084930688]	0.31903324436819575	0	0	0	0	0	0.0	0.0	0	0
113	1.0	100.0	[3, 3, 3, 3]	set()	5.439260567470474	4.351475588443621	4.318122773913377	0.0	0	[102.01577562838791, 501.66596605234656, 630.5255291095752, 662.8126297146082]	1.3408532512889022	0	0	0	0	0	0.1615	0.875	0	0
489	1.0	100.0	[3, 3]	set()	4.53161402701882	3.8797068919341036	3.668600353977618	0.0	0	[532.3887900019723, 792.0846398919821]	1.0122982151298798	0	0	0	0	0	0.185	0.5	0	0
178	1.0	100.0	[3, 3, 2, 2]	set()	4.822226782075459	3.6002459466858228	3.9502176410420478	0.0	0	[177.48517041429102, 208.45458447001877, 396.2834934352046, 564.4757462907365]	1.390388934757451	0	0	0	0	0	0.026	0.25	0	0
298	1.0	100.0	[2, 3, 2]	set()	6.919057674801253	5.451921404453986	5.563119579773445	0.0	0	[147.46823337745596, 196.0425919982668, 818.0496706627309]	1.0345747160704435	0	0	0	0	0	0.0245	0.25	0	0
239	1.0	100.0	[3, 2]	set()	4.786008010249738	3.906246723663199	4.086484247036038	0.0	0	[66.27488555386662, 703.3759426343522]	0.8275728712919508	0	0	0	0	0	0.00825	0.125	0	0
50	1.0	100.0	[2, 3]	set()	3.860899673741546	3.0532139462305645	3.0295732693230013	0.0	0	[752.0666762720793, 887.0414134580642]	0.7309287510112471	0	0	0	0	0	0.0	0.0	0	0
425	1.0	100.0	[3, 2]	set()	5.378725646184458	4.833626681266964	4.848438164919642	0.0	0	[440.4120105318725, 807.8819853253663]	1.0459633114663487	0	0	0	0	0	0.14	0.5	0	0
490	1.0	100.0	[3, 3]	set()	2.9228999491688823	2.551194217542654	2.6672882665957984	0.0	0	[91.14998346194623, 215.2815186418593]	0.667556110837848	0	0	0	0	0	0.1075	1.0	0	0
114	1.0	100.0	[3, 2, 3]	set()	3.5685946573364866	2.8523858761467946	3.0172833752642143	0.0	0	[324.6460594289249, 419.6851366759039, 491.4025226607919]	1.1217433983663654	0	0	0	0	0	0.16549999999999998	0.625	0	0
362	1.0	100.0	[3, 3, 3]	set()	6.344482525512513	4.703979360074049	4.8619930821771415	0.0	0	[206.4613841056484, 392.4673404473631, 744.754757033661]	1.3546691929970662	0	0	0	0	0	0.081	0.375	0	0
426	1.0	100.0	[3]	set()	3.757164512917327	3.239106034286256	3.2475091902857702	0.0	0	[528.5165901295841]	0.6915199058687015	0	0	0	0	0	0.066	0.125	0	0
299	1.0	100.0	[2, 3, 3, 3]	set()	7.167327223496121	5.259085736158191	5.633773094093616	0.0	0	[120.90212046863692, 357.01992199756205, 473.1469447724521, 489.7361304610968]	1.2576053481073803	0	0	0	0	0	0.24525000000000002	1.5	0	0
363	1.0	100.0	[3]	set()	3.9548631073602065	3.528937841934121	3.526049744986276	0.0	0	[456.9193250499666]	0.6894306850521411	0	0	0	0	0	0.0	0.0	0	0
115	1.0	100.0	[2]	set()	5.082422250469612	4.448592163072007	4.502074787130722	0.0	0	[130.32419770024717]	0.3870025284239555	0	0	0	0	0	0.0	0.0	0	0
179	1.0	100.0	[2, 2, 2, 3, 3, 2, 3, 2, 2]	set()	12.966281000187497	6.630722862507072	7.983811058186376	0.0	0	[63.45541675150135, 280.0298928304977, 357.9946296781793, 396.7917539279944, 591.4021418631789, 683.2740592008975, 719.1031356342137, 797.2655570175897, 837.4282327157672]	2.1121064277746133	0	0	0	0	0	0.035125	0.375	0	0
51	1.0	100.0	[3, 2, 3, 3, 2, 3]	set()	5.3046291272816255	3.37928532300387	3.8276936838564417	0.0	0	[361.9740149696797, 470.19112999696233, 534.9060629361917, 603.7158891558647, 777.2267758846283, 779.1882224846631]	1.619461128371557	0	0	0	0	0	0.316	1.875	0	0
240	1.0	100.0	[3, 3]	set()	6.020445461106815	5.2410414969799035	5.442780362103829	0.0	0	[114.05397579073906, 840.8328760415316]	0.7720772389440274	0	0	0	0	0	0.25	0.75	0	0
491	1.0	100.0	[3, 3, 3, 2, 3, 2]	set()	8.28131705660986	5.406381638895489	5.590117708735892	0.0	0	[191.29692245072417, 480.3920860929738, 573.3317602425814, 664.6079581956981, 726.6951196994728, 820.5739669501781]	1.8173678368519721	0	0	0	0	0	0.33787500000000004	3.0	0	0
427	1.0	100.0	[3]	set()	2.5730607771172624	2.512380283682475	2.5031981313076	0.0	0	[812.6249013002962]	0.48239436656059986	0	0	0	0	0	0.0235	0.125	0	0
364	1.0	100.0	[3, 2, 3]	set()	3.5682111924239504	2.633127053155371	2.8117848370503755	0.0	0	[516.7537755332887, 727.1499298185562, 765.1514061760023]	1.1336345666844365	0	0	0	0	0	0.1895	0.625	0	0
300	1.0	100.0	[3, 2, 3, 2, 3]	set()	5.22501867394823	3.680986136707519	3.761283370073678	0.0	0	[79.09101814966002, 564.6126269172829, 659.0012856759131, 662.9370838991249, 918.7345965828224]	1.3487801567943543	0	0	0	0	0	0.1475	0.875	0	0
180	1.0	100.0	[2, 2, 2]	set()	5.0257010622455995	4.000555962785414	4.06521183830753	0.0	0	[159.00867898017168, 458.9319273541352, 987.66755964607]	1.0447139143955542	0	0	0	0	0	0.125	0.5	0	0
116	1.0	100.0	[2, 3, 2]	set()	6.053194925000266	4.3469303082735475	4.485766042998068	0.0	0	[550.5200484767556, 561.5925824763441, 776.9064637832344]	1.0437892622464964	0	0	0	0	0	0.070125	0.25	0	0
52	1.0	100.0	[3, 2, 3]	set()	4.361505500473228	3.346991637430432	3.3329977527169232	0.0	0	[521.4980544988066, 525.5299960319775, 542.2512127552181]	0.7878598994094864	0	0	0	0	0	0.309875	1.375	0	0
492	1.0	100.0	[2, 3, 2]	set()	3.513187927280494	2.8852116810530224	2.89437080233605	0.0	0	[4.6138952020555735, 61.8645204231143, 190.8953555393964]	0.6241787654279441	0	0	0	0	0	0.0	0.0	0	0
241	1.0	100.0	[3, 2, 3]	set()	5.865829284948095	5.195755455245533	5.240085312579966	0.0	0	[412.50874660909176, 751.4173295348883, 785.1896230131388]	1.1767858071297777	0	0	0	0	0	0.132125	0.5	0	0
301	1.0	100.0	[3, 3, 3, 2]	set()	3.9964580101896274	3.1163918519539866	3.2638314091814786	0.0	0	[86.21687185950577, 386.9173058580327, 539.7465625461382, 895.2529964988329]	1.463721527165372	0	0	0	0	0	0.0875	0.5	0	0
117	1.0	100.0	[3, 3, 3, 2]	set()	6.589339271038743	4.413792189968384	4.483984563961205	0.0	0	[33.17017158749369, 367.3520409502089, 476.2433066284144, 480.459819288336]	1.083983573890735	0	0	0	0	0	0.14275	0.875	0	0
365	1.0	100.0	[3]	set()	5.306765493856782	4.833320665051449	4.911197941820239	0.0	0	[727.72077890113]	0.5855126499282238	0	0	0	0	0	0.034125	0.125	0	0
53	1.0	100.0	[3, 3]	set()	4.833709482485954	4.208038089772318	4.140759533010494	0.0	0	[314.16753702797, 782.5749879702926]	1.0507693987483993	0	0	0	0	0	0.125	0.375	0	0
181	1.0	100.0	[3, 2, 3, 3, 3, 3, 3]	set()	8.683464385088973	5.621638017241701	6.183576318200582	0.0	0	[101.2028567492962, 107.79063077643514, 381.6648427630991, 612.673485185951, 794.6407576091588, 901.1492561548948, 930.9746894453076]	1.7959642676390126	0	0	0	0	0	0.28887499999999994	2.25	0	0
428	1.0	100.0	[3, 3, 2, 3]	set()	8.77161348682766	7.36637692669942	7.299115155882705	0.0	0	[183.50149919107173, 658.6945921005137, 818.7734877574684, 905.387272592634]	1.3929476039380568	0	0	0	0	0	0.08937499999999998	0.75	0	0
493	1.0	100.0	[3, 3, 2, 3, 3, 2, 3]	set()	7.5226217547779015	4.8645840429050455	5.203289006460793	0.0	0	[391.1445735965895, 419.8012010421159, 495.8993347827345, 601.0471504497427, 642.1303454315952, 724.5887836907059, 995.1366557649304]	1.6183068439796684	0	0	0	0	0	0.255	1.5	0	0
242	1.0	100.0	[3, 3, 3, 2, 3, 3]	set()	9.649110219359386	5.793298492841839	6.386406759951426	0.0	0	[78.22869112715125, 316.73161988146603, 358.60172237203744, 623.5159940551966, 689.3089354221695, 968.7257373458536]	1.669633153739702	0	0	0	0	0	0.0855	0.625	0	0
302	1.0	100.0	[3, 3, 3, 3]	set()	4.586349320194293	3.985824562445944	3.814515477158684	0.0	0	[73.8673030235839, 191.94259510787725, 373.3816165477037, 858.8525746017694]	1.3815850187534342	0	0	0	0	0	0.25787499999999997	1.75	0	0
366	1.0	100.0	[3, 3]	set()	5.000749188627062	4.476483495520167	4.399531784924692	0.0	0	[655.0486201886088, 751.5801172703505]	0.8487534031269921	0	0	0	0	0	0.293125	1.0	0	0
54	1.0	100.0	[3, 3, 2, 3]	set()	7.971030990292359	6.611701474922816	6.805071155118176	0.0	0	[348.7061765044928, 728.8286124821752, 776.9392128123686, 777.7015190031857]	1.2207791192637645	0	0	0	0	0	0.313125	1.375	0	0
429	1.0	100.0	[3, 3]	set()	5.616413055651915	4.766188495428979	4.796959528491259	0.0	0	[51.35024804621935, 415.4492085799575]	0.8341753303292085	0	0	0	0	0	0.051875	0.25	0	0
494	1.0	100.0	[3, 2, 3]	set()	4.076807807247532	3.5224174216412627	3.5841229561691184	0.0	0	[212.2835898771882, 774.4663123994004, 991.33263155818]	1.0254097914919096	0	0	0	0	0	0.156	1.125	0	0
118	1.0	100.0	[3, 3, 3, 3, 3]	set()	9.323620157084168	7.698196159985624	7.533956014927375	0.0	0	[394.7616208363902, 674.2347438976823, 674.4483560323715, 689.0567887703627, 876.3968949121194]	1.3589264873900313	0	0	0	0	0	0.275875	2.25	0	0
243	1.0	100.0	[2, 2, 2, 2]	set()	5.4129631017689555	3.2480307542423223	3.7277507898614424	0.0	0	[811.1588041373429, 855.9629782103002, 967.4317825119942, 990.9700462594628]	0.684223448592075	0	0	0	0	0	0.0	0.0	0	0
303	1.0	100.0	[3, 3]	set()	4.603241522710364	3.8080061121425164	3.516728506519415	0.0	0	[52.282263893361765, 956.2294674105942]	0.38252358569536304	0	0	0	0	0	0.012	0.25	0	0
182	1.0	100.0	[2, 2, 3, 2]	set()	8.034458049296832	6.74091751545493	6.661645853282318	0.0	0	[103.84557535871863, 169.00037275627255, 860.9845091123134, 917.4484275281428]	1.0361119383320592	0	0	0	0	0	0.0175	0.25	0	0
367	1.0	100.0	[3]	set()	3.7655960949928167	3.5299089250790496	3.529310752857376	0.0	0	[555.0020111259073]	0.6870844760353931	0	0	0	0	0	0.19437500000000002	0.375	0	0
55	1.0	100.0	[3, 2]	set()	3.4734528052047695	2.721939899022377	2.939741258576241	0.0	0	[172.64870600774884, 926.0625603451028]	0.7091515886826529	0	0	0	0	0	0.1895	0.75	0	0
119	1.0	100.0	[3]	set()	5.535654394645109	5.376350820577178	5.385707771922718	0.0	0	[434.1839994303882]	0.6844584949743753	0	0	0	0	0	0.25	0.5	0	0
304	1.0	100.0	[3]	set()	3.039493605796671	2.876432791589573	2.8815490288542307	0.0	0	[652.2652916610241]	0.6460330452648755	0	0	0	0	0	0.0815	0.125	0	0
368	1.0	100.0	[3, 3, 2]	set()	2.928953405277703	2.3649597416293324	2.3419298522196224	0.0	0	[31.733238138258457, 59.31260483339429, 343.1675918400288]	0.8420611910876716	0	0	0	0	0	0.029875	1.0	0	0
244	1.0	100.0	[2, 3, 2, 3, 3, 3]	set()	5.791624859964094	4.14898200369193	4.356278129467597	0.0	0	[119.93814446032049, 180.3245979826897, 241.3757055208494, 263.9531334862113, 400.9813657030463, 542.2413749620318]	1.5866737964823996	0	0	0	0	0	0.145625	1.75	0	0
183	1.0	100.0	[2, 3]	set()	5.755294340071293	5.533655775388276	5.516929789873185	0.0	0	[213.6573794171608, 832.1100370958447]	0.9265334409178789	0	0	0	0	0	0.063	0.375	0	0
430	1.0	100.0	[2, 3, 3, 3, 3, 3]	set()	10.143832341393953	6.518067565117473	6.966958553373416	0.0	0	[86.3517392359634, 251.1622826417041, 476.4195593766229, 477.71531715989113, 537.6400174573064, 858.1655535381287]	1.6633899130056866	0	0	0	0	0	0.083125	0.5	0	0
495	1.0	100.0	[2, 2, 3]	set()	12.17464639070618	8.747448564209511	8.926889219402183	0.0	0	[251.9287782813022, 755.4021263495088, 840.6106824986637]	1.1953495595543377	0	0	0	0	0	0.0	0.0	0	0
56	1.0	100.0	[3, 3]	set()	4.017242728120644	3.690791397837565	3.649805743588154	0.0	0	[42.38895303569734, 616.807657526806]	0.820006772071525	0	0	0	0	0	0.00525	0.125	0	0
305	1.0	100.0	[3]	set()	5.045781218793226	4.537317746656629	4.671444037405778	0.0	0	[7.000530604273081]	0.04171098757057976	0	0	0	0	0	0.000875	0.125	0	0
120	1.0	100.0	[3]	set()	5.0837168954526195	4.377558759387677	4.449850535283905	0.0	0	[59.15388837456703]	0.22463304168143422	0	0	0	0	0	0.007375	0.125	0	0
245	1.0	100.0	[3]	set()	2.2725656670920853	2.1916826112136643	2.0937021683595747	0.0	0	[986.3096820190548]	0.07234223864260889	0	0	0	0	0	0.00175	0.125	0	0
369	1.0	100.0	[2]	set()	3.454316610068258	3.0493789130990763	3.050828274104104	0.0	0	[441.8310513719916]	0.6863645789051915	0	0	0	0	0	0.0	0.0	0	0
184	1.0	100.0	[3, 3, 3]	set()	5.6636902911248965	4.255392001521673	4.454986181445295	0.0	0	[465.13333078473806, 770.6126184202731, 927.7268764562904]	1.1989549147716156	0	0	0	0	0	0.009125	0.125	0	0
431	1.0	100.0	[3, 3, 3, 2, 3]	set()	10.059118113006143	7.672067110419261	7.707683767631512	0.0	0	[187.59357578578675, 247.87563271820545, 301.38481200215136, 518.0736659503414, 877.8770842092172]	1.5958807544216187	0	0	0	0	0	0.2015	1.375	0	0
246	1.0	100.0	[3, 2]	set()	2.934061266079457	2.263342650805326	2.3923826651450666	0.0	0	[172.39158926531672, 871.8201253692488]	0.8164245607375706	0	0	0	0	0	0.25	0.75	0	0
121	1.0	100.0	[2, 3, 3, 3]	set()	5.106379090112897	4.045236654234331	4.036527889790868	0.0	0	[350.3629537928616, 611.5278120230334, 668.0343989282846, 813.9780382625759]	1.4742045754293858	0	0	0	0	0	0.06675	0.5	0	0
57	1.0	100.0	[2, 3, 3, 3, 3]	set()	5.688898192133342	4.522003937708297	4.427667933095933	0.0	0	[357.431225829151, 412.4096264131367, 633.0766776973684, 800.6514168830139, 975.9981594979764]	1.5547996955975736	0	0	0	0	0	0.30412500000000003	2.125	0	0
185	1.0	100.0	[3, 2, 2]	set()	3.026314835032825	2.416207218804493	2.3000464512355743	0.0	0	[33.95329462364316, 353.9163163881631, 698.5630845064328]	1.208081360475047	0	0	0	0	0	0.004125	0.125	0	0
306	1.0	100.0	[2, 2, 2, 3, 3, 3, 3, 2, 3]	set()	8.433683412776187	5.790098336141415	6.29224495728864	0.0	0	[396.5121845249087, 423.4488201327622, 495.4830178354843, 539.703454741945, 543.6249099597408, 780.9570774222907, 880.9987157583237, 955.8619912626802, 994.2007379140704]	1.7338968608636927	0	0	0	0	0	0.15375	2.0	0	0
370	1.0	100.0	[2, 3, 2, 3, 2, 3, 2]	set()	8.709803886064208	6.471034589789536	6.713453725130082	0.0	0	[15.246283262968063, 400.7552587427199, 498.631088969004, 536.2635728569711, 541.9170261502701, 791.3729869760573, 815.1969984173775]	1.5588317960428053	0	0	0	0	0	0.10800000000000001	0.75	0	0
432	1.0	100.0	[3, 3, 3, 3, 3, 3]	set()	5.784782914395053	4.600519389471741	4.61771529717182	0.0	0	[58.51476872339845, 161.54743914190271, 360.1067780982703, 557.4845939408988, 688.4849867783487, 896.3680832024279]	1.8692609142937493	0	0	0	0	0	0.6496249999999999	4.5	0	0
58	1.0	100.0	[2, 2, 3, 3, 2]	set()	6.351216802822019	4.320716374673516	4.648093319689532	0.0	0	[149.51406437891313, 245.39204296510897, 266.2756780628115, 383.9619348291308, 555.6326586016498]	1.5044881113806492	0	0	0	0	0	0.235375	1.375	0	0
122	1.0	100.0	[3, 3, 3, 3]	set()	6.868203897024904	5.735096528325152	5.861306287745944	0.0	0	[26.22278843925363, 410.1701877079904, 589.5191405434161, 889.8858498728212]	1.3754156066064434	0	0	0	0	0	0.178375	1.125	0	0
247	1.0	100.0	[3, 2, 3, 3, 2, 3]	set()	12.525687116567992	8.548538821906252	8.731474509414069	0.0	0	[254.6508845407516, 273.0947872623801, 293.1063766591251, 461.9666773360223, 527.6143089868128, 613.2445158332704]	1.5572437128285423	0	0	0	0	0	0.596625	4.25	0	0
307	1.0	100.0	[2, 3, 3, 3]	set()	6.655002244634641	4.891312289307017	5.223348412436902	0.0	0	[772.9185993166734, 839.7657078093355, 893.5318207368255, 992.6755521037438]	0.8022489598666936	0	0	0	0	0	0.00675	0.125	0	0
433	1.0	100.0	[3]	set()	3.5451477904509017	3.3694327388369616	3.384515808660375	0.0	0	[409.32289278134704]	0.6766111553389068	0	0	0	0	0	0.198875	0.375	0	0
371	1.0	100.0	[3]	set()	4.26831027110287	4.093422066501778	4.092720330849125	0.0	0	[473.5186854377389]	0.6917440040937659	0	0	0	0	0	0.19087500000000002	0.375	0	0
59	1.0	100.0	[3, 3]	set()	5.168227017656493	4.821383388928808	4.776160780754383	0.0	0	[16.237759962677956, 200.86090269313135]	0.557998962982505	0	0	0	0	0	0.025	0.25	0	0
123	1.0	100.0	[3, 3, 2]	set()	5.505848562020671	4.204970569491032	4.29235588130818	0.0	0	[737.2236505616456, 798.2538035139441, 993.069734890014]	0.7485335990918058	0	0	0	0	0	0.058125	0.625	0	0
308	1.0	100.0	[3, 3, 3, 3]	set()	5.720492726795782	4.36742515594542	4.333520217339652	0.0	0	[145.7643429748714, 281.5746907144785, 305.596012622118, 452.3545995608291]	1.2528005770736743	0	0	0	0	0	0.42862500000000003	2.0	0	0
60	1.0	100.0	[2, 3, 2, 3]	set()	6.140787935874352	4.395574033896717	4.594658562588494	0.0	0	[693.9944529440254, 816.3088306318969, 867.1804463952682, 935.05371757783]	1.0221934304012943	0	0	0	0	0	0.15612499999999999	1.125	0	0
309	1.0	100.0	[3]	set()	2.6330497195575684	2.336930209788001	2.3446378087487965	0.0	0	[537.6112009398639]	0.6903153014969372	0	0	0	0	0	0.11575	0.25	0	0
61	1.0	100.0	[2, 3, 2]	set()	5.252507716563452	4.167929811686943	4.054824468362634	0.0	0	[98.28081199568572, 612.5533918384463, 917.0981974588002]	1.13851472774213	0	0	0	0	0	0.0765	0.25	0	0
