iter	recomb_rate	mut_rate	recomb_type	recomb_node	ARG_length_1	ARG_length_2	ARG_length_3	ARG_length_4	root_height_change	bp	bp_pos_deviation	rank_stat	info_sites_global	confounding_info_sites	consistent_info_sites	weighted_consistent_info_sites	rf_dist	no_neu_recurr_mut	no_adv_recurr_mut	info_sites_imbalance
186	0.1	50.0	[1]	{2}	3.7655885340282658	3.322845003529773	3.3228450035297725	0.0	0	950.8553710766138	450.8553710766138	0.26111648393354675	10	6	8	3.7931570313870897	0.0	0	0	6
248	0.1	50.0	[2]	{2}	4.129932840726075	3.5785340650904978	3.3886447398237536	0.0	0	232.4678739532829	267.5321260467171	2.8346229945399224	114	16	65	45.01976110092549	2.0334597130926166	0	0	16
124	0.1	50.0	[1]	{0}	8.228130956824574	7.092652647954957	7.092652647954957	0.0	0	764.4808180630208	264.4808180630208	1.279671758152238	71	5	38	24.44926854711771	0.0	0	0	5
310	0.1	50.0	[2]	{2}	3.4440834513538037	2.995042917027478	2.9794731738330342	0.0	0	625.5375822074711	125.53758220747113	0.12236576586860588	114	10	62	42.64912088962643	1.3814560065446484	0	0	10
434	0.1	50.0	[1]	{0}	1.8887120714264145	1.421160062294541	1.421160062294541	0.0	0	804.9903530627489	304.9903530627489	0.5331139899831832	18	2	10	7.718057881623507	0.0	0	0	2
372	0.1	50.0	[1]	{2}	7.299179598422291	6.577438401168094	6.577438401168094	0.0	0	620.9483193233608	120.9483193233608	1.3887301496588271	15	3	9	6.69505168067664	0.0	0	0	3
62	0.1	50.0	[3]	{0}	4.16565863887349	3.351960676873303	3.343254811893248	0.0	0	562.3242484871296	62.32424848712958	3.2505092861041187	96	34	65	48.990027254538624	1.891773303804183	0	0	34
0	0.1	50.0	[3]	{1}	4.577011610623776	3.9512339441614523	3.9704492969444285	0.0	0	282.6466127298774	217.3533872701226	8.388015614136794	176	118	147	100.08568402376402	4.389930754268854	0	0	118
496	0.1	50.0	[2]	{1}	5.935440501358983	4.635577870086232	4.789539487933119	0.0	0	673.4018386341634	173.40183863416337	1.7243627112917477	161	39	101	73.592309906926	2.709708426085747	0	0	41
373	0.1	50.0	[3]	{2}	5.150645022123527	4.0089140280759485	3.963584137061317	0.0	0	694.7865807451309	194.7865807451309	0.8875949857660655	119	13	65	45.264615996900936	1.0375186407802468	0	0	11
63	0.1	50.0	[3]	{0}	4.367743988530671	3.5690539594745223	3.555840647300145	0.0	0	470.33473453484464	29.665265465155358	2.0916147639264513	124	28	75	56.732970574768245	2.685674829977685	0	0	26
187	0.1	50.0	[1]	{2}	4.621600667351883	4.439386910515596	4.439386910515597	0.0	0	678.5316683817656	178.5316683817656	0.02788828556430465	174	34	104	71.53227651916818	0.0	0	0	34
435	0.1	50.0	[1]	{1}	2.164239157728719	1.9796432076779298	1.9796432076779298	0.0	0	222.42395859211695	277.57604140788305	1.489505891059955	96	50	73	44.20894897722452	0.0	0	0	50
125	0.1	50.0	[2]	{0}	2.2342168730526777	1.9489989033695716	1.9691040248272593	0.0	0	148.927023867145	351.072976132855	0.11707322644771175	63	39	51	29.609278217224396	0.9092632301432236	0	0	39
249	0.1	50.0	[1]	{1}	2.8105072257921764	2.705371397898462	2.705371397898462	0.0	0	502.55352933891135	2.5535293389113463	1.4272896501723393	116	6	61	46.66601587892884	0.0	0	0	6
311	0.1	50.0	[2]	{0}	5.663176644868969	4.557358234551721	4.610792791875767	0.0	0	608.4198572207241	108.41985722072411	1.611342357899878	142	38	90	64.75784685340523	2.272052907852905	0	0	38
1	0.1	50.0	[2]	{1}	4.736550043110974	4.137359513410411	4.286119008452205	0.0	0	31.88467072322981	468.1153292767702	0.8868438621531559	163	119	141	73.8397385719754	2.235627844288496	0	0	119
497	0.1	50.0	[2]	{0}	5.528289782286339	4.920526086266815	4.4539913574106285	0.0	0	994.374197907746	494.37419790774595	0.34242902478371695	138	14	76	39.36556095901131	2.63353392170227	0	0	14
64	0.1	50.0	[3]	{0}	0.7347513645063126	0.6437634512259087	0.64486713908814	0.0	0	262.55727279931307	237.44272720068693	2.9114362501969775	27	19	23	16.45590090959519	0.7550771533693219	0	0	19
374	0.1	50.0	[1]	{0}	5.7264853683237105	4.896845236320755	4.896845236320755	0.0	0	316.0105580464004	183.98944195359962	0.6614457748267539	86	4	45	31.332179486788803	0.0	0	0	4
188	0.1	50.0	[3]	{0}	2.6779542576874196	2.297652766807401	2.253842825965152	0.0	0	633.936898317188	133.93689831718802	5.280129968396227	87	53	70	49.641009626925	2.290110949783501	0	0	53
312	0.1	50.0	[3]	{2}	3.397172374273187	2.7934310180680777	2.8465728801707435	0.0	0	578.650200041011	78.65020004101098	5.378935376173629	101	57	79	58.14714419881068	3.0652223741151303	0	0	57
126	0.1	50.0	[1]	{1}	4.500930029192617	4.203888773734754	4.203888773734754	0.0	0	476.8892908468844	23.11070915311558	0.586835692676336	157	15	86	64.41936468605697	0.0	0	0	15
250	0.1	50.0	[1]	{1}	2.6375723459679445	2.1996782067832195	2.1996782067832195	0.0	0	668.0959339719267	168.09593397192668	0.24618298195866545	23	3	13	10.180712198084219	0.0	0	0	3
436	0.1	50.0	[1]	{2}	7.4090032478412455	5.601927849838818	5.601927849838818	0.0	0	541.663291864097	41.663291864097005	nan	1	1	1	0.686336708135903	0.0	0	0	1
2	0.1	50.0	[1]	{1}	2.4784471575382048	2.048232974122169	2.048232974122169	0.0	0	959.9741662386808	459.9741662386808	0.12776451341301862	50	8	29	14.988749179078257	0.0	0	0	8
498	0.1	50.0	[1]	{0}	7.243115698900803	5.3291753552884344	5.329175355288433	0.0	0	871.855780016631	371.855780016631	1.5656242830383744	54	2	28	17.766461279600854	0.0	0	0	2
65	0.1	50.0	[1]	{1}	17.791105360262105	14.014627644921697	14.014627644921697	0.0	0	411.3645404577254	88.63545954227459	1.6570077671768557	33	1	17	12.019093621373177	0.0	0	0	1
375	0.1	50.0	[3]	{2}	3.935819251621445	3.119083847654109	3.2790958517695294	0.0	0	795.6913076341152	295.6913076341152	3.754916856523004	111	69	90	58.50466938775778	3.15899674896467	0	0	69
189	0.1	50.0	[3]	{1}	6.702788319745759	6.338717733657198	6.022594289847236	0.0	0	74.6967555023731	425.3032444976269	2.4151469679116184	194	134	164	98.08475874832268	8.707313918781775	0	0	134
313	0.1	50.0	[1]	{0}	12.002980859036173	8.225321712431718	8.225321712431718	0.0	0	724.0006583742797	224.00065837427974	0.991117008818872	41	9	25	17.183995391380037	0.0	0	0	9
251	0.1	50.0	[1]	{1}	6.757324226763886	5.484549654025364	5.484549654025364	0.0	0	856.487540761009	356.487540761009	1.5368456012697178	36	6	21	13.511637051628902	0.0	0	0	6
127	0.1	50.0	[2]	{2}	4.032006230914513	3.921114497532924	3.7972790659655753	0.0	0	899.5147459208966	399.51474592089664	1.2743373015464836	157	83	120	64.63825998133419	2.0912405584025855	0	0	83
437	0.1	50.0	[2]	{1}	6.63119796033441	5.182307750938895	5.175345895721502	0.0	0	27.141160331666523	472.8588396683335	0.8288482243963411	152	40	96	49.35298675051332	1.8744698193753937	0	0	40
499	0.1	50.0	[2]	{2}	4.34873686403638	3.779180829842299	3.836135152064487	0.0	0	345.0783924199641	154.92160758003592	2.4495027376650076	131	39	85	60.89309550729766	2.0293998934418402	0	0	39
3	0.1	50.0	[2]	{2}	9.350197324788047	8.621976829635758	8.42872410289999	0.0	0	244.7614904958756	255.2385095041244	2.312020616375194	284	82	184	116.05649934628244	4.510771088751673	0	0	84
66	0.1	50.0	[3]	{2}	2.5334442541539377	2.1289601861340035	2.1788253174335797	0.0	0	119.90862619131806	380.09137380868196	1.4756944431663466	72	44	58	35.12479680480063	2.361129498078392	0	0	44
376	0.1	50.0	[1]	{0}	7.663286686639351	5.41373804835038	5.413738048350381	0.0	0	828.0077939853072	328.0077939853072	1.0755440806110377	58	4	31	19.35678956239671	0.0	0	0	4
190	0.1	50.0	[1]	{0}	9.274146099398434	8.03758165687931	8.03758165687931	0.0	0	583.3982934709638	83.39829347096384	0.7595100117072912	227	29	129	93.40353481579383	0.0	0	0	31
314	0.1	50.0	[1]	{2}	4.979033959764957	4.66214645525919	4.66214645525919	0.0	0	154.7228777781129	345.2771222218871	1.010316146300532	134	8	71	43.503204033352446	0.0	0	0	8
128	0.1	50.0	[3]	{2}	6.671281560689923	5.891820942504776	5.875661863421993	0.0	0	653.4286960959436	153.42869609594356	6.547199484072724	184	120	151	112.85070867568253	7.082925339949521	0	0	118
252	0.1	50.0	[1]	{2}	5.194932161443551	3.776770288465941	3.776770288465941	0.0	0	912.921832408756	412.921832408756	0.5477225575051661	11	1	6	4.432469005547464	0.0	0	0	1
438	0.1	50.0	[1]	{1}	4.462395180565164	4.254361121064887	4.254361121064887	0.0	0	462.8346469253303	37.165353074669724	2.2132563795943434	161	17	89	69.20174006830156	0.0	0	0	17
4	0.1	50.0	[2]	{1}	3.037073154332283	2.560302400021478	2.4656656316461514	0.0	0	361.20612872764497	138.79387127235503	2.1780497994289685	74	6	40	30.17793871272355	1.6289802594919434	0	0	6
67	0.1	50.0	[1]	{1}	2.4395724306523214	2.2619689496567643	2.2619689496567643	0.0	0	30.43731441721334	469.5626855827867	2.070348912493876	82	20	51	29.57330303527788	0.0	0	0	20
377	0.1	50.0	[1]	{0}	4.7169633753578015	4.247260919601899	4.247260919601899	0.0	0	632.15934461914	132.15934461914003	1.1448593052480576	126	26	76	54.184307525996104	0.0	0	0	26
315	0.1	50.0	[3]	{2}	3.2809663287054796	3.2080352152077003	3.20755978705441	0.0	0	466.8343446683139	33.16565533168608	9.781228754582592	138	134	136	100.79731917464363	5.989015278495803	0	0	134
253	0.1	50.0	[3]	{2}	4.96459156844011	4.584825596565175	4.556175092280429	0.0	0	993.7025425024332	493.7025425024332	0.11876146096150199	192	128	160	79.64899828461552	6.719883243216427	0	0	128
191	0.1	50.0	[1]	{1}	1.5786414526625525	1.4605091318945742	1.4605091318945742	0.0	0	985.6190187856556	485.6190187856556	0.5698028822981898	32	24	28	14.854667474001644	0.0	0	0	24
129	0.1	50.0	[1]	{0}	3.0715811263210515	2.3441115775227264	2.344111577522726	0.0	0	907.3912464082242	407.3912464082242	0.5698028822981898	10	4	7	3.41326127514243	0.0	0	0	4
439	0.1	50.0	[1]	{1}	5.198405271503839	3.6444137505661756	3.644413750566175	0.0	0	378.0876114033163	121.91238859668368	0.3779644730092272	23	5	14	9.981525668419897	0.0	0	0	5
5	0.1	50.0	[2]	{2}	1.4371525919987906	1.2419352640282972	1.2334665892160568	0.0	0	338.55285798199475	161.44714201800525	0.8045656354980446	52	2	27	21.676129994126033	0.5673450762892284	0	0	2
68	0.1	50.0	[2]	{1}	4.854287271720917	3.784528348564492	3.763253113372671	0.0	0	273.0950331315399	226.90496686846012	1.1933416582562355	122	18	70	44.76837152405086	1.4298722341651098	0	0	18
316	0.1	50.0	[1]	{1}	4.333521011271188	3.270066079426112	3.270066079426112	0.0	0	326.8614271655679	173.13857283443213	0.11800732792064576	55	3	29	20.475475698821242	0.0	0	0	3
378	0.1	50.0	[1]	{1}	4.31123378355141	3.2947334051128774	3.2947334051128774	0.0	0	146.37644635513425	353.62355364486575	1.8257418583505538	11	5	8	5.000752892710269	0.0	0	0	5
192	0.1	50.0	[1]	{1}	3.0138173922213385	2.2067879972962787	2.2067879972962787	0.0	0	209.92991002276543	290.0700899772346	0.2182178902359924	6	0	3	2.0979299100227653	0.0	0	0	0
254	0.1	50.0	[1]	{0}	2.80953239853028	2.45005201398211	2.45005201398211	0.0	0	374.5032327715306	125.49676722846942	0.5855400437691199	27	1	14	11.570999999999998	0.0	0	0	1
130	0.1	50.0	[2]	{2}	1.8924356385503152	1.642821731429355	1.592745460383247	0.0	0	187.94135469943296	312.05864530056704	0.9958595294565293	60	18	39	21.44483012387902	0.8069983468559649	0	0	18
440	0.1	50.0	[1]	{2}	2.085660717887706	1.9027367413120233	1.9027367413120233	0.0	0	202.8173692524433	297.1826307475567	0.664784309968492	71	31	51	32.613146877855065	0.0	0	0	31
6	0.1	50.0	[2]	{2}	3.517024748225567	3.47717564533046	3.1505846245909632	0.0	0	982.1166582405568	482.11665824055683	0.19705730476264258	144	84	115	54.61758430233597	2.069483028880575	0	0	86
69	0.1	50.0	[1]	{1}	5.098302662797584	4.537274279890976	4.537274279890976	0.0	0	172.4198935553431	327.5801064446569	1.3867504905630728	12	0	6	4.544	0.0	0	0	0
317	0.1	50.0	[3]	{1}	3.1269692531530566	2.6490834807811567	2.61327805239903	0.0	0	556.5209249034525	56.52092490345251	5.180156994371327	104	58	81	60.09864647432418	2.777898682036823	0	0	58
379	0.1	50.0	[1]	{2}	8.2786684933204	7.991365926270053	7.991365926270053	0.0	0	271.0802187211812	228.9197812788188	1.2169180017885028	269	137	202	131.97956243190913	0.0	0	0	135
193	0.1	50.0	[1]	{2}	1.6020288238663474	1.0827862957838947	1.0827862957838947	0.0	0	859.0728538110853	359.07285381108534	nan	2	2	2	1.5058542923778293	0.0	0	0	2
255	0.1	50.0	[2]	{1}	6.390316441569982	5.386808617305117	5.434670039187475	0.0	0	754.9685272388163	254.96852723881625	1.8532654630682988	158	72	115	71.36898991231244	2.4272268371958807	0	0	72
131	0.1	50.0	[3]	{2}	7.034880925377745	5.203394417253008	5.780689773424234	0.0	0	941.1526985932144	441.1526985932144	2.902897166604668	190	142	166	87.21317901945854	5.344839287681392	0	0	142
441	0.1	50.0	[3]	{2}	3.9451961564391453	3.734276810456298	3.7072199132600403	0.0	0	646.2604366242887	146.26043662428867	8.651601415583109	148	126	137	98.00128035190697	6.1715735914615575	0	0	126
7	0.1	50.0	[1]	{0}	4.299384689234343	3.9216526132628946	3.9216526132628946	0.0	0	474.5577350258828	25.442264974117222	1.3063945294843617	19	3	11	7.827442264974118	0.0	0	0	3
70	0.1	50.0	[1]	{0}	2.8998268881921594	2.335844984225284	2.335844984225284	0.0	0	229.95324991643432	270.0467500835657	1.4229829172464157	37	13	25	16.951392248913642	0.0	0	0	13
318	0.1	50.0	[2]	{0}	10.648538861408646	9.811069806337002	9.682148533181202	0.0	0	246.5075990185142	253.4924009814858	1.630309290825235	319	103	211	135.3999514125362	4.86645952799116	0	0	103
380	0.1	50.0	[1]	{0}	5.543162092970867	4.993514938877227	4.993514938877227	0.0	0	777.9299111571161	277.92991115711607	0.23089201018336244	97	7	52	38.44354195454345	0.0	0	0	7
132	0.1	50.0	[2]	{1}	5.89365889527374	5.24974817268947	5.304175837453204	0.0	0	600.4681400954726	100.46814009547256	3.3227393749269494	184	58	120	86.68442135274405	2.8990869327587365	0	0	56
194	0.1	50.0	[2]	{2}	4.494364778566229	4.257099603058362	4.252310248803698	0.0	0	369.5629367139192	130.4370632860808	0.03469889591797441	194	52	123	85.91686359552858	2.0418456001228793	0	0	52
256	0.1	50.0	[2]	{1}	5.211265698716682	4.240421599028819	4.559684152714285	0.0	0	783.4288841113452	283.42888411134516	3.2646115860860503	167	109	138	85.50781837019319	3.080480441608642	0	0	109
442	0.1	50.0	[2]	{1}	5.703562794422157	5.263748187373059	5.258474089537753	0.0	0	36.64185339584957	463.3581466041504	0.4024600404344965	187	141	164	83.26126395691931	2.418075027727399	0	0	141
8	0.1	50.0	[1]	{2}	3.550556060908772	3.1912720054043318	3.1912720054043318	0.0	0	282.24233281798666	217.75766718201334	1.6417259217762223	117	33	75	51.36242031117341	0.0	0	0	33
71	0.1	50.0	[1]	{1}	8.945400922186744	8.42542931774115	8.42542931774115	0.0	0	257.9352227039636	242.06477729603643	0.6295828506840665	268	94	181	111.56605263696986	0.0	0	0	94
257	0.1	50.0	[3]	{2}	3.8838487842083933	3.511297101477661	3.4316041779280066	0.0	0	193.29112675040963	306.7088732495904	5.100873631756339	152	100	126	83.21929014003277	4.409573186355347	0	0	100
319	0.1	50.0	[1]	{1}	3.9780009298263392	3.6462730593678176	3.6462730593678176	0.0	0	458.44826148822926	41.551738511770736	1.4591196417806627	116	18	67	49.215413491252825	0.0	0	0	18
381	0.1	50.0	[1]	{2}	5.548702528634606	4.047919709019934	4.047919709019933	0.0	0	656.5108748618514	156.51087486185145	0.5425277312606588	85	5	45	33.88851087486185	0.0	0	0	5
195	0.1	50.0	[3]	{0}	8.599773984103912	6.589804250655203	7.087612751268096	0.0	0	15.304498374462128	484.6955016255379	0.36866245970961997	207	133	170	89.06554673016072	6.129312202254979	0	0	133
133	0.1	50.0	[3]	{0}	8.358394936455689	7.047592578521472	6.8219289417920415	0.0	0	131.7560295574366	368.2439704425634	1.3801695512077574	195	51	123	74.71528663061186	5.037872049216132	0	0	51
443	0.1	50.0	[1]	{0}	5.597095950902368	4.661095873293524	4.661095873293524	0.0	0	986.1062446143478	486.1062446143478	0.14221576953127907	81	7	44	22.5443252369687	0.0	0	0	7
9	0.1	50.0	[1]	{0}	8.564254636123993	6.086602829228591	6.086602829228589	0.0	0	275.8252918720244	224.17470812797558	2.6294755017191953	21	7	14	8.945951751232146	0.0	0	0	7
320	0.1	50.0	[1]	{1}	6.2239935665490025	5.294787361066714	5.294787361066714	0.0	0	212.5154235400259	287.4845764599741	0.3872983346207417	23	1	12	6.664185082480312	0.0	0	0	1
72	0.1	50.0	[2]	{1}	6.745427425692565	6.161036404276435	6.124066287096656	0.0	0	605.6328921113166	105.63289211131655	1.068409231830003	207	17	113	82.479077896757	3.1013393675762537	0	0	19
134	0.1	50.0	[1]	{0}	3.662886314706452	3.180811870243153	3.180811870243153	0.0	0	661.8166710250081	161.81667102500808	0.5773502691896258	5	1	3	2.323816671025008	0.0	0	0	1
196	0.1	50.0	[3]	{0}	8.034865481164628	7.207662195694194	7.209271899808347	0.0	0	539.4728886894881	39.47288868948806	7.842625245439843	235	147	190	143.24513867504146	9.505762304218237	0	0	145
382	0.1	50.0	[3]	{0}	12.161993708579658	11.260599240006668	11.388033327800095	0.0	0	737.4976323917506	237.49763239175059	12.8064302132193	393	347	369	259.9709285370932	18.668874300105195	0	0	345
258	0.1	50.0	[2]	{2}	7.631104086655187	6.937030544000416	6.980069839387086	0.0	0	376.5062671154738	123.4937328845262	1.769657215949431	244	88	165	113.32435859481998	3.5130318006277617	0	0	86
444	0.1	50.0	[1]	{1}	7.602190862047583	5.081040200845389	5.081040200845389	0.0	0	224.5587352663278	275.4412647336722	1.0	2	0	1	0.5245587352663278	0.0	0	0	0
10	0.1	50.0	[1]	{2}	5.386735389261043	4.055490923163893	4.055490923163893	0.0	0	14.213370624929638	485.78662937507033	nan	0	0	0	0.0	0.0	0	0	0
73	0.1	50.0	[1]	{1}	3.625553128508222	2.9003024831319517	2.9003024831319517	0.0	0	165.30967550352216	334.69032449647784	1.6331864497962196	43	19	31	19.724503185573962	0.0	0	0	19
321	0.1	50.0	[2]	{0}	4.172535593730381	3.505013625049166	3.3174613027553432	0.0	0	130.26329502463324	369.73670497536676	0.39342577050202465	117	5	62	35.41174452137946	1.7384526440011996	0	0	7
135	0.1	50.0	[1]	{1}	5.121894611946604	4.086293984661104	4.086293984661104	0.0	0	882.904256694019	382.90425669401895	0.5222329678670935	15	7	11	6.61786168975383	0.0	0	0	7
383	0.1	50.0	[3]	{2}	9.516944560102601	8.33652119521436	8.188599259873858	0.0	0	920.4438021406532	420.44380214065325	3.016187156260234	262	162	212	125.87800321896371	8.75895004074882	0	0	162
197	0.1	50.0	[1]	{1}	4.068801442369529	3.9556355863668946	3.9556355863668946	0.0	0	879.0672605391594	379.0672605391594	0.9398101312804383	60	10	35	23.61245300759934	0.0	0	0	10
259	0.1	50.0	[1]	{2}	11.867256724748042	10.53970826207591	10.53970826207591	0.0	0	971.7088383622468	471.70883836224675	1.0	2	0	1	0.058291161637753275	0.0	0	0	0
445	0.1	50.0	[1]	{0}	1.4507132159841114	1.10702413411301	1.10702413411301	0.0	0	993.0734613444656	493.0734613444656	0.6735753140545634	17	1	9	4.834338847899809	0.0	0	0	1
11	0.1	50.0	[3]	{2}	7.632765898163864	6.477730995089534	6.450718414430395	0.0	0	578.6369028501213	78.63690285012126	5.5419067439363	190	78	134	98.2235476114005	6.152662157408706	0	0	78
384	0.1	50.0	[3]	{2}	2.318327090659758	1.7478538172370097	1.766546822227459	0.0	0	28.193637030199117	471.8063629698009	0.7144124915007622	58	10	34	21.47780911090598	0.26203211204910015	0	0	10
322	0.1	50.0	[1]	{2}	4.812829952401765	4.190169189349691	4.190169189349691	0.0	0	225.3611474297941	274.6388525702059	0.46868068019224624	77	7	42	29.9875006537363	0.0	0	0	7
136	0.1	50.0	[1]	{2}	6.469346948713514	5.3818706773579805	5.3818706773579805	0.0	0	727.3033596575259	227.3033596575259	0.7071067811865475	5	3	4	2.1767865613698962	0.0	0	0	3
74	0.1	50.0	[1]	{2}	3.404100423480716	2.347957518454143	2.347957518454143	0.0	0	890.6802185811102	390.68021858111024	1.3333333333333333	8	2	5	2.041598907094449	0.0	0	0	2
198	0.1	50.0	[2]	{1}	3.1351904393871046	2.7431964468468	2.767867951306225	0.0	0	705.84480650723	205.84480650723003	1.8300904477871767	112	14	63	43.48053564210234	1.3201276110145415	0	0	14
260	0.1	50.0	[1]	{1}	7.83100757009078	7.280561206327362	7.280561206327362	0.0	0	159.83754699118447	340.16245300881553	0.7084668543358007	54	6	30	21.140101127788423	0.0	0	0	6
446	0.1	50.0	[1]	{1}	6.641084908778546	6.18370502591714	6.18370502591714	0.0	0	348.0511130765082	151.94888692349178	0.19178196432674174	185	27	106	76.88178236766163	0.0	0	0	27
12	0.1	50.0	[3]	{1}	1.0080074114615898	0.8451407455519485	0.8540551196418932	0.0	0	582.1914637926967	82.19146379269671	2.3063999045006307	34	14	24	17.51785121724382	0.892855124805376	0	0	14
199	0.1	50.0	[3]	{2}	4.062565413807702	3.453744967255487	3.3264623307887966	0.0	0	111.4894703496247	388.5105296503753	1.2216611464484213	103	19	61	39.34208934363537	2.563923117839205	0	0	19
323	0.1	50.0	[1]	{0}	3.055748552300625	2.655141225313505	2.655141225313505	0.0	0	895.54660115391	395.54660115391005	1.1547005383792517	8	0	4	2.3708135953843597	0.0	0	0	0
75	0.1	50.0	[2]	{1}	6.136017098150671	4.731531210482163	5.105110247414178	0.0	0	262.68168981187057	237.31831018812943	4.6497121372429655	170	108	139	92.30485067099896	3.611270318686206	0	0	108
137	0.1	50.0	[1]	{0}	2.021003360451079	1.8652548128408872	1.8652548128408872	0.0	0	23.47564976662386	476.52435023337614	1.4895137660882003	75	31	53	27.755258138097826	0.0	0	0	31
385	0.1	50.0	[2]	{0}	4.141058296620717	3.6390189990198483	3.525284164292464	0.0	0	998.568939510733	498.568939510733	0.33257218061519955	124	64	94	46.4515196859911	1.6828775998698968	0	0	64
261	0.1	50.0	[1]	{2}	1.6144004960992713	1.1423905709574684	1.1423905709574684	0.0	0	1.9985800608993127	498.0014199391007	0.7977240352174656	20	2	11	6.5189843806698935	0.0	0	0	2
447	0.1	50.0	[1]	{2}	11.725667366979964	8.780190665099093	8.780190665099093	0.0	0	483.5238992236554	16.476100776344595	1.429543225323221	71	9	40	28.741952201552685	0.0	0	0	9
13	0.1	50.0	[1]	{1}	2.29190049570578	2.044659958054478	2.044659958054478	0.0	0	735.3904682677243	235.39046826772426	1.1258525035052873	35	5	20	13.707657190393656	0.0	0	0	5
262	0.1	50.0	[3]	{1}	5.258035301777207	4.056288487652631	4.331933644541364	0.0	0	31.38347133062796	468.61652866937203	1.0172944803258752	159	109	134	66.23085127298162	3.695467833401473	0	0	109
138	0.1	50.0	[1]	{2}	6.439359675464969	5.081230568707383	5.081230568707383	0.0	0	935.26815273799	435.26815273799	1.3383772429008454	153	33	93	45.43213440631889	0.0	0	0	33
386	0.1	50.0	[1]	{1}	2.951097448239885	2.341046877706908	2.341046877706908	0.0	0	357.89207834750425	142.10792165249575	0.567774973957669	31	1	17	12.921676235042513	0.0	0	0	3
200	0.1	50.0	[2]	{0}	3.865862313473669	3.3902554274212324	3.421219856548265	0.0	0	172.59300756268192	327.4069924373181	1.042731704890805	123	55	89	50.882033612577224	1.5828634335290066	0	0	55
324	0.1	50.0	[1]	{0}	5.997554282518614	5.90069982219927	5.90069982219927	0.0	0	878.1750549096614	378.1750549096614	1.6511277102336133	203	103	153	92.12611813629233	0.0	0	0	103
76	0.1	50.0	[1]	{0}	3.1337599295775096	2.361896883744833	2.361896883744833	0.0	0	383.6964434012771	116.30355659872288	nan	1	1	1	0.6213035565987228	0.0	0	0	1
448	0.1	50.0	[2]	{0}	3.2964054486413925	3.037379274034118	2.827396263999209	0.0	0	775.4081911407409	275.4081911407409	2.6682059800308324	106	14	60	46.086449146844465	1.9416364037239124	0	0	14
14	0.1	50.0	[2]	{1}	2.2155683867644718	1.8705664241898332	1.7736580693212844	0.0	0	205.0425882916898	294.9574117083102	1.9215378456610457	53	11	32	22.024596236083664	0.9944242056537108	0	0	11
325	0.1	50.0	[3]	{2}	4.1564949437112055	3.517028976057074	3.4183064569658814	0.0	0	15.460315626114609	484.5396843738854	1.4768012148745162	113	41	77	43.63660304070634	2.6112269544504985	0	0	41
139	0.1	50.0	[1]	{1}	7.824821987462714	5.735736042391244	5.735736042391244	0.0	0	319.8045180179179	180.19548198208207	0.5012804118276031	77	7	42	31.25543614414335	0.0	0	0	7
387	0.1	50.0	[2]	{2}	4.970037535268181	4.493713129189778	4.392967634983882	0.0	0	618.209236767143	118.20923676714301	2.0016646297700396	150	18	84	67.19753252361716	2.760213013207964	0	0	18
201	0.1	50.0	[1]	{0}	8.289170478676851	7.815093940005101	7.815093940005101	0.0	0	268.6490898486227	231.35091015137732	0.6951690262585218	245	71	158	100.3908725788072	0.0	0	0	71
449	0.1	50.0	[1]	{1}	7.970320839631419	6.115713457884467	6.115713457884467	0.0	0	622.678083833307	122.67808383330703	0.8400799162783656	24	6	15	11.73596574850008	0.0	0	0	6
15	0.1	50.0	[1]	{0}	4.140533591743877	3.4483377531474853	3.4483377531474853	0.0	0	788.2093479856846	288.20934798568464	0.513624785801933	107	5	56	37.821044776543985	0.0	0	0	5
388	0.1	50.0	[1]	{2}	2.9693711283637034	2.5121510837551067	2.5121510837551067	0.0	0	909.1219091787935	409.12190917879354	0.4472135954999579	4	2	3	1.5186342724636193	0.0	0	0	2
16	0.1	50.0	[3]	{0}	1.8310092936454867	1.5409409581583737	1.4998567672023269	0.0	0	368.9623149111868	131.0376850888132	2.448182886479275	60	28	44	31.481547778934228	1.326327960217533	0	0	28
77	0.1	50.0	[1]	{2}	6.754321349904769	5.98461490326474	5.98461490326474	0.0	0	217.12310006842023	282.87689993157977	0.6654296231456007	108	6	57	35.98580090266838	0.0	0	0	6
263	0.1	50.0	[2]	{1}	6.757463938434527	6.091834765847612	5.912175187161911	0.0	0	721.9244868028912	221.92448680289124	1.9745523727243068	205	21	112	73.77085337249932	3.3429959684046304	0	0	19
202	0.1	50.0	[1]	{0}	2.9121838081926352	2.775535552708469	2.775535552708469	0.0	0	97.39816561341291	402.6018343865871	0.27241444451953417	105	73	89	53.047844077140084	0.0	0	0	73
326	0.1	50.0	[2]	{2}	2.4346010605087067	1.8337657215020378	1.9963229637624373	0.0	0	91.62684995681042	408.3731500431896	1.532594964406408	87	61	74	36.071879496976734	1.177082987301123	0	0	61
140	0.1	50.0	[1]	{0}	4.919119950133371	3.511720665333	3.5117206653329993	0.0	0	802.7074472047387	302.70744720473874	0.7925939239012171	51	3	27	17.154558503109964	0.0	0	0	3
78	0.1	50.0	[3]	{2}	5.23823995095955	4.243666545296821	4.227249581780722	0.0	0	472.6629350334407	27.337064966559296	3.9401282241417808	136	54	95	71.08077488403022	2.9890955774957053	0	0	54
264	0.1	50.0	[1]	{2}	5.8780579254020395	5.5467450407504595	5.5467450407504595	0.0	0	651.0536265559494	151.05362655594945	0.6049024699555949	180	14	96	69.86178240664304	0.0	0	0	12
450	0.1	50.0	[1]	{2}	4.123097178713735	3.3659575272704423	3.3659575272704423	0.0	0	11.286661494523258	488.7133385054767	1.1710800875382399	13	3	8	4.305293291956186	0.0	0	0	3
389	0.1	50.0	[2]	{2}	7.224549098504095	5.939776004434401	6.016847664085525	0.0	0	27.4325099308044	472.5674900691956	0.8587517367985612	175	73	124	63.911631231419754	2.567664443100342	0	0	73
203	0.1	50.0	[1]	{2}	4.974170560636495	3.861311293607427	3.861311293607427	0.0	0	510.37575420923537	10.375754209235367	0.9018807509249153	95	13	54	41.664	0.0	0	0	13
141	0.1	50.0	[1]	{2}	4.754400322252462	3.905094022354238	3.905094022354238	0.0	0	775.2435696311296	275.2435696311296	0.8316554899054914	123	3	63	45.783885037746295	0.0	0	0	3
327	0.1	50.0	[2]	{1}	11.13505297457256	9.7095534314677	9.844846164312619	0.0	0	598.8367339596153	98.83673395961534	1.3006240596487169	297	65	181	128.557347043775	5.64617038085675	0	0	65
79	0.1	50.0	[2]	{2}	5.939230489257289	5.1117733341425335	5.118289925988257	0.0	0	508.1280204467476	8.128020446747598	3.604343287565539	191	41	116	86.24103856872767	2.950418708508331	0	0	41
265	0.1	50.0	[1]	{0}	2.8954475700726254	2.25336675706472	2.25336675706472	0.0	0	558.8982296176256	58.89822961762559	0.2581988897471611	9	1	5	4.160898229617626	0.0	0	0	1
17	0.1	50.0	[1]	{1}	4.452791162871469	4.376192531888769	4.376192531888769	0.0	0	532.0825774688276	32.082577468827594	0.951425932021182	208	32	120	86.71158616855364	0.0	0	0	32
451	0.1	50.0	[2]	{1}	4.199295131712548	3.455487869534365	3.4293807957679485	0.0	0	552.4490857496858	52.449085749685764	1.715074819124234	121	19	70	52.98359268599748	1.8274935510546082	0	0	19
390	0.1	50.0	[2]	{0}	7.161706706173046	6.262713901662776	6.3461002259290105	0.0	0	113.01328591071052	386.9867140892895	0.11432120178446001	217	135	176	99.4862054611779	2.9807228083987525	0	0	135
328	0.1	50.0	[3]	{2}	2.169331814633764	1.7504428565104813	1.770302945577244	0.0	0	432.8635171987117	67.13648280128831	3.7790244298000566	77	33	55	40.83249868918582	1.442249321329578	0	0	33
204	0.1	50.0	[1]	{1}	6.226071088364774	4.499304206870092	4.49930420687009	0.0	0	783.7034757249058	283.70347572490584	1.1935598309688171	64	12	38	23.75093048550188	0.0	0	0	12
266	0.1	50.0	[3]	{2}	2.739820605568471	2.065726792612918	2.0949286166951913	0.0	0	201.3199869543314	298.6800130456686	1.1305453012297553	73	3	38	23.311879556447273	0.41827489572725096	0	0	3
80	0.1	50.0	[1]	{2}	4.667856959815268	3.6414917089178176	3.6414917089178176	0.0	0	796.3730064220728	296.37300642207276	0.0730477130336511	43	3	23	14.702150916513054	0.0	0	0	3
142	0.1	50.0	[2]	{0}	7.698113504611837	6.611403070828888	6.554207134820864	0.0	0	410.929674981162	89.07032501883799	2.5848791705454484	218	32	125	96.71189877550864	3.3472939471188385	0	0	32
18	0.1	50.0	[1]	{0}	6.2459215837150435	4.590878347729585	4.590878347729585	0.0	0	560.8074984047558	60.80749840475585	0.17320807746235187	77	3	40	30.851229993619025	0.0	0	0	3
452	0.1	50.0	[1]	{2}	1.148698809083466	0.8875715647881183	0.8875715647881184	0.0	0	897.0745159313084	397.0745159313084	0.9400193421607683	10	2	6	3.617701936274766	0.0	0	0	2
391	0.1	50.0	[1]	{0}	12.327526888758344	9.324138641685828	9.324138641685828	0.0	0	196.61308126524085	303.38691873475915	1.0434983894999017	8	2	5	2.999839243795723	0.0	0	0	2
329	0.1	50.0	[1]	{2}	10.521740211867119	7.582583486135808	7.582583486135808	0.0	0	439.7489419206976	60.251058079302425	0.38758511609996354	24	2	13	10.286753174237909	0.0	0	0	2
205	0.1	50.0	[3]	{1}	8.309943640510712	7.083748347325553	6.939223902094015	0.0	0	739.774974063039	239.77497406303905	5.963406079621301	220	122	171	116.7256771527678	6.256879705728508	0	0	122
267	0.1	50.0	[3]	{2}	2.4144544754053445	2.131630382244909	2.1166349355808665	0.0	0	707.9381751827897	207.93817518278968	4.3637215590486065	84	54	69	48.03841116787122	2.5184675608510356	0	0	54
81	0.1	50.0	[1]	{0}	4.638747948773376	3.8277905388501114	3.8277905388501114	0.0	0	447.6206484250725	52.37935157492751	1.4213381090374029	21	7	14	9.998482593700288	0.0	0	0	7
143	0.1	50.0	[1]	{1}	2.8853974822586004	2.3560175245608788	2.3560175245608788	0.0	0	699.0737353917215	199.07373539172147	1.1885678350233158	37	1	19	12.573631323041393	0.0	0	0	1
19	0.1	50.0	[1]	{1}	10.481692887362431	7.901788242837484	7.901788242837484	0.0	0	226.7304584383964	273.2695415616036	0.4346928823909822	44	4	24	17.103304584383963	0.0	0	0	4
453	0.1	50.0	[3]	{0}	4.312190888043654	3.520531333500281	3.5133227871094936	0.0	0	711.0856932122258	211.0856932122258	3.2091100428672936	120	50	85	58.46565796472317	2.2675868263381056	0	0	50
392	0.1	50.0	[1]	{1}	5.957239931000275	5.65845418488678	5.65845418488678	0.0	0	782.2372589726003	282.23725897260033	1.3956313572164756	60	14	37	23.81554304363019	0.0	0	0	14
206	0.1	50.0	[1]	{1}	6.133090963496738	5.692324719992428	5.692324719992428	0.0	0	607.7315530274066	107.73155302740656	2.218113046143165	190	38	114	80.77593886386231	0.0	0	0	38
82	0.1	50.0	[3]	{2}	3.0249015091386964	2.6550164098356364	2.4843680826872196	0.0	0	906.5179768949748	406.5179768949748	0.264138923983383	83	9	46	26.93635283178091	2.1453161252341473	0	0	9
330	0.1	50.0	[2]	{0}	1.9646595752682614	1.599672687297373	1.6671032849227367	0.0	0	642.1785282436756	142.1785282436756	3.394414288821214	73	35	54	38.317715322151784	1.1590405927377616	0	0	35
268	0.1	50.0	[2]	{0}	5.4796213366894095	4.739826995979424	4.768196206757832	0.0	0	689.3221486825498	189.32214868254982	1.0769230769230769	168	34	101	70.58183884880879	2.178231771280347	0	0	34
144	0.1	50.0	[2]	{0}	5.377489089844037	4.490110098082672	4.446580324078633	0.0	0	242.58735566399983	257.4126443360002	2.0674032660435473	139	41	90	56.499940185152	1.9269408132792563	0	0	41
454	0.1	50.0	[3]	{1}	2.4891771830730316	2.0617397268962208	2.1144360147855283	0.0	0	868.3007638901474	368.30076389014744	1.9562888179210665	81	35	58	36.040367916613796	2.1235045164311295	0	0	35
20	0.1	50.0	[1]	{0}	3.796804360411928	3.521192105832301	3.521192105832301	0.0	0	595.3172151930627	95.31721519306268	0.14111491740216522	68	2	35	25.80414506326244	0.0	0	0	2
393	0.1	50.0	[1]	{0}	9.174711248863643	6.80558181421018	6.805581814210182	0.0	0	564.2627622000873	64.26276220008731	1.290083760622733	46	14	30	23.771948951199647	0.0	0	0	14
207	0.1	50.0	[1]	{1}	4.021186674143495	3.0929807915121086	3.0929807915121086	0.0	0	757.3528587818148	257.3528587818148	0.5464319029991037	72	6	39	27.20470711827278	0.0	0	0	6
269	0.1	50.0	[1]	{0}	7.322317012042541	5.588627495777491	5.588627495777491	0.0	0	459.6228920854628	40.37710791453719	0.6380124182742168	150	0	75	53.871834949623796	0.0	0	0	0
331	0.1	50.0	[1]	{0}	7.48102154866371	6.825596550214339	6.825596550214339	0.0	0	351.96886118501413	148.03113881498587	nan	0	0	0	0.0	0.0	0	0	0
83	0.1	50.0	[2]	{2}	10.833183004249332	9.909560011031694	9.90371980825062	0.0	0	191.99616671539852	308.00383328460146	1.026966624127065	318	126	222	135.60219501023374	4.506089767477892	0	0	126
455	0.1	50.0	[1]	{0}	2.2716605743897738	1.9124560638469648	1.9124560638469648	0.0	0	281.5657255705445	218.4342744294555	0.09421114395319916	51	1	26	19.22752580456436	0.0	0	0	1
145	0.1	50.0	[1]	{1}	3.90981565850265	3.2979274327863033	3.2979274327863033	0.0	0	597.0964343287052	97.09643432870519	0.40236455261563614	109	3	56	41.99949270745366	0.0	0	0	3
21	0.1	50.0	[3]	{1}	3.8185611975592866	3.6719950347472405	3.6586995834830085	0.0	0	362.50712512992334	137.49287487007666	9.49025096698726	158	146	152	110.82624225441735	6.454928684389138	0	0	146
394	0.1	50.0	[1]	{0}	6.52680591884772	5.537082549950007	5.537082549950006	0.0	0	920.2012531459332	420.20125314593315	0.7000323198744314	33	7	20	13.348779949665072	0.0	0	0	7
208	0.1	50.0	[3]	{0}	4.398746572609763	4.103744320010884	4.017150944553951	0.0	0	693.8865042757244	193.8865042757244	7.920420738056111	172	122	147	102.41656129048951	6.191347011450379	0	0	122
332	0.1	50.0	[1]	{2}	5.0044776517362966	3.378498339409132	3.378498339409131	0.0	0	710.0548269227147	210.0548269227147	0.731126155013931	10	0	5	3.776835519231856	0.0	0	0	0
270	0.1	50.0	[1]	{0}	4.038243436716044	3.837489004426123	3.837489004426123	0.0	0	961.3234736025336	461.32347360253357	0.022291128503014113	139	77	108	56.755064850926395	0.0	0	0	77
146	0.1	50.0	[1]	{2}	5.295735423832361	4.477672425211848	4.477672425211848	0.0	0	966.628889553249	466.628889553249	1.1257181615796847	53	1	27	14.86701998206228	0.0	0	0	1
84	0.1	50.0	[2]	{2}	6.457494270134056	6.347366193136185	6.356485049253237	0.0	0	718.9066044520588	218.9066044520588	0.9872160273731383	291	121	206	131.40205269177997	3.1693942915251996	0	0	121
22	0.1	50.0	[1]	{1}	3.089136044153617	2.6692674640821843	2.6692674640821843	0.0	0	237.4927191995085	262.50728080049146	0.18757872768774925	72	8	40	24.873810699187224	0.0	0	0	8
456	0.1	50.0	[1]	{0}	7.439691113455112	5.732140567442498	5.732140567442497	0.0	0	912.1552750002596	412.1552750002596	1.4648665107095635	84	4	44	28.70509954999013	0.0	0	0	4
209	0.1	50.0	[3]	{2}	3.63988308267222	2.684010230954275	2.9180791980373	0.0	0	33.553922781720814	466.4460772182792	0.826758661732308	103	59	81	40.12565205419249	2.0071486493929394	0	0	59
395	0.1	50.0	[1]	{0}	3.081308531460477	3.058143808462828	3.058143808462828	0.0	0	569.2349795717746	69.2349795717746	0.7297575507997905	55	9	32	24.015120163425806	0.0	0	0	9
333	0.1	50.0	[3]	{1}	1.9046354279064037	1.7780443145074663	1.7774841433078494	0.0	0	859.6938890405	359.69388904050004	4.293902579713465	73	57	65	40.769774993177506	2.7936179343664698	0	0	57
271	0.1	50.0	[3]	{1}	2.2559775664290065	1.8350642398130528	1.9345432974747774	0.0	0	951.9820229616018	451.98202296160184	2.3099715105270544	91	69	80	47.50225839268784	2.160576145651053	0	0	69
147	0.1	50.0	[1]	{0}	10.19708552235212	7.0670583880996745	7.067058388099676	0.0	0	513.4596079587935	13.459607958793526	1.4920941939059815	21	7	14	11.12291921591759	0.0	0	0	7
457	0.1	50.0	[2]	{1}	3.875916330861764	3.606520443388948	3.6235434529104587	0.0	0	656.7218967247757	156.72189672477566	2.1775315401137987	138	56	97	64.24563877839407	1.7942045032832563	0	0	56
85	0.1	50.0	[1]	{2}	4.060042391808414	2.806601201068408	2.806601201068408	0.0	0	710.3761355392635	210.3761355392635	0.24618298195866545	23	3	13	9.903119322303684	0.0	0	0	3
23	0.1	50.0	[1]	{1}	11.117882001652642	7.704526102763314	7.704526102763314	0.0	0	105.38988979533316	394.61011020466685	1.5513435037626795	19	1	10	4.702119118362665	0.0	0	0	1
334	0.1	50.0	[3]	{2}	1.6461693563148316	1.4771495421727625	1.4873981824270754	0.0	0	768.1828569620849	268.1828569620849	4.4960578667152555	59	47	53	38.72716000379622	2.060384442249373	0	0	47
396	0.1	50.0	[1]	{2}	5.740114716820934	5.269429414588392	5.269429414588392	0.0	0	604.5774116646498	104.57741166464984	0.5631435558532882	73	5	39	29.296803295018147	0.0	0	0	5
210	0.1	50.0	[1]	{1}	5.640779129424727	4.604160580512965	4.604160580512965	0.0	0	299.4446917437016	200.55530825629842	1.7541160386140586	19	9	14	9.862557533949614	0.0	0	0	9
272	0.1	50.0	[1]	{0}	4.9149976325670846	3.431534410793902	3.431534410793902	0.0	0	297.8439982980491	202.1560017019509	0.4338609156373123	16	2	9	6.0599079880863425	0.0	0	0	2
148	0.1	50.0	[1]	{0}	2.3448124479220347	2.2131232585514287	2.2131232585514287	0.0	0	721.1855435743927	221.18554357439268	1.091089451179962	8	0	4	2.9862578257024297	0.0	0	0	0
24	0.1	50.0	[1]	{2}	5.078373508693959	4.334736463935844	4.334736463935844	0.0	0	344.5360749028624	155.46392509713758	0.5076923076923077	38	4	21	15.776752524320042	0.0	0	0	4
458	0.1	50.0	[1]	{1}	13.289403185301971	9.681511917680506	9.681511917680506	0.0	0	392.4043602310121	107.5956397689879	1.2018504251546631	12	2	7	4.050213080693036	0.0	0	0	2
86	0.1	50.0	[2]	{1}	6.21009942859755	5.8276257015013595	5.558276442241386	0.0	0	992.4629565794024	492.46295657940243	0.10684129575633321	209	113	162	84.45392694729561	3.0001699155700563	0	0	115
335	0.1	50.0	[1]	{2}	5.430030558663127	3.833295282043511	3.833295282043511	0.0	0	12.78305007144806	487.2169499285519	0.0	9	1	5	2.4649152503572402	0.0	0	0	1
273	0.1	50.0	[3]	{1}	5.3773644883513505	4.091948030277662	4.360456342553064	0.0	0	719.1387990023942	219.1387990023942	1.6792933669611723	139	61	100	69.34656166783721	3.844752593032014	0	0	61
211	0.1	50.0	[1]	{0}	2.904068286611893	2.7907329214190453	2.7907329214190453	0.0	0	629.3956292793154	129.39562927931536	0.36424639819288707	35	7	21	16.135230595044792	0.0	0	0	7
397	0.1	50.0	[1]	{2}	5.387192793934438	4.468737479779178	4.468737479779178	0.0	0	725.225419504568	225.22541950456798	0.9202627172903879	125	11	68	43.66017986378073	0.0	0	0	11
149	0.1	50.0	[3]	{0}	3.698092697559627	2.927610103777165	2.889658489992893	0.0	0	353.1292043626308	146.8707956373692	1.5580032918533075	100	24	62	46.28751681745052	1.1871130976308781	0	0	24
25	0.1	50.0	[2]	{2}	2.4977506639628912	1.9438810651192466	1.9260599517690937	0.0	0	725.6105386186392	225.61053861863923	0.7367166488157183	68	8	38	25.061125995915376	0.7561752266062266	0	0	8
459	0.1	50.0	[2]	{1}	2.694005871680531	2.116980712078295	2.298481087289716	0.0	0	896.4523691684009	396.4523691684009	0.9881932106608727	77	55	66	37.87214363488553	1.409289453200872	0	0	55
87	0.1	50.0	[2]	{1}	3.370583887020593	2.5715577487807217	2.629776140365197	0.0	0	262.754895258695	237.245104741305	1.7039898351811362	82	24	53	34.030931124571715	1.189877633520147	0	0	24
336	0.1	50.0	[2]	{1}	3.953717078640306	3.5576800643431685	3.5631708038234136	0.0	0	527.2789269220085	27.27892692200851	1.0994545927591706	138	8	73	55.62368810377455	1.7875936234050775	0	0	8
274	0.1	50.0	[1]	{0}	7.592285413923344	6.876679514691078	6.876679514691078	0.0	0	956.568751018494	456.568751018494	1.4305035375412107	176	32	104	56.55626240018759	0.0	0	0	32
212	0.1	50.0	[1]	{1}	2.3943139976148347	1.9594677996831162	1.9594677996831165	0.0	0	794.657100690529	294.657100690529	0.021989974856677124	46	0	23	13.830515086879952	0.0	0	0	0
398	0.1	50.0	[2]	{1}	10.296354458980648	9.025130039721216	9.027563299279414	0.0	0	479.7587355133148	20.241264486685225	0.85917263922379	254	10	132	97.33785357201467	3.999598893439501	0	0	10
150	0.1	50.0	[1]	{1}	12.016381445108589	11.309899828944864	11.309899828944864	0.0	0	547.3335376009347	47.33353760093473	1.6230779848181376	333	29	181	132.6749711982682	0.0	0	0	29
26	0.1	50.0	[1]	{1}	3.4140991820018605	2.7760646219213267	2.7760646219213267	0.0	0	320.09034906513995	179.90965093486005	0.2255549841503195	89	17	53	36.6789815191496	0.0	0	0	17
88	0.1	50.0	[3]	{0}	1.7932804856330469	1.3882566672886214	1.37683008251993	0.0	0	306.74681090749806	193.25318909250194	1.108977355623333	54	6	30	23.411493621814994	0.3140852817066283	0	0	6
460	0.1	50.0	[2]	{2}	2.570813584319537	2.334988132403168	2.359312910090546	0.0	0	899.1658478043975	399.16584780439746	0.7507759960689286	99	69	84	50.42173217564821	1.1348451432035453	0	0	69
337	0.1	50.0	[3]	{2}	3.9514740047084036	3.655045578061088	3.3447889223141924	0.0	0	7.469929056242163	492.53007094375783	0.6233634623789439	118	14	66	34.60201531771199	3.6793916412864025	0	0	14
275	0.1	50.0	[1]	{1}	3.995461639812699	3.288404367076035	3.288404367076035	0.0	0	653.7718831095846	153.77188310958456	1.0641975950581413	97	17	57	40.61115915604122	0.0	0	0	17
213	0.1	50.0	[1]	{0}	3.7665443289571225	3.037235411180643	3.037235411180643	0.0	0	932.3221759404988	432.3221759404988	0.5370343607316791	60	10	36	23.081979073666034	0.0	0	0	12
399	0.1	50.0	[2]	{2}	7.405419498732327	6.449322442561961	6.416114410806392	0.0	0	727.3695557378232	227.36955573782325	1.273517215663096	209	47	128	85.64887064588814	2.8594577759295814	0	0	47
151	0.1	50.0	[1]	{2}	1.5628089908901885	1.3328579108297887	1.3328579108297884	0.0	0	649.6745967306197	149.67459673061967	1.5692843237413179	22	6	14	9.207952419616282	0.0	0	0	6
27	0.1	50.0	[3]	{0}	5.288143364711087	4.723001078555266	4.6699432788793045	0.0	0	677.0469828043132	177.0469828043132	7.077306508809966	169	115	142	100.35702672221883	5.930368075387503	0	0	115
89	0.1	50.0	[2]	{1}	2.174237415119931	1.997653339057816	1.9966195379980285	0.0	0	552.3722991347315	52.37229913473152	1.4867525836251314	86	22	54	40.53612964153288	0.9292402934150024	0	0	22
461	0.1	50.0	[1]	{0}	1.324491695987724	1.103394298684282	1.103394298684282	0.0	0	525.9231699164953	25.92316991649534	1.4799707396814945	44	8	26	19.05653901949897	0.0	0	0	8
338	0.1	50.0	[3]	{0}	8.013813640857094	7.080563685827601	6.938463555220032	0.0	0	921.1176263634115	421.11762636341155	3.5017654349869756	235	129	182	105.36082655094192	7.762262319350754	0	0	129
214	0.1	50.0	[1]	{1}	3.3288223874697076	3.269278034677794	3.269278034677794	0.0	0	459.23627144657087	40.76372855342913	0.21320071635561041	10	2	6	5.316527457106858	0.0	0	0	2
276	0.1	50.0	[3]	{2}	9.381538498666742	8.895174387852727	8.900589718664527	0.0	0	520.4071775078775	20.407177507877464	14.417862196655589	335	309	321	241.0623774972558	15.180850784737398	0	0	307
400	0.1	50.0	[2]	{2}	4.11091961447572	3.9396491640396256	3.904511084824339	0.0	0	893.0108668282629	393.0108668282629	0.0835094246918488	152	100	126	66.49463077963887	1.9384586761626648	0	0	100
152	0.1	50.0	[1]	{1}	9.819162518413247	7.0111696030795905	7.0111696030795905	0.0	0	169.48485979810357	330.51514020189643	0.5797509043642028	26	2	14	7.500818317577243	0.0	0	0	2
28	0.1	50.0	[2]	{2}	1.7296976178661287	1.3965899607697745	1.3805214837613717	0.0	0	161.60760680213576	338.39239319786424	1.2932650007595252	57	11	34	21.131443417668347	0.5631574213279338	0	0	11
462	0.1	50.0	[2]	{2}	3.655109412973424	3.2154796449165914	3.2357497681493435	0.0	0	890.3467382770033	390.3467382770033	0.21241544401388276	127	67	97	55.1917533402387	1.460123568410825	0	0	67
90	0.1	50.0	[2]	{1}	4.445632354391343	4.2507080561792705	4.2644476446396045	0.0	0	772.0592389814557	272.0592389814557	0.8219571566836538	183	81	133	85.88671360528097	2.0921336614211428	0	0	83
339	0.1	50.0	[2]	{2}	1.7217734012659722	1.5478300359881578	1.5400565018066663	0.0	0	545.0218291953207	45.02182919532072	1.171189981038931	73	3	38	27.588257807359096	0.8518312483078526	0	0	3
277	0.1	50.0	[1]	{1}	5.124412695340487	3.7568779518422555	3.7568779518422555	0.0	0	417.7704392932355	82.22956070676452	2.3171983880126383	20	10	15	10.932770439293233	0.0	0	0	10
215	0.1	50.0	[1]	{1}	7.229624367830587	5.2978434953696	5.297843495369601	0.0	0	493.1884538382292	6.811546161770821	0.6943650748294136	15	3	9	6.642188453838228	0.0	0	0	3
401	0.1	50.0	[3]	{1}	12.178339163148024	11.714680011420825	11.688465106400052	0.0	0	742.6396592054518	242.63965920545184	12.34059193410546	383	343	363	251.66650100222415	20.545726351377468	0	0	343
153	0.1	50.0	[1]	{1}	2.8337526304356375	2.016355058733533	2.016355058733533	0.0	0	484.40245864912856	15.597541350871438	0.28829998806257884	34	4	19	13.788817210543899	0.0	0	0	4
91	0.1	50.0	[1]	{0}	3.638495760765964	3.1436250921800104	3.1436250921800104	0.0	0	239.38337177969504	260.61662822030496	1.1176379207246838	43	5	24	15.176133948475119	0.0	0	0	5
29	0.1	50.0	[1]	{1}	8.243909623900402	6.920448947100832	6.920448947100832	0.0	0	593.2879161555321	93.28791615553212	0.6077601298233087	207	17	112	82.08499753373486	0.0	0	0	17
463	0.1	50.0	[3]	{0}	12.02290873298347	10.94477470985381	10.86576659960463	0.0	0	618.1169347837564	118.11693478375639	10.87309432614661	324	238	281	210.0892298912183	15.457577796196187	0	0	238
340	0.1	50.0	[2]	{1}	2.028576863086391	1.885712395379377	1.893695518559658	0.0	0	440.3946716338397	59.60532836616028	2.2025827683360393	83	27	55	40.28939219371975	1.013340132922022	0	0	27
216	0.1	50.0	[3]	{0}	5.698954136620492	5.0316570813612165	5.066312883932439	0.0	0	589.4036127720028	89.40361277200282	7.71917537732439	175	119	147	110.30652413178791	6.724411385305803	0	0	119
278	0.1	50.0	[1]	{0}	6.666506106950568	5.616941556892931	5.616941556892931	0.0	0	991.7560410685838	491.75604106858384	1.2649110640673518	26	4	15	7.868659383971243	0.0	0	0	4
154	0.1	50.0	[3]	{0}	2.022233130421495	1.7013102466698178	1.735442761463839	0.0	0	676.7536043189467	176.7536043189467	3.446985779834196	75	45	60	42.33939187043161	1.943251194735411	0	0	45
402	0.1	50.0	[3]	{1}	2.2116943000967493	1.8882547162608123	1.966288039692283	0.0	0	953.4719265066088	453.47192650660884	1.4994016493427214	78	68	73	35.94749321803078	2.632218239803265	0	0	68
92	0.1	50.0	[3]	{2}	5.123684249934842	4.501928771927378	4.458806137276094	0.0	0	263.97861423902214	236.02138576097786	5.971276354712435	159	115	137	95.1793532964047	5.111050070355425	0	0	115
464	0.1	50.0	[3]	{0}	1.8615861182745563	1.5599070802100041	1.5669260335087352	0.0	0	578.951705014333	78.95170501433302	4.468213034786969	70	36	53	37.66033806489967	1.4547934168112484	0	0	36
30	0.1	50.0	[2]	{1}	5.000369202201625	3.880497762398455	3.939858739870743	0.0	0	256.74737850204133	243.25262149795867	1.0502635074658664	130	12	71	48.47712678959594	1.6837043042281312	0	0	12
217	0.1	50.0	[1]	{1}	4.614944842500558	3.559135398605432	3.559135398605432	0.0	0	762.3265176080168	262.32651760801684	1.224744871391589	3	3	3	1.647673482391983	0.0	0	0	3
279	0.1	50.0	[3]	{2}	2.1058850541097582	1.7163354741045072	1.7353139452872695	0.0	0	703.4036982804538	203.4036982804538	3.3545527561134567	63	27	44	32.67934822407364	1.3405056924907428	0	0	25
341	0.1	50.0	[2]	{1}	2.703522735596226	2.381851081029912	2.3739841936649073	0.0	0	633.754913462326	133.75491346232604	0.09040369500711876	93	5	49	33.025578028818586	1.0810385146618078	0	0	5
155	0.1	50.0	[1]	{1}	3.487119369204267	2.635937927197392	2.635937927197392	0.0	0	995.0331780128182	495.0331780128182	0.24545784641604232	32	2	17	7.223435973782091	0.0	0	0	2
403	0.1	50.0	[1]	{1}	2.9676188971867288	2.503952992060737	2.503952992060737	0.0	0	730.8314847759906	230.8314847759906	0.1543033499620919	26	2	14	11.043674060896038	0.0	0	0	2
465	0.1	50.0	[3]	{1}	13.352066539574068	12.545770055461306	12.583829286498112	0.0	0	623.8205281551928	123.82052815519285	14.135087579545628	398	334	366	267.2478451417573	20.86560921619085	0	0	334
31	0.1	50.0	[3]	{1}	1.6471451703059128	1.2718790896882528	1.2736059163969444	0.0	0	518.3619768358768	18.361976835876817	1.0834981559597847	44	6	25	18.5152577915229	0.4000199258921894	0	0	6
93	0.1	50.0	[2]	{1}	2.471340395037462	2.1587262472460615	2.079067930924646	0.0	0	817.6102133002133	317.61021330021333	0.6378696497721383	81	35	58	34.388828055188064	1.0942030066170765	0	0	35
280	0.1	50.0	[2]	{2}	2.093448995117197	1.6348882762364503	1.6894489119807239	0.0	0	384.1125662438572	115.8874337561428	2.0346383019524414	72	32	51	36.02071468604729	1.113531593214983	0	0	30
342	0.1	50.0	[1]	{1}	0.8468461715066115	0.6768839429291272	0.6768839429291272	0.0	0	989.8478672839702	489.84786728397023	nan	1	1	1	0.036152132716029795	0.0	0	0	1
218	0.1	50.0	[1]	{0}	4.416525008481501	4.064576603284444	4.064576603284444	0.0	0	463.9728867914528	36.02711320854718	1.1680498130629353	165	15	89	65.6954003206957	0.0	0	0	13
404	0.1	50.0	[3]	{1}	2.5519477731648905	2.3635755012917357	2.3701268877510038	0.0	0	780.8034317567947	280.8034317567947	6.076875654014194	108	92	100	65.05800782161948	3.6726593262431173	0	0	92
156	0.1	50.0	[2]	{0}	3.8628069053229774	3.272677273962955	3.27273484593153	0.0	0	537.6519551500677	37.65195515006769	0.26566734332396963	114	2	58	42.87261788369715	1.3428604498182475	0	0	2
32	0.1	50.0	[1]	{1}	6.055023524035246	5.033069759502527	5.033069759502527	0.0	0	37.93570864945653	462.0642913505435	1.120946804772838	22	2	12	7.589228503793477	0.0	0	0	2
466	0.1	50.0	[3]	{0}	6.368738709135454	5.896918580067409	6.028717378748301	0.0	0	112.92792810127128	387.0720718987287	7.358691644725728	213	195	204	128.5163333589881	10.357808733980395	0	0	195
94	0.1	50.0	[3]	{1}	8.652878584712003	8.258877521175277	7.84636774855486	0.0	0	87.81483559869241	412.1851644013076	4.76820154884756	271	193	232	134.68315172297517	11.85445801025563	0	0	193
281	0.1	50.0	[3]	{0}	4.147515524769745	3.556409428065267	3.4237920989934922	0.0	0	804.3118633795528	304.31186337955285	1.8382027531537775	111	45	78	49.031030557781456	2.941037790816802	0	0	45
219	0.1	50.0	[1]	{2}	2.1466180871846574	1.6430273343565096	1.6430273343565096	0.0	0	626.1749076656997	126.17490766569972	nan	1	1	1	0.5458250923343002	0.0	0	0	1
343	0.1	50.0	[1]	{2}	7.0939289815103095	5.3949783809053855	5.3949783809053855	0.0	0	578.1900673173368	78.1900673173368	0.9355285539274978	38	4	21	15.75619006731734	0.0	0	0	4
405	0.1	50.0	[1]	{2}	1.9538433064274217	1.5130507894243599	1.5130507894243599	0.0	0	798.8145360723139	298.8145360723139	0.8440722199302098	54	6	30	18.082451134264467	0.0	0	0	6
95	0.1	50.0	[3]	{0}	3.4114958556268613	2.8803390700388873	2.9477596559653536	0.0	0	74.6523158159107	425.3476841840893	2.2343249074849862	109	73	91	52.3889236861933	3.2716091152535425	0	0	73
157	0.1	50.0	[2]	{2}	3.425834735830848	2.7558968825823724	2.732993841190476	0.0	0	575.991973746568	75.99197374656796	2.815780447517087	107	13	60	45.38290368495882	1.3214641101888893	0	0	13
33	0.1	50.0	[3]	{2}	7.836788860098894	6.720346196560207	6.614898804056618	0.0	0	564.1465117223562	64.1465117223562	6.093798350078953	214	92	153	116.73600698061662	7.542309597922058	0	0	92
467	0.1	50.0	[2]	{1}	9.605449738480308	7.390962197990245	7.946828116296906	0.0	0	976.0641597677024	476.06415976770245	1.0173955762104616	248	174	210	104.24778308785322	4.311731405786235	0	0	172
282	0.1	50.0	[1]	{2}	4.99610904701685	4.7229791334576205	4.7229791334576205	0.0	0	450.0581924803556	49.941807519644385	1.2408209279951967	146	16	81	61.044174577441076	0.0	0	0	16
344	0.1	50.0	[1]	{2}	3.1814054534190275	2.584182569266641	2.584182569266641	0.0	0	171.64401523768913	328.35598476231087	1.120946804772838	22	8	15	9.668508106663824	0.0	0	0	8
220	0.1	50.0	[2]	{0}	0.7335279950986615	0.5650354109129168	0.5628184553869748	0.0	0	567.5411394331605	67.54113943316054	0.7253185207353657	22	6	14	9.972164557732642	0.22887823819651598	0	0	6
406	0.1	50.0	[3]	{0}	3.465017811767909	2.7841285081673885	2.803638619083927	0.0	0	368.6170091386884	131.3829908613116	2.885070124051735	102	42	72	53.29187214621905	1.787500078559816	0	0	42
468	0.1	50.0	[1]	{1}	1.489268312373906	1.1769517005994663	1.1769517005994663	0.0	0	68.95044911652798	431.049550883472	0.0	9	1	5	3.3938513473495844	0.0	0	0	1
158	0.1	50.0	[2]	{1}	3.8030589740513223	3.4789583262811816	3.431281560352098	0.0	0	883.6593315936627	383.6593315936627	0.019663774721529758	136	66	101	57.5550448354147	1.6540205636327765	0	0	66
96	0.1	50.0	[2]	{2}	5.355962827555965	4.272068321046936	4.389998560647626	0.0	0	886.0369746107608	386.0369746107608	0.6232625556076414	143	55	99	57.683783208863815	2.0175066397338948	0	0	55
34	0.1	50.0	[3]	{1}	7.288767112775209	6.795038460169667	6.8145075673531395	0.0	0	540.796938352287	40.79693835228704	11.197145242621152	258	212	235	175.35310715766994	11.260677672527144	0	0	212
283	0.1	50.0	[1]	{2}	9.061457953846832	7.641290890897001	7.641290890897001	0.0	0	731.3170346897097	231.31703468970966	0.46401616866730944	37	1	19	12.763146687792613	0.0	0	0	1
345	0.1	50.0	[1]	{1}	5.297979403233643	4.5559218832833	4.5559218832833	0.0	0	573.1860511004924	73.18605110049236	0.19518001458970666	17	1	9	6.429813948899507	0.0	0	0	1
221	0.1	50.0	[2]	{1}	4.142358121551591	3.745406560511764	3.6676655884661127	0.0	0	659.3551072292031	159.3551072292031	2.679590176736667	140	8	74	58.14623278795928	2.084333910791979	0	0	8
407	0.1	50.0	[1]	{1}	5.558451436677749	4.070816244739425	4.070816244739425	0.0	0	106.62143910303706	393.37856089696294	0.2581988897471611	14	0	7	4.5751071955151845	0.0	0	0	0
469	0.1	50.0	[3]	{1}	5.379976131572329	4.300739445901943	4.398160759494525	0.0	0	865.9913302399219	365.9913302399219	3.105179619317927	160	72	116	67.56471092032638	3.171614044310662	0	0	72
97	0.1	50.0	[1]	{1}	5.914811168476445	4.352701612788979	4.35270161278898	0.0	0	637.43092212826	137.43092212826002	0.16030582178604505	66	2	34	23.997828934460884	0.0	0	0	2
159	0.1	50.0	[1]	{0}	11.275238346728038	7.593568290618096	7.593568290618096	0.0	0	94.47206556797023	405.5279344320298	nan	1	1	1	0.9704720655679703	0.0	0	0	1
35	0.1	50.0	[1]	{2}	6.150804445503203	5.682682032610185	5.682682032610185	0.0	0	447.1351853571833	52.864814642816725	1.1692855060416674	226	36	131	95.99492409178985	0.0	0	0	36
284	0.1	50.0	[3]	{0}	1.6392995805424406	1.3785298703748754	1.3688578303186085	0.0	0	621.5820345096287	121.58203450962867	3.8772559518420766	57	35	46	33.56750779294222	1.1946167155358758	0	0	35
222	0.1	50.0	[1]	{2}	6.1087076440930215	4.105833136048729	4.105833136048729	0.0	0	241.4157954044641	258.5842045955359	0.5773502691896258	5	1	3	1.6832473862133925	0.0	0	0	1
346	0.1	50.0	[1]	{0}	5.769956656345816	4.666573757687576	4.666573757687576	0.0	0	31.597213819622997	468.402786180377	0.7396462984704129	132	2	67	31.579013325914744	0.0	0	0	2
408	0.1	50.0	[1]	{1}	6.056678143570789	5.060799964814651	5.060799964814651	0.0	0	631.7789764143528	131.77897641435277	1.3372956996714631	26	8	17	11.649663070756942	0.0	0	0	8
470	0.1	50.0	[1]	{0}	2.3550121280450966	1.6598391560286547	1.6598391560286543	0.0	0	331.5734853968025	168.42651460319752	1.4006985834715229	22	0	11	9.031161368571222	0.0	0	0	0
36	0.1	50.0	[1]	{1}	7.231154646100143	5.676975094230186	5.676975094230186	0.0	0	659.5103824511169	159.51038245111693	1.4673552102784495	49	7	28	20.215916940391068	0.0	0	0	7
98	0.1	50.0	[2]	{2}	3.385279409881705	3.328551571604577	3.3286026574329717	0.0	0	380.05854911170906	119.94145088829094	nan	149	25	87	60.58309377271869	1.6363888755405407	0	0	25
160	0.1	50.0	[1]	{2}	6.720359545705154	6.106271598423616	6.106271598423616	0.0	0	230.3254916332663	269.6745083667337	1.2948776332241776	216	74	145	91.60089432029056	0.0	0	0	74
285	0.1	50.0	[1]	{2}	2.822320275449809	2.716044439215791	2.716044439215791	0.0	0	82.09184836596245	417.90815163403755	0.7465617439537943	86	34	60	33.1071435084939	0.0	0	0	34
347	0.1	50.0	[3]	{0}	1.5985265762608365	1.5065969371475112	1.506960593284619	0.0	0	907.9374754801393	407.93747548013926	3.8736236675057008	71	59	65	42.34668855435402	2.465416739385052	0	0	59
223	0.1	50.0	[1]	{0}	1.7062259279641447	1.278202481507538	1.278202481507538	0.0	0	796.9651995226742	296.9651995226742	0.8783100656536799	13	7	10	7.6601392019093035	0.0	0	0	7
409	0.1	50.0	[2]	{0}	2.6511430368867464	2.132632850683282	2.193428236280517	0.0	0	22.67340733669687	477.32659266330313	1.3381641266353184	79	31	55	27.99003740351832	0.9952231510752746	0	0	31
471	0.1	50.0	[1]	{0}	2.9653516698132414	2.651696953257491	2.651696953257491	0.0	0	893.2905788533387	393.29057885333873	0.0	3	1	2	0.9884188422933226	0.0	0	0	1
37	0.1	50.0	[3]	{1}	5.072700729533832	4.622295828522797	4.609405441618397	0.0	0	441.64814054966	58.35185945033999	8.814275971703506	161	131	146	111.13018512439722	6.659947058694065	0	0	131
99	0.1	50.0	[1]	{0}	3.97641681293711	2.9268467081737253	2.9268467081737253	0.0	0	769.8340606875717	269.83406068757165	1.061192384386579	62	10	36	24.359646300747997	0.0	0	0	10
161	0.1	50.0	[1]	{0}	4.319488612195927	3.031131914137693	3.031131914137693	0.0	0	691.9827535748482	191.98275357484818	0.49613893835683387	23	1	12	8.224137971401216	0.0	0	0	1
286	0.1	50.0	[3]	{0}	5.87404816546387	4.664029492848984	4.715484964983844	0.0	0	953.5615784116088	453.5615784116088	0.6224679748983655	142	38	90	49.15595057024809	2.5930383262317522	0	0	38
348	0.1	50.0	[1]	{2}	6.827644727577974	5.203997119721954	5.2039971197219534	0.0	0	202.20291102305052	297.79708897694945	0.5738045840530311	41	1	21	13.772449487391858	0.0	0	0	1
224	0.1	50.0	[1]	{1}	7.9224934577993995	5.560821747821597	5.560821747821597	0.0	0	621.023781131953	121.023781131953	1.4357282110824823	22	6	14	8.581809750944377	0.0	0	0	6
410	0.1	50.0	[3]	{2}	1.293287120285121	1.0866609388219282	1.0821909658730717	0.0	0	570.9283514879645	70.9283514879645	2.506402059138015	44	26	35	25.50793143065646	0.9608259673444945	0	0	26
472	0.1	50.0	[1]	{2}	9.403056173879346	8.09299276055827	8.09299276055827	0.0	0	255.23018720559784	244.76981279440216	1.3521679662509478	66	14	40	26.335524492934347	0.0	0	0	14
38	0.1	50.0	[1]	{0}	2.903257514421276	2.583384116412293	2.583384116412293	0.0	0	512.8229886759069	12.822988675906913	0.8315667549715153	33	5	19	13.715468966027723	0.0	0	0	5
100	0.1	50.0	[2]	{1}	3.394867988263626	3.01466869226133	3.111345542246105	0.0	0	56.36602710001187	443.6339728999881	0.22592498312187553	114	90	102	51.50333476420121	1.6318318515410302	0	0	90
162	0.1	50.0	[1]	{0}	10.878732143804317	7.436994492433138	7.43699449243314	0.0	0	323.0040948837995	176.9959051162005	1.6561573424216502	34	8	21	15.314028664186598	0.0	0	0	8
287	0.1	50.0	[1]	{1}	14.652982922454672	11.380709126673349	11.380709126673352	0.0	0	365.102481096983	134.897518903017	0.40599897147057507	12	2	7	5.4701024810969825	0.0	0	0	2
225	0.1	50.0	[2]	{1}	2.2315000224968715	1.9450606142605218	2.007463994150092	0.0	0	959.3457567971204	459.34575679712043	0.5788287614163061	71	53	62	35.60956307857853	1.0275667233834456	0	0	53
411	0.1	50.0	[2]	{1}	2.9548056916128944	2.3193591892681065	2.366568750853153	0.0	0	370.434914948419	129.56508505158098	0.6765530977593189	77	7	42	29.044437958762053	1.2535353767006776	0	0	7
349	0.1	50.0	[1]	{0}	11.941962534300785	9.461506758241605	9.461506758241605	0.0	0	218.63302402198303	281.36697597801697	1.0003282500155688	219	23	121	84.46708236925302	0.0	0	0	23
473	0.1	50.0	[1]	{1}	4.11412053248859	3.626897250883933	3.626897250883933	0.0	0	804.7743875067683	304.77438750676833	0.1565396499442298	129	41	86	55.62524409951268	0.0	0	0	43
39	0.1	50.0	[2]	{0}	3.2781555753030434	2.431886903638333	2.7156741112026603	0.0	0	214.18112423270932	285.8188757672907	3.6205331498387214	106	68	87	58.76741082666068	2.0694880869187298	0	0	68
101	0.1	50.0	[1]	{0}	6.897344516585195	5.806980921520434	5.806980921520434	0.0	0	244.59689296782025	255.40310703217975	0.8522088634540256	28	8	18	13.446968929678203	0.0	0	0	8
163	0.1	50.0	[1]	{2}	3.7393907304028007	3.5332218556778257	3.5332218556778257	0.0	0	301.2732113711536	198.7267886288464	0.27325202042558927	149	53	101	65.67740865751729	0.0	0	0	53
288	0.1	50.0	[1]	{0}	0.8963442044171617	0.7905083007080831	0.7905083007080829	0.0	0	294.2045885138214	205.79541148617858	1.1572751247156892	15	3	9	6.0182045885138225	0.0	0	0	3
226	0.1	50.0	[1]	{0}	4.622193446998423	4.0387150611660125	4.0387150611660125	0.0	0	940.3521725907924	440.3521725907924	0.6908587565732587	126	30	78	37.525234883099785	0.0	0	0	30
412	0.1	50.0	[1]	{0}	4.101294916924686	3.2799286433033092	3.27992864330331	0.0	0	191.6841932106764	308.3158067893236	1.1128024255586606	65	3	34	23.509789023477587	0.0	0	0	3
350	0.1	50.0	[2]	{2}	3.244160480322039	2.7524021004450745	2.6254912239747172	0.0	0	125.4159878008068	374.5840121991932	0.30158446482731144	94	24	58	33.02596741443872	1.3422158242158808	0	0	22
474	0.1	50.0	[1]	{2}	13.294296097329685	9.226344129628973	9.226344129628973	0.0	0	987.3008183203638	487.30081832036376	0.1867380346712716	46	0	23	10.796081178631633	0.0	0	0	0
40	0.1	50.0	[1]	{1}	4.669293589460838	4.420274492500558	4.420274492500558	0.0	0	798.0052586644889	298.0052586644889	0.43452409462674085	12	4	8	3.1289579306840887	0.0	0	0	4
164	0.1	50.0	[3]	{2}	6.418691724282782	5.527629165530634	5.654117596891982	0.0	0	752.2902789060028	252.29027890600275	5.713536390673276	180	132	156	108.33445545627177	7.222151131523427	0	0	132
102	0.1	50.0	[1]	{0}	0.6798973687363445	0.5242981121600878	0.5242981121600878	0.0	0	549.1287834011018	49.12878340110183	0.3651483716701107	11	1	6	4.367	0.0	0	0	1
289	0.1	50.0	[1]	{0}	12.814536544427337	9.875476477668734	9.875476477668734	0.0	0	582.836191635579	82.83619163557898	0.291476674702748	86	0	43	31.41518095817789	0.0	0	0	0
227	0.1	50.0	[1]	{0}	9.527764165125927	7.799910231113146	7.799910231113146	0.0	0	236.57753411680457	263.4224658831954	0.4340573661412156	22	2	12	9.30284493176639	0.0	0	0	2
351	0.1	50.0	[1]	{0}	3.651597173875179	2.7271286009613793	2.7271286009613798	0.0	0	111.89194442704316	388.10805557295686	0.7698168018479346	18	6	12	6.704919444270431	0.0	0	0	6
413	0.1	50.0	[2]	{2}	3.84143035336823	3.3283046066898327	3.314068118075564	0.0	0	80.82264242693788	419.1773575730621	1.1047628654121533	110	44	77	44.921407612312564	1.4273158650968103	0	0	44
475	0.1	50.0	[3]	{1}	3.190107827210361	2.4856734459458982	2.452290172196708	0.0	0	338.870842009783	161.12915799021698	0.9513490910520314	80	8	44	34.27403326392173	0.6848577333679874	0	0	8
103	0.1	50.0	[3]	{1}	3.4442020359210765	2.719470433950785	2.8168416199835677	0.0	0	605.3984279278668	105.3984279278668	4.599522410785999	94	52	73	50.96164873423615	2.7933598181034367	0	0	52
41	0.1	50.0	[2]	{0}	3.7906588363865907	3.1604575850227787	3.192261825569463	0.0	0	429.4754669535905	70.52453304640949	2.5007964875103763	102	38	70	53.58001867814362	1.7478994563285546	0	0	38
165	0.1	50.0	[1]	{1}	15.99645668931499	12.558204637133983	12.558204637133986	0.0	0	294.7727609425782	205.2272390574218	1.4443625313256392	146	12	79	53.980955589219946	0.0	0	0	12
290	0.1	50.0	[1]	{1}	3.719290585003743	3.6472992324304805	3.6472992324304805	0.0	0	788.4108624421062	288.41086244210624	1.696139368298621	122	26	74	45.32981342812626	0.0	0	0	26
414	0.1	50.0	[1]	{2}	4.691166550533841	3.458589622595966	3.458589622595966	0.0	0	39.40180270001287	460.59819729998713	1.048185484758073	67	13	40	19.409072108000515	0.0	0	0	13
228	0.1	50.0	[2]	{1}	6.422453876559646	5.507240843043972	5.753179979052183	0.0	0	924.8748160898688	424.8748160898688	3.6137431291393276	197	157	177	92.06365534517164	3.1208038615190303	0	0	157
352	0.1	50.0	[1]	{0}	6.424651775455752	6.207211477546922	6.207211477546922	0.0	0	669.2182356491685	169.2182356491685	0.9125218253801388	189	3	96	66.94990586104987	0.0	0	0	3
476	0.1	50.0	[3]	{0}	5.7413081864409055	4.200403642774031	4.440390058385018	0.0	0	968.0168661288916	468.0168661288916	0.633287163598748	126	24	75	39.99776877259092	1.588044355091473	0	0	24
104	0.1	50.0	[3]	{2}	4.745603899294661	3.847326351132307	3.7612289912431915	0.0	0	94.93887727148834	405.0611227285117	0.4606907816821446	120	28	74	45.35545488174632	1.828762529261468	0	0	28
166	0.1	50.0	[1]	{0}	4.602604603622998	3.8851146596897403	3.8851146596897403	0.0	0	326.4624234288932	173.5375765711068	0.2182178902359924	6	2	4	2.662924846857787	0.0	0	0	2
42	0.1	50.0	[2]	{1}	4.003395990783396	3.465612581156499	3.456030870312004	0.0	0	351.49233345873665	148.50766654126335	1.74783950973339	129	9	69	48.34804767406546	1.5188528493273732	0	0	9
291	0.1	50.0	[3]	{0}	5.687516022944865	4.244032805053426	4.326740993610598	0.0	0	6.6428708378224455	493.35712916217756	0.27022640946662696	115	11	62	29.790857991944993	0.6564754585216106	0	0	9
353	0.1	50.0	[3]	{0}	3.949740324934648	3.409829120798252	3.413941309223988	0.0	0	523.2215931173414	23.2215931173414	6.008721471978099	142	86	114	85.76879539271448	3.7901732058833737	0	0	86
229	0.1	50.0	[1]	{1}	3.999831539788312	3.3879712678675507	3.3879712678675507	0.0	0	629.9894899129868	129.98948991298676	0.9400193421607683	10	2	6	3.799	0.0	0	0	2
415	0.1	50.0	[1]	{2}	10.101358655007388	7.256970125773149	7.256970125773149	0.0	0	956.53819385916	456.53819385915995	1.12089707663561	12	0	6	4.29384722456336	0.0	0	0	0
477	0.1	50.0	[1]	{0}	4.822714802764246	3.9780404559220464	3.978040455922047	0.0	0	681.3208719249816	181.3208719249816	0.2970442628930023	35	1	18	13.30307476845011	0.0	0	0	1
105	0.1	50.0	[1]	{0}	5.822211379595047	3.992572923992182	3.9925729239921823	0.0	0	464.0785590745508	35.92144092544919	0.14907119849998599	8	0	4	3.0519999999999996	0.0	0	0	0
167	0.1	50.0	[3]	{2}	8.95424211229913	8.548967456451013	8.541152682909697	0.0	0	752.6646244805307	252.66462448053073	11.414924327918808	303	273	288	195.11228182168676	14.634698222352085	0	0	273
43	0.1	50.0	[1]	{1}	7.197139675223071	6.9758474972399656	6.9758474972399656	0.0	0	102.4577151983977	397.5422848016023	0.10512928338279501	77	19	48	28.782224038332696	0.0	0	0	19
292	0.1	50.0	[3]	{0}	4.536806531888423	4.098798092180485	3.7170012885933748	0.0	0	64.84478712081909	435.1552128791809	0.16881116206200514	127	9	68	42.73530807876589	3.3925518594762227	0	0	9
354	0.1	50.0	[2]	{2}	6.262641993822257	4.94133195770595	5.054420650238496	0.0	0	321.2364069186152	178.76359308138478	0.18212952314801398	132	36	84	56.75460285662864	2.555715560085637	0	0	36
230	0.1	50.0	[2]	{2}	2.3023694969064583	2.0233526971738818	2.0731700344188138	0.0	0	720.1281725429	220.12817254289996	2.285442252117173	61	29	45	30.700770306084312	1.1482958788780997	0	0	29
416	0.1	50.0	[2]	{0}	4.250961678301094	3.7532834924019456	3.724586813161911	0.0	0	445.0110436882823	54.988956311717686	3.0183364192855273	144	14	79	58.738569296157	2.1209685654262826	0	0	14
478	0.1	50.0	[3]	{1}	5.088827304516236	4.029946334474417	4.118634805571314	0.0	0	289.71704281866573	210.28295718133427	3.7949039967183684	132	62	97	67.88756918375198	2.837872387506809	0	0	62
106	0.1	50.0	[2]	{1}	3.8793938040393807	3.5957394137002825	3.37244396163586	0.0	0	932.4113114271316	432.41131142713164	1.12406373024305	117	43	80	44.14909508582946	1.9491430144940787	0	0	43
44	0.1	50.0	[1]	{2}	3.661709417083307	2.7272264327068405	2.7272264327068405	0.0	0	389.2908599227668	110.7091400772332	1.1790018018937791	33	9	21	15.247454299613832	0.0	0	0	9
168	0.1	50.0	[1]	{2}	17.722646126473425	14.924858613968375	14.924858613968375	0.0	0	162.3724242672324	337.6275757327676	0.07408694809627496	60	8	34	23.20868303094805	0.0	0	0	8
293	0.1	50.0	[3]	{2}	4.8178129685900295	4.149411597770682	4.4276755379498365	0.0	0	28.621200006455208	471.3787999935448	3.231853071329436	199	187	194	102.88357360114911	7.104845658264046	0	0	189
355	0.1	50.0	[1]	{0}	2.0190329606350867	1.5705501420174484	1.5705501420174484	0.0	0	946.2043070234356	446.2043070234356	0.2886751345948129	8	0	4	2.299182771906257	0.0	0	0	0
417	0.1	50.0	[1]	{1}	11.105032307036304	7.822425575844907	7.822425575844908	0.0	0	675.8023658767343	175.80236587673426	0.5396048024121413	61	7	34	25.692371609479192	0.0	0	0	7
231	0.1	50.0	[2]	{2}	1.8619262592337713	1.6049743644798506	1.5138036963401755	0.0	0	73.44340695999568	426.5565930400043	1.472964781163597	65	3	34	16.776075836639855	0.7965769609726797	0	0	3
479	0.1	50.0	[1]	{1}	3.040118899052515	2.276162233185066	2.276162233185066	0.0	0	243.82647871971128	256.1735212802887	0.4472135954999579	14	2	8	5.270958872318268	0.0	0	0	2
107	0.1	50.0	[1]	{1}	3.3614986736060573	2.3579429794784135	2.3579429794784135	0.0	0	726.9082171842456	226.9082171842456	0.39735970711951313	18	2	10	7.630367131263018	0.0	0	0	2
45	0.1	50.0	[3]	{2}	4.373572402585328	3.868856229548293	3.54345117070777	0.0	0	983.636365039274	483.636365039274	1.0517878202632527	106	16	61	34.88545446268284	2.779004957079251	0	0	16
169	0.1	50.0	[3]	{0}	6.9547998133802045	5.34702947360916	5.610863862012781	0.0	0	269.7661265265197	230.2338734734803	4.055355365445568	170	82	127	87.46533047727685	4.304052812556167	0	0	84
294	0.1	50.0	[2]	{0}	4.965162245399467	4.1568695186962135	4.153441418766139	0.0	0	493.29669703729456	6.703302962705436	3.3771947808245923	127	33	80	60.7113189066574	2.1822648900623647	0	0	33
356	0.1	50.0	[3]	{1}	0.8722360710541764	0.7977773730025964	0.798656527866798	0.0	0	492.00135585851984	7.998644141480156	4.039823689048384	35	29	32	25.65	1.2657487829418936	0	0	29
418	0.1	50.0	[3]	{2}	2.085975774305029	1.9357272371904148	1.8389688318510895	0.0	0	9.810382034629583	490.1896179653704	1.0598186407497998	82	56	69	32.842295596320184	2.3932857573394735	0	0	56
232	0.1	50.0	[1]	{2}	0.8682523607979984	0.754347071860948	0.754347071860948	0.0	0	913.6488377116622	413.64883771166217	1.0954451150103321	11	1	6	4.447702324576675	0.0	0	0	1
480	0.1	50.0	[2]	{0}	1.9055324772120694	1.6432770847416882	1.5583026798812303	0.0	0	110.342359635979	389.657640364021	0.5245268279603851	57	27	42	25.83837910471112	0.8236109663405178	0	0	27
108	0.1	50.0	[1]	{0}	2.8361521396963676	2.4033510042980986	2.4033510042980986	0.0	0	11.213193647563456	488.78680635243654	0.0	5	1	3	1.7536395809426903	0.0	0	0	1
46	0.1	50.0	[1]	{2}	6.1777851688691845	4.512337180461619	4.512337180461618	0.0	0	979.0229513309896	479.0229513309896	1.0113211154138797	65	5	35	19.357242606077342	0.0	0	0	5
170	0.1	50.0	[2]	{2}	1.709665259827712	1.628439247445996	1.6315401956401951	0.0	0	952.7858833316714	452.78588333167136	1.1582685670866524	93	73	83	39.99377168347129	0.7835561630619754	0	0	73
295	0.1	50.0	[3]	{2}	0.9409711046283483	0.9110069058956837	0.8273041959161559	0.0	0	36.4637584425509	463.5362415574491	0.885253336275981	27	13	20	9.16427516885102	1.1531811913119279	0	0	13
419	0.1	50.0	[3]	{1}	4.0497108849588255	3.884275506209846	3.8842889733548858	0.0	0	531.6193222533913	31.61932225339126	10.428574506078244	165	153	159	115.32351694366527	6.776472392130481	0	0	153
233	0.1	50.0	[3]	{2}	3.21348359152484	2.9393283574069713	2.916775765695695	0.0	0	781.2656527385117	281.2656527385117	4.861674901349242	113	73	93	62.49298301581293	4.133487106674644	0	0	73
357	0.1	50.0	[1]	{2}	2.173698663571667	1.717126173021332	1.717126173021332	0.0	0	476.0268554091454	23.973144590854588	1.9373155368606585	46	12	29	21.80218798786402	0.0	0	0	12
481	0.1	50.0	[1]	{0}	5.040055027554291	4.529569642198647	4.529569642198647	0.0	0	518.6075642704965	18.607564270496482	0.23501215934607986	166	6	86	64.9644538562298	0.0	0	0	6
109	0.1	50.0	[3]	{2}	7.497280190950575	6.115680373605642	6.125199088895047	0.0	0	959.6809416543692	459.68094165436924	2.429871727843914	197	85	141	76.68152040989511	4.038618787416466	0	0	85
47	0.1	50.0	[3]	{0}	7.791110971132598	6.01935944310932	6.497205060741209	0.0	0	746.0453652311119	246.04536523111187	5.176811114919989	195	141	168	107.94364690272882	7.1730783731505845	0	0	141
171	0.1	50.0	[1]	{1}	8.840743890829891	8.441793077361828	8.441793077361828	0.0	0	770.9451995324346	270.9451995324346	0.2663568019517165	307	169	239	145.80576850894275	0.0	0	0	171
296	0.1	50.0	[3]	{1}	4.77277802417493	4.009533497160456	4.000401858085589	0.0	0	574.5921153575184	74.59211535751842	3.504787943897854	128	44	87	66.33830250035226	3.4889676890780805	0	0	46
420	0.1	50.0	[1]	{1}	6.32316537859248	4.402058422080792	4.402058422080792	0.0	0	618.1703470647334	118.17034706473339	1.4047181506290745	34	8	21	16.176829652935268	0.0	0	0	8
234	0.1	50.0	[3]	{1}	9.098167935144325	7.880072533852661	8.114163205045028	0.0	0	160.46203230507678	339.5379676949232	7.962365591397849	278	226	252	164.31569736264274	11.013736894848789	0	0	226
358	0.1	50.0	[2]	{1}	4.566067672061052	4.052150066440921	4.052568989825122	0.0	0	490.4164895415308	9.58351045846922	1.8217851215639411	136	20	78	59.20084148108958	1.8132480903032149	0	0	20
482	0.1	50.0	[1]	{0}	3.2331752276987737	2.505954970312655	2.505954970312655	0.0	0	482.0983847603202	17.901615239679813	0.7807200583588266	17	5	11	8.163704845719039	0.0	0	0	5
110	0.1	50.0	[1]	{0}	4.426149114407266	3.3064340808219406	3.3064340808219415	0.0	0	369.79489424265904	130.20510575734096	0.9201343544943312	48	10	29	23.29802552878671	0.0	0	0	10
48	0.1	50.0	[1]	{2}	5.32828364860362	4.944755183450844	4.944755183450844	0.0	0	518.4367548208685	18.436754820868487	0.0	19	1	10	8.199747019283473	0.0	0	0	1
172	0.1	50.0	[1]	{0}	3.903788232080673	3.692963186980836	3.692963186980836	0.0	0	544.7834404185411	44.78344041854109	0.5230896307848993	150	30	90	64.16345852819089	0.0	0	0	30
297	0.1	50.0	[2]	{0}	4.256384107372431	3.92437340925479	4.038386098002784	0.0	0	936.830487335101	436.830487335101	0.046040925551613085	152	128	140	72.59773177308587	2.1711938876277164	0	0	128
421	0.1	50.0	[3]	{1}	2.0314032676025326	1.6293987778618946	1.6452522318504732	0.0	0	589.5779454149308	89.57794541493081	1.1788089935502077	75	9	43	31.48617492794618	1.1505776821856797	0	0	11
359	0.1	50.0	[1]	{2}	3.8007438755520955	3.1975384384167906	3.1975384384167906	0.0	0	715.5954460613431	215.59544606134307	0.025696942652132834	96	10	53	39.11549563271179	0.0	0	0	10
235	0.1	50.0	[1]	{0}	3.116343979070984	2.3897353365931218	2.3897353365931218	0.0	0	639.8970969021319	139.89709690213192	1.5666666666666667	35	3	19	12.64451451548934	0.0	0	0	3
483	0.1	50.0	[1]	{2}	11.114308563938383	8.736119034370006	8.736119034370006	0.0	0	139.71170363947752	360.2882963605225	1.3789085861248704	95	7	51	34.07590962738172	0.0	0	0	7
111	0.1	50.0	[1]	{1}	5.490461981359984	5.324371506090765	5.324371506090765	0.0	0	813.0520142149184	313.05201421491836	0.602354493634494	77	3	40	27.108647630412122	0.0	0	0	3
49	0.1	50.0	[3]	{2}	7.668884296896644	6.753953100649582	6.730967926731147	0.0	0	321.43745734356355	178.56254265643645	8.4840578079157	234	170	202	145.0437470993622	7.963161011832581	0	0	170
173	0.1	50.0	[1]	{2}	8.073222971520703	6.089396604010342	6.089396604010343	0.0	0	820.6949462182819	320.69494621828187	0.3750823704193195	61	1	31	20.638965699162334	0.0	0	0	1
298	0.1	50.0	[2]	{0}	1.9303790667201355	1.447114662168544	1.5352630183526048	0.0	0	84.63703235611325	415.36296764388675	0.8944271909999159	32	16	24	14.913740647122264	0.7822935504549807	0	0	16
422	0.1	50.0	[1]	{1}	3.344448660978386	2.844511715039802	2.844511715039802	0.0	0	112.59997170418508	387.40002829581493	0.3299831645537222	44	6	25	13.19659940578789	0.0	0	0	6
360	0.1	50.0	[3]	{2}	3.485209340055642	2.9121094132393535	2.8685970276978825	0.0	0	377.9080216772855	122.09197832271451	3.7972655469665146	106	46	77	56.577884498577575	2.3939103891829214	0	0	48
236	0.1	50.0	[1]	{0}	7.380222959597428	5.53718681829458	5.53718681829458	0.0	0	835.5477140285075	335.54771402850747	0.927219953465877	39	5	22	14.31642743165791	0.0	0	0	5
484	0.1	50.0	[3]	{1}	8.973108415386989	8.490853370800945	8.571405440500888	0.0	0	926.6474049072716	426.6474049072716	6.328469401053831	302	280	291	161.26620655846023	14.921395468482945	0	0	280
50	0.1	50.0	[3]	{2}	5.025802802985183	4.167334239829675	4.25035807514876	0.0	0	385.510414140299	114.48958585970098	5.577072317281166	144	90	117	88.96088532319106	4.5732127377651075	0	0	90
112	0.1	50.0	[1]	{1}	4.171972539743066	3.9024780974660898	3.9024780974660898	0.0	0	100.42082541622229	399.57917458377773	0.42753397503189894	153	93	122	62.23134070077912	0.0	0	0	91
174	0.1	50.0	[1]	{2}	1.569724428239581	1.0941855127291893	1.0941855127291893	0.0	0	811.7438545450569	311.74385454505693	nan	0	0	0	0.0	0.0	0	0	0
299	0.1	50.0	[1]	{1}	12.153535255142248	10.225751437060934	10.225751437060936	0.0	0	140.75183076784015	359.24816923215985	0.07881104062391008	41	5	23	14.41078112305328	0.0	0	0	5
423	0.1	50.0	[3]	{2}	5.742508839367466	4.314800192403948	4.400762759512614	0.0	0	926.5110965352504	426.51109653525043	0.2992184493656288	131	7	68	37.28335640095547	0.9525972945769023	0	0	5
361	0.1	50.0	[3]	{1}	2.181414822984515	2.098596767357171	1.9601870004936974	0.0	0	86.88639733009053	413.1136026699095	1.4895636945092345	74	38	56	35.402228687863804	2.9280475148898435	0	0	38
237	0.1	50.0	[3]	{1}	3.2089774935676982	2.520845336600775	2.597615943309419	0.0	0	755.3250382188709	255.32503821887087	2.133125283903639	108	52	80	57.768048241931915	1.827740525799887	0	0	52
485	0.1	50.0	[1]	{0}	4.014422384522198	3.1630192112792166	3.1630192112792166	0.0	0	790.516272187233	290.51627218723297	nan	5	5	5	2.6534186390638355	0.0	0	0	5
51	0.1	50.0	[1]	{2}	6.424612336578635	4.38664807109752	4.38664807109752	0.0	0	921.6075348667802	421.60753486678016	0.5	7	5	6	3.228354790799319	0.0	0	0	5
113	0.1	50.0	[2]	{2}	1.1419897786511766	1.0532361596312292	1.0531485814258863	0.0	0	923.8397909794004	423.8397909794004	0.630061919161936	55	45	50	31.236010451029983	0.4823603225470061	0	0	45
175	0.1	50.0	[1]	{0}	2.167541491314689	1.6895997382769679	1.6895997382769679	0.0	0	903.372111264616	403.372111264616	0.0	9	3	6	3.5815115549415357	0.0	0	0	3
300	0.1	50.0	[1]	{1}	1.9383473405889782	1.6173758934021703	1.61737589340217	0.0	0	801.441148389131	301.44114838913094	1.0734396709982015	19	1	10	6.376588516108691	0.0	0	0	1
362	0.1	50.0	[3]	{0}	6.245069115943542	5.688779241250312	5.71867820786382	0.0	0	553.0866228509692	53.086622850969206	10.299076245405569	198	166	181	134.77352741153356	8.842221904540306	0	0	164
238	0.1	50.0	[3]	{1}	6.188518393115085	5.046440359548654	5.012470888200772	0.0	0	531.1132892966272	31.11328929662716	3.78215915821857	181	49	115	84.94637907522916	4.060456171400329	0	0	49
424	0.1	50.0	[1]	{2}	5.602012092555883	4.494117760225267	4.494117760225267	0.0	0	223.93512539565563	276.06487460434437	0.6880237084407945	43	9	26	15.62670250791311	0.0	0	0	9
52	0.1	50.0	[1]	{0}	4.12273841245804	3.4679039991656753	3.4679039991656753	0.0	0	527.5897239334881	27.58972393348813	2.0788046015507495	11	5	8	5.153641104266047	0.0	0	0	5
486	0.1	50.0	[2]	{1}	4.508076894454582	3.7171188777371587	3.72099580654974	0.0	0	561.6256596986204	61.62565969862044	0.9299410900006089	115	1	58	44.94826715216413	1.5298683095912418	0	0	1
114	0.1	50.0	[1]	{1}	10.738952051129694	9.151662674865097	9.151662674865097	0.0	0	413.61013380810607	86.38986619189393	0.7026480525229438	24	2	13	9.405389866191893	0.0	0	0	2
176	0.1	50.0	[1]	{1}	12.463258753966933	9.726514207460685	9.726514207460685	0.0	0	963.4467479772863	463.44674797728635	0.0	8	4	6	3.600319512136282	0.0	0	0	4
301	0.1	50.0	[3]	{1}	3.2543589939470388	2.9151267587846674	2.741613455801863	0.0	0	775.1419080886992	275.1419080886992	4.018867104326317	107	33	70	44.59989130880684	3.037385723442616	0	0	33
425	0.1	50.0	[1]	{1}	10.053700900034677	8.330939467934314	8.330939467934314	0.0	0	372.7161665447057	127.28383345529431	0.1889822365046136	11	1	6	4.848	0.0	0	0	1
363	0.1	50.0	[2]	{1}	1.9902666384894778	1.5323281707150915	1.5321490357258853	0.0	0	510.96156239509605	10.961562395096053	0.9404078503843954	42	6	24	17.63623062562943	0.553357820165773	0	0	6
239	0.1	50.0	[1]	{0}	10.873121801977323	8.54799138056947	8.54799138056947	0.0	0	298.94969379529346	201.05030620470654	0.2909600606751259	112	8	59	42.72874234488234	0.0	0	0	6
115	0.1	50.0	[3]	{1}	0.5001629668865187	0.3891521153383494	0.4098093196999078	0.0	0	976.4401775319132	476.44017753191315	0.41286141192238524	21	11	16	8.223957159489391	0.32085415000073936	0	0	11
53	0.1	50.0	[1]	{0}	11.331878938974238	7.8658323550726585	7.8658323550726585	0.0	0	237.4508706852793	262.5491293147207	0.4428074427700477	29	1	15	9.917156094796955	0.0	0	0	1
487	0.1	50.0	[1]	{1}	10.345824333016761	7.89627988677765	7.89627988677765	0.0	0	427.0582306198775	72.94176938012248	0.36363746125243757	50	0	25	17.631291153099387	0.0	0	0	0
177	0.1	50.0	[1]	{2}	6.511526696665241	5.294782116169809	5.294782116169809	0.0	0	352.7880418114365	147.21195818856347	0.32848658586103163	169	35	102	73.20243467593191	0.0	0	0	35
302	0.1	50.0	[1]	{1}	5.5298822760077915	3.944478306690311	3.944478306690311	0.0	0	889.130373019725	389.13037301972497	0.3872983346207417	14	4	9	5.049087388861925	0.0	0	0	4
364	0.1	50.0	[3]	{1}	3.7027464393654985	3.103122587244586	3.034911906902082	0.0	0	310.43295562267315	189.56704437732685	3.646769372005744	117	43	80	59.00806137871743	2.4226401345854347	0	0	43
240	0.1	50.0	[1]	{0}	8.24831721001861	6.642454688031845	6.642454688031845	0.0	0	777.395783457905	277.39578345790505	0.4615663313770509	22	2	12	8.31862529925257	0.0	0	0	2
426	0.1	50.0	[2]	{2}	6.1626192121939045	5.821887224738278	5.8503094657713035	0.0	0	91.72306791879234	408.27693208120763	0.5702852139282809	191	139	164	88.04158313868196	2.8386149635405955	0	0	137
116	0.1	50.0	[1]	{2}	7.866773612946451	5.742115997903548	5.7421159979035465	0.0	0	426.09936930239206	73.90063069760794	0.0571839955134637	90	6	48	36.76119873860478	0.0	0	0	6
54	0.1	50.0	[2]	{1}	7.615637617176151	6.638702355093719	6.809776350835666	0.0	0	927.5835950393232	427.5835950393232	0.054859220829433765	241	177	209	111.70919582686008	3.4020523955737882	0	0	177
488	0.1	50.0	[2]	{2}	2.7997029475845396	2.480997604712962	2.4306632327729947	0.0	0	591.9605903327465	91.9605903327465	3.5968736424845393	95	17	56	41.32921180665493	1.5781589623625207	0	0	17
178	0.1	50.0	[3]	{0}	10.46011579291513	9.62449966284903	9.63369959883897	0.0	0	476.52487270534033	23.47512729465967	12.70567375105761	329	269	300	221.9001441444455	14.70080346465781	0	0	271
303	0.1	50.0	[1]	{2}	8.040630810579305	6.959631185385825	6.959631185385825	0.0	0	323.49452562630165	176.50547437369835	0.0	3	1	2	1.3879890512526032	0.0	0	0	1
365	0.1	50.0	[1]	{2}	4.1274666191337595	3.6918279371418885	3.6918279371418885	0.0	0	820.6752059049905	320.67520590499055	0.8872807226269156	45	7	26	15.84484629371017	0.0	0	0	7
427	0.1	50.0	[1]	{0}	12.434634594169674	10.20807859389253	10.20807859389253	0.0	0	276.3988501392306	223.6011498607694	0.268015384849062	78	8	42	30.527774703063077	0.0	0	0	6
241	0.1	50.0	[1]	{0}	4.099437631714425	2.9263864617286006	2.9263864617286006	0.0	0	805.3340488113464	305.3340488113464	0.6466325003797626	51	3	27	17.422653072584417	0.0	0	0	3
55	0.1	50.0	[3]	{1}	1.905978851549821	1.661611246206569	1.6650765568516845	0.0	0	697.3343682475391	197.33436824753915	2.9876203048233427	46	34	40	28.948650108039374	1.9022999492547377	0	0	34
117	0.1	50.0	[1]	{0}	4.744860822894699	3.7635160013104594	3.7635160013104594	0.0	0	311.7440268397331	188.25597316026688	1.230793030996079	100	0	50	33.94890442943572	0.0	0	0	0
489	0.1	50.0	[1]	{0}	3.989255774774774	3.2353721553415595	3.2353721553415595	0.0	0	111.60574294626718	388.3942570537328	1.016137566101731	92	28	60	34.32749863320589	0.0	0	0	28
179	0.1	50.0	[1]	{0}	2.196589228675303	1.8863319849374192	1.8863319849374194	0.0	0	883.1209910567852	383.1209910567852	0.6230853024407228	16	6	11	5.6639110804889325	0.0	0	0	6
304	0.1	50.0	[1]	{1}	5.995594646558926	4.668508095058077	4.668508095058077	0.0	0	783.4312901832163	283.43129018321633	1.2857142857142858	13	5	9	7.319706129450351	0.0	0	0	5
428	0.1	50.0	[3]	{1}	4.844745996461757	3.8206995197282128	3.792285184976188	0.0	0	178.8108069449665	321.1891930550335	2.2287495057118396	109	15	63	39.855864698633575	1.3582715371523122	0	0	17
366	0.1	50.0	[2]	{1}	2.49092325169041	2.0202263026242333	2.0737075766963127	0.0	0	764.1291553154589	264.1291553154589	0.7928876403922703	70	32	51	32.71744632143527	1.0307274754984146	0	0	32
242	0.1	50.0	[1]	{1}	5.600859829188716	4.657129418063851	4.657129418063851	0.0	0	501.4206496998669	1.4206496998668854	0.11785113019775793	15	3	9	6.379896751500666	0.0	0	0	3
56	0.1	50.0	[1]	{2}	2.7123154282151183	2.41622099530537	2.41622099530537	0.0	0	392.9244047030805	107.07559529691952	nan	0	0	0	0.0	0.0	0	0	0
118	0.1	50.0	[1]	{1}	2.2259916359687204	1.6293930405887354	1.629393040588735	0.0	0	534.9554307758808	34.955430775880814	1.054402535032211	27	9	18	12.700356553792952	0.0	0	0	9
490	0.1	50.0	[1]	{0}	7.274823056696008	5.740604500603855	5.7406045006038555	0.0	0	407.95041271485394	92.04958728514606	0.45382548941833917	68	6	37	27.7424545398634	0.0	0	0	6
180	0.1	50.0	[1]	{1}	3.665835552985671	3.20709478200496	3.20709478200496	0.0	0	411.99169168248784	88.00830831751216	0.010984590274780682	46	0	23	17.076975075047464	0.0	0	0	0
305	0.1	50.0	[1]	{0}	2.687404456676326	1.9254327575823635	1.9254327575823635	0.0	0	146.62249665707353	353.3775033429265	0.0	11	3	7	5.214867489971221	0.0	0	0	3
367	0.1	50.0	[3]	{2}	13.966926266207295	13.068283027692152	13.0991676605674	0.0	0	127.61020800098775	372.38979199901223	8.588219876754055	403	343	374	232.51775616026654	21.074719990971914	0	0	345
429	0.1	50.0	[1]	{2}	2.5888200524213802	1.8923702928617616	1.8923702928617616	0.0	0	337.3916251584888	162.6083748415112	0.0659380473395787	22	4	13	10.326958125792444	0.0	0	0	4
243	0.1	50.0	[1]	{2}	3.646552334122597	2.6286008387650948	2.6286008387650948	0.0	0	569.9932728894055	69.99327288940549	1.4638501094227998	9	5	7	5.522979818668216	0.0	0	0	5
57	0.1	50.0	[1]	{1}	5.464782015419708	3.90241244425564	3.90241244425564	0.0	0	879.1791615076363	379.1791615076363	0.27533366183038216	52	2	27	16.82959593135491	0.0	0	0	2
119	0.1	50.0	[1]	{2}	2.705455392526388	1.9647595763363013	1.9647595763363013	0.0	0	640.4072917066513	140.40729170665134	0.06839855680567694	37	1	19	11.988705207813535	0.0	0	0	1
491	0.1	50.0	[2]	{0}	3.8581255973799236	3.0202041448624053	3.053829227301337	0.0	0	386.7205481510608	113.27945184893917	2.206787591915803	105	35	70	50.96849863713607	1.421599454284662	0	0	35
181	0.1	50.0	[1]	{1}	3.751242683535761	3.26551792091628	3.2655179209162806	0.0	0	808.9755587279798	308.9755587279798	0.23909491216604706	116	32	75	46.54649091759324	0.0	0	0	34
306	0.1	50.0	[1]	{2}	5.143674983194834	4.0831279868625305	4.0831279868625305	0.0	0	810.017295414582	310.017295414582	0.5452211841605606	114	10	62	39.23716982010007	0.0	0	0	10
368	0.1	50.0	[3]	{2}	3.865599391079654	3.2481927396889327	3.215021343287111	0.0	0	379.093871684745	120.90612831525499	4.914725641537032	117	59	88	66.00800000000002	2.800931017337389	0	0	59
430	0.1	50.0	[1]	{1}	4.282393845396256	4.178826472534059	4.178826472534059	0.0	0	968.002666020766	468.002666020766	0.7022518883397195	157	127	142	72.11262675709274	0.0	0	0	127
244	0.1	50.0	[1]	{1}	10.819262300878838	8.066939291465255	8.066939291465255	0.0	0	366.9224176555872	133.0775823444128	0.08833463535334146	76	2	39	28.66245692358911	0.0	0	0	2
58	0.1	50.0	[1]	{2}	2.524693741986361	1.7411449976831945	1.7411449976831945	0.0	0	728.959441650659	228.95944165065896	0.5	7	3	5	4.288878324951977	0.0	0	0	3
120	0.1	50.0	[1]	{2}	4.043208258766117	3.78055637146645	3.78055637146645	0.0	0	672.8489447850735	172.8489447850735	0.15806189751202504	155	33	94	65.53257386504485	0.0	0	0	33
492	0.1	50.0	[3]	{0}	1.5668913572883452	1.344832679100958	1.3758634156213096	0.0	0	292.19060298055405	207.80939701944595	2.7445498002837945	53	37	45	31.97776507451385	1.7548822482692183	0	0	37
307	0.1	50.0	[3]	{1}	3.9541428016208053	3.619496128934772	3.5645634956795558	0.0	0	285.4764026124032	214.5235973875968	6.011795243912215	137	87	112	79.3621976888217	5.047719177710916	0	0	87
182	0.1	50.0	[2]	{2}	3.6022901558105227	3.357352015922271	3.344867264229733	0.0	0	762.3441957402974	262.34419574029744	0.3136740495317769	135	57	96	61.874022383373216	1.5913113912516392	0	0	57
369	0.1	50.0	[3]	{0}	5.384090411437587	4.674782965152309	4.552249467862604	0.0	0	777.0717691164466	277.0717691164466	4.608158841422654	156	72	114	77.856980929479	4.555697887216036	0	0	72
431	0.1	50.0	[3]	{2}	3.2021198216427567	2.5642788723704553	2.6412908933281325	0.0	0	235.89522228576243	264.10477771423757	3.6199718090812394	108	52	80	52.85759933600204	2.2092046870186954	0	0	52
245	0.1	50.0	[1]	{0}	1.3225599477674674	1.1140773488867732	1.1140773488867735	0.0	0	653.9891997817906	153.9891997817906	2.0189780189209348	46	12	29	20.415075601527466	0.0	0	0	12
59	0.1	50.0	[1]	{1}	8.210535963815754	6.963780195529911	6.963780195529911	0.0	0	610.6782415881753	110.6782415881753	0.8001390394397696	60	4	32	22.882574067294595	0.0	0	0	4
121	0.1	50.0	[3]	{2}	2.7885781986836595	2.370732135402617	2.307496340358881	0.0	0	893.5163039714098	393.5163039714098	1.7628061096209529	75	23	49	27.78986414511502	1.8891957495487273	0	0	23
493	0.1	50.0	[1]	{1}	4.003329620077783	3.345191440126629	3.345191440126629	0.0	0	78.8110916037113	421.1889083962887	0.32727272727272727	109	3	56	34.14531021377072	0.0	0	0	3
308	0.1	50.0	[1]	{2}	12.201243961817372	9.056893956017998	9.056893956017998	0.0	0	345.18493339419365	154.81506660580635	0.11396057645963795	10	2	6	3.967109600365162	0.0	0	0	2
183	0.1	50.0	[1]	{0}	3.9600038179693637	2.749562183294053	2.749562183294053	0.0	0	999.0813164040446	499.0813164040446	0.10350983390135314	34	2	18	8.458536304727197	0.0	0	0	2
370	0.1	50.0	[1]	{0}	4.499677585285968	3.616307364802564	3.616307364802564	0.0	0	986.8115577846768	486.8115577846768	0.09187491027845174	42	12	27	14.703087939813724	0.0	0	0	12
246	0.1	50.0	[1]	{0}	4.769923055109901	4.263596620467754	4.263596620467754	0.0	0	785.4754640720785	285.47546407207847	0.6396021490668313	10	2	6	3.892098143711687	0.0	0	0	2
432	0.1	50.0	[1]	{2}	8.085875984059152	5.502503600249229	5.502503600249229	0.0	0	655.5589470081032	155.55894700810325	nan	1	1	1	0.8545589470081032	0.0	0	0	1
122	0.1	50.0	[2]	{0}	3.5567301374532043	2.938546790711902	2.9047591817040646	0.0	0	564.456617925316	64.45661792531598	0.962916375046559	108	6	57	43.9924154481329	1.650585578421487	0	0	6
60	0.1	50.0	[2]	{2}	3.9669896568301124	3.4660281989954944	3.4763649546391973	0.0	0	422.1738637425006	77.8261362574994	0.0446386686090696	135	13	74	51.497693187125	1.6256886900225798	0	0	13
494	0.1	50.0	[1]	{2}	5.774983775802189	5.212088279604927	5.212088279604927	0.0	0	175.32365955412382	324.6763404458762	0.5119378353394596	177	67	122	72.83295523184539	0.0	0	0	67
309	0.1	50.0	[2]	{2}	6.09066041342213	5.054257765045238	5.254841672837822	0.0	0	683.9319344144315	183.93193441443145	3.9868596245890258	206	116	161	108.60509980468274	3.3000448116883425	0	0	116
371	0.1	50.0	[3]	{1}	2.749589152330423	2.4673695606791552	2.3701037452736977	0.0	0	779.5736542902889	279.5736542902889	3.7480544933266113	93	43	68	46.98464306271076	2.8112027065748224	0	0	43
184	0.1	50.0	[2]	{1}	3.784934560163636	3.473724323801841	3.3232003669708345	0.0	0	0.8553639054299789	499.14463609457005	0.5327282046236476	123	71	97	48.673970298826724	1.7322968941428472	0	0	71
247	0.1	50.0	[3]	{2}	1.0992201742563295	0.9359935002361786	0.9039495938012663	0.0	0	240.04327040165668	259.9567295983433	2.928886883848261	36	18	27	18.498562515221536	0.7595420134013572	0	0	18
433	0.1	50.0	[1]	{1}	8.995665084061399	7.983636580219502	7.983636580219502	0.0	0	724.6512523852289	224.65125238522887	0.034992710611188256	34	4	19	12.813836223762483	0.0	0	0	4
123	0.1	50.0	[1]	{1}	3.122783984667344	2.8596127752902936	2.8596127752902936	0.0	0	554.9604736734184	54.96047367341839	0.703679195413668	46	2	24	17.954158105306323	0.0	0	0	2
61	0.1	50.0	[2]	{2}	4.921143634023121	4.456466497902387	4.470260739455804	0.0	0	273.00478192046285	226.99521807953715	1.3397205954387916	167	77	122	79.8925355750918	2.07045778652042	0	0	77
495	0.1	50.0	[2]	{1}	2.2901720133724233	1.8133762643844815	1.816459761073004	0.0	0	396.42466814257233	103.57533185742767	0.5350504073943422	65	5	35	25.1436713495683	0.7011443245913573	0	0	5
185	0.1	50.0	[1]	{0}	5.674029724530376	3.924306743643645	3.924306743643646	0.0	0	367.1330292709171	132.86697072908288	1.0	2	2	2	1.802	0.0	0	0	2
