iter	recomb_rate	mut_rate	recomb_type	recomb_node	ARG_length_1	ARG_length_2	ARG_length_3	ARG_length_4	root_height_change	bp	bp_pos_deviation	rank_stat	info_sites_global	confounding_info_sites	consistent_info_sites	weighted_consistent_info_sites	rf_dist	no_neu_recurr_mut	no_adv_recurr_mut	info_sites_imbalance
186	0.1	100.0	[1]	{2}	4.642716651434935	3.30294870019618	3.302948700196179	0.0	0	383.9042494073511	116.09575059264893	1.5354569366086854	57	11	34	24.194850992888217	0.0	0	0	11
310	0.1	100.0	[1]	{1}	6.110450972668856	5.24969981453191	5.24969981453191	0.0	0	793.9322884194552	293.9322884194552	0.11396057645963795	10	6	8	4.8994062694832685	0.0	0	0	6
372	0.1	100.0	[3]	{1}	2.900467068931558	2.8035918378831877	2.7649251372532495	0.0	0	902.7280739974232	402.72807399742317	5.126677268279115	200	184	192	113.21059586442257	4.812610616870701	0	0	184
248	0.1	100.0	[2]	{1}	3.362872856181055	2.9724858002677514	2.7903974808612872	0.0	0	163.67989941500142	336.3201005849986	0.9631074442754772	170	8	88	53.3876723555401	1.6503747806143774	0	0	6
124	0.1	100.0	[2]	{2}	3.6397432728795973	2.6823991050456844	3.0484628119533754	0.0	0	7.7348153572528995	492.2651846427471	1.1804666921056197	189	149	170	90.74797934930402	1.9722222880273643	0	0	151
62	0.1	100.0	[1]	{1}	5.5996437760107645	3.762062487332389	3.762062487332389	0.0	0	154.35571689158684	345.64428310841316	0.7745966692414834	7	1	4	1.779422867566347	0.0	0	0	1
434	0.1	100.0	[1]	{2}	3.706023601291678	3.366138287223035	3.366138287223035	0.0	0	329.1846136562526	170.81538634374738	0.8322335084653901	134	4	69	48.004723023343836	0.0	0	0	4
496	0.1	100.0	[1]	{0}	2.90699828385291	2.584444744019318	2.584444744019318	0.0	0	956.0277571436018	456.0277571436018	0.3105285672073109	158	48	102	54.26616877135261	0.0	0	0	46
0	0.1	100.0	[1]	{2}	4.02991594812408	3.534358780295141	3.5343587802951406	0.0	0	109.51301199384034	390.48698800615966	0.15047095877265576	52	14	32	20.706338311839847	0.0	0	0	12
187	0.1	100.0	[1]	{0}	5.19502512059712	3.8344610594170785	3.8344610594170785	0.0	0	908.8589497841896	408.8589497841896	0.5138701197773616	31	1	16	8.310974703021346	0.0	0	0	1
249	0.1	100.0	[1]	{1}	3.5626948889234793	2.5116199686279437	2.5116199686279437	0.0	0	742.1924066729842	242.19240667298425	0.3508232077228117	19	3	11	6.772653153289111	0.0	0	0	3
373	0.1	100.0	[1]	{0}	5.747841063849739	4.152092144487953	4.152092144487954	0.0	0	161.7927779443562	338.2072220556438	2.394207886746403	21	11	16	11.502171111777423	0.0	0	0	11
311	0.1	100.0	[2]	{2}	2.926649623504079	2.3800263124274093	2.444059755974356	0.0	0	622.0464678481222	122.04646784812223	4.372307016397645	146	62	104	74.80449073620142	1.5053993992939045	0	0	62
435	0.1	100.0	[1]	{0}	5.117275284180893	4.017236331824003	4.017236331824003	0.0	0	27.04126061871648	472.9587393812835	1.6813850549228073	28	2	15	9.090618909280748	0.0	0	0	2
63	0.1	100.0	[1]	{2}	7.661279114242881	6.337253380080332	6.337253380080332	0.0	0	320.36149036139244	179.63850963860756	0.32539568672798425	16	0	8	6.106	0.0	0	0	0
125	0.1	100.0	[1]	{2}	5.392697637854661	4.683207455156993	4.683207455156993	0.0	0	774.2992751300334	274.2992751300334	0.12471164898158099	30	4	17	12.8563065238297	0.0	0	0	4
497	0.1	100.0	[2]	{1}	4.370259648349332	3.6167325664001013	3.5290831267866034	0.0	0	108.94980235025302	391.05019764974696	1.3840934468333006	202	20	111	66.26503043267506	1.5680918918270321	0	0	20
1	0.1	100.0	[2]	{2}	3.0853742211975366	2.6024950732304006	2.6381666731787723	0.0	0	243.6622898094357	256.3377101905643	0.4367933562461961	175	55	116	77.49622898094356	1.2346381745604769	0	0	57
188	0.1	100.0	[3]	{1}	2.3124620748448037	1.8230647416651014	1.8830764119011996	0.0	0	866.7938129510733	366.7938129510733	3.0433096482648603	128	68	98	60.3608454675227	1.3534503033604826	0	0	68
374	0.1	100.0	[1]	{1}	6.5196376484943155	5.319408086289084	5.319408086289084	0.0	0	205.55727835744625	294.44272164255375	1.8067753076304478	38	12	25	16.464244618646802	0.0	0	0	12
250	0.1	100.0	[1]	{0}	5.272189769007461	3.5251874613005865	3.5251874613005865	0.0	0	725.5141376517712	225.5141376517712	0.2182178902359924	6	0	3	2.5085141376517712	0.0	0	0	0
312	0.1	100.0	[2]	{2}	8.234185501987824	6.520284326540079	6.554890909007225	0.0	0	284.9303951952607	215.0696048047393	0.5908184710651573	288	38	163	111.58638754354982	2.598706913569757	0	0	38
126	0.1	100.0	[1]	{2}	8.346077639604795	6.92259410825539	6.92259410825539	0.0	0	420.905278995633	79.09472100436699	1.0814946338077025	94	4	49	35.927958068951966	0.0	0	0	4
436	0.1	100.0	[1]	{0}	2.424463222055504	2.2666187307433665	2.2666187307433665	0.0	0	578.8980692159381	78.89806921593811	0.7141582983171082	150	24	87	64.13719846998715	0.0	0	0	24
64	0.1	100.0	[2]	{1}	5.29061671716263	4.851771621279411	4.842809576995322	0.0	0	37.21370315179245	462.78629684820754	1.0664598663731095	304	204	254	135.80785319425175	2.216866623883283	0	0	204
498	0.1	100.0	[1]	{2}	4.640959101412834	4.067174373287701	4.067174373287702	0.0	0	619.9929974973203	119.99299749732029	1.212678125181665	50	4	27	18.36406302252412	0.0	0	0	4
2	0.1	100.0	[2]	{0}	4.783140295547488	4.000964468904426	3.9978912655474814	0.0	0	484.2306817881764	15.769318211823588	2.9039882228011242	220	28	124	90.9526954556256	1.8012061036471554	0	0	28
189	0.1	100.0	[1]	{1}	7.383683912236146	6.117319238863326	6.117319238863326	0.0	0	754.271510988474	254.271510988474	0.2243040633297069	57	1	29	21.802470357149836	0.0	0	0	1
251	0.1	100.0	[1]	{0}	2.189121895094912	1.6719404908459845	1.6719404908459845	0.0	0	501.1617061682047	1.1617061682047165	1.7320508075688774	5	3	4	2.2699999999999996	0.0	0	0	3
375	0.1	100.0	[1]	{1}	9.140607019021473	7.913859191529535	7.913859191529535	0.0	0	142.52634020522237	357.47365979477763	1.387739174636523	86	4	45	27.2103165463619	0.0	0	0	4
127	0.1	100.0	[1]	{2}	3.155363451573492	2.6346967371041323	2.6346967371041323	0.0	0	166.62932373583322	333.3706762641668	1.39257551462911	109	13	61	34.49257821558415	0.0	0	0	13
313	0.1	100.0	[1]	{0}	3.4898923865546436	2.5634593060088458	2.5634593060088458	0.0	0	77.42970623075968	422.5702937692403	1.0509877084907762	26	6	16	7.916875299692152	0.0	0	0	6
499	0.1	100.0	[3]	{2}	10.083697921687998	7.969354132446361	8.186844317849392	0.0	0	962.4096583575011	462.40965835750114	1.9239055080426715	363	175	269	144.35427233584215	5.4629079354228836	0	0	175
65	0.1	100.0	[1]	{1}	1.1754186169734342	1.0009295610353839	1.0009295610353839	0.0	0	133.62441468052572	366.3755853194743	1.6245576550776664	80	12	46	28.491225416582076	0.0	0	0	12
437	0.1	100.0	[2]	{2}	6.268534127822221	5.64741923045185	5.636461883727295	0.0	0	533.6878749076278	33.687874907627815	1.35782107474914	329	1	165	123.92947536567046	2.827455666770771	0	0	1
3	0.1	100.0	[2]	{1}	1.4340548434745468	1.193718651152961	1.1974719556918147	0.0	0	618.1672823149711	118.16728231497109	1.2237230299549129	91	25	58	40.51230501351134	0.5122071713387998	0	0	25
190	0.1	100.0	[1]	{1}	1.6120671358651897	1.210048961434189	1.210048961434189	0.0	0	120.73400430381298	379.265995696187	0.37724659112089265	67	1	34	20.64261610329151	0.0	0	0	1
376	0.1	100.0	[1]	{0}	4.6960303273944515	3.698207862056118	3.698207862056118	0.0	0	441.487617790699	58.512382209300995	0.6396021490668313	10	4	7	5.027462853372097	0.0	0	0	4
252	0.1	100.0	[1]	{0}	9.23561681545562	6.766703789477608	6.766703789477608	0.0	0	560.2702344767748	60.27023447677482	0.3501771749082815	86	4	44	31.2749190620929	0.0	0	0	2
128	0.1	100.0	[1]	{1}	2.0030861838475724	1.5142522774687	1.5142522774687	0.0	0	745.6327355466782	245.6327355466782	0.7441488446548852	69	7	38	26.282876231253148	0.0	0	0	7
314	0.1	100.0	[1]	{1}	3.2644062933462776	2.6016686658356467	2.6016686658356467	0.0	0	417.91903041303146	82.08096958696854	0.8275902732496067	52	2	27	21.60875709123909	0.0	0	0	2
66	0.1	100.0	[1]	{0}	2.4120564795357993	1.714131620032411	1.714131620032411	0.0	0	194.5794653147459	305.4205346852541	0.75104094428999	31	1	16	11.22579465314746	0.0	0	0	1
438	0.1	100.0	[1]	{0}	6.675914128572444	5.3823510568720145	5.3823510568720145	0.0	0	447.2796239424498	52.7203760575502	0.5825202483488134	293	9	151	114.64429842682	0.0	0	0	9
4	0.1	100.0	[3]	{2}	6.550980197201633	5.792768314178499	5.7682287622811055	0.0	0	459.5624317880721	40.437568211927896	10.679659821508077	324	212	268	199.08662650066236	7.446799252052008	0	0	212
191	0.1	100.0	[2]	{0}	2.7465243506077117	2.0926870854133894	2.1856415046638755	0.0	0	707.1511356625706	207.1511356625706	4.9103509027622785	145	87	116	82.27623413157094	1.2611068680875896	0	0	87
253	0.1	100.0	[1]	{0}	9.054964301258254	7.846038867627215	7.846038867627215	0.0	0	445.4699405469001	54.53005945309991	0.24333213169614382	31	3	17	12.5896502972655	0.0	0	0	3
377	0.1	100.0	[1]	{2}	4.923696681212133	4.631868978948985	4.631868978948985	0.0	0	160.28920398093754	339.71079601906246	0.060198480537066404	314	164	239	146.91149248774911	0.0	0	0	164
67	0.1	100.0	[3]	{0}	3.3016194422142577	2.763032998328951	2.751237908758079	0.0	0	547.2056581638753	47.20565816387534	4.528037724022115	170	66	118	88.81612078570575	2.450052629237276	0	0	66
315	0.1	100.0	[1]	{2}	2.5976313146823786	2.173438403333874	2.173438403333874	0.0	0	675.6313559599222	175.6313559599222	0.46365010872637724	122	2	62	45.547847456961854	0.0	0	0	2
129	0.1	100.0	[1]	{2}	4.402030053463678	3.730750082576199	3.730750082576199	0.0	0	445.670465938747	54.329534061253014	0.7313545011196538	146	2	74	55.24470465938746	0.0	0	0	2
439	0.1	100.0	[1]	{2}	1.4738996397800783	1.3060155287463244	1.3060155287463244	0.0	0	918.2441874872894	418.2441874872894	0.7112867591590193	91	37	64	38.440837125737204	0.0	0	0	37
5	0.1	100.0	[3]	{2}	4.34342554804919	3.8594235800351258	3.728079019272434	0.0	0	165.74671911075714	334.2532808892429	1.4715469137586974	230	80	155	98.23589894485112	4.157028070192104	0	0	80
192	0.1	100.0	[3]	{1}	2.3255870916078782	1.9187660548477594	1.9594711779561216	0.0	0	596.8848101329061	96.88481013290607	6.09585659503379	135	83	109	78.95449240481663	2.142386244172563	0	0	83
68	0.1	100.0	[3]	{1}	3.105890071042573	2.409592962113024	2.424753053384182	0.0	0	244.18820021674048	255.81179978325952	2.6896919051334653	138	38	88	57.73128080953659	0.8219466747212636	0	0	38
378	0.1	100.0	[1]	{0}	4.866682752088991	3.5046937794702	3.5046937794702	0.0	0	973.566433414817	473.56643341481697	0.3045499589669568	89	7	48	24.944944062918417	0.0	0	0	7
254	0.1	100.0	[1]	{0}	3.4676682524896556	3.350894279483848	3.350894279483848	0.0	0	189.5734965801238	310.4265034198762	0.28001623329566255	252	118	185	108.19850889468186	0.0	0	0	118
316	0.1	100.0	[3]	{2}	5.731710148866024	5.279953942522721	4.752145685672556	0.0	0	945.6891417503358	445.6891417503358	1.2091136415418917	260	54	158	91.45903328895565	4.811156590734965	0	0	56
130	0.1	100.0	[2]	{1}	5.967241423486193	5.38517753422276	5.294354712040095	0.0	0	823.1373394373805	323.13733943738055	0.6287455686554259	305	125	215	128.53966945196126	2.591799699299157	0	0	125
440	0.1	100.0	[1]	{1}	2.6719325567704697	2.47632753974539	2.47632753974539	0.0	0	544.0182979218663	44.01829792186629	1.180457684611438	148	24	86	63.311158295594154	0.0	0	0	24
6	0.1	100.0	[1]	{1}	5.44615630485062	4.182119546661474	4.182119546661474	0.0	0	324.93481319397694	175.06518680602306	0.7622023228463561	124	6	65	45.95010958262534	0.0	0	0	6
193	0.1	100.0	[1]	{0}	2.0274760610264044	1.8387992349336715	1.8387992349336713	0.0	0	935.158443637192	435.158443637192	0.3110497470966158	82	2	42	24.396662254512318	0.0	0	0	2
379	0.1	100.0	[1]	{2}	5.160501379380001	4.223020433351758	4.223020433351758	0.0	0	974.6035123243928	474.6035123243928	0.13483997249264842	29	3	16	6.877343802809715	0.0	0	0	3
255	0.1	100.0	[1]	{0}	3.3269155122544136	2.4166911237839757	2.4166911237839757	0.0	0	112.47644852846864	387.5235514715314	0.6880329612324521	16	2	9	5.119288036756218	0.0	0	0	2
317	0.1	100.0	[1]	{0}	8.168030106175667	7.411182912416592	7.411182912416592	0.0	0	559.1669608838853	59.16696088388528	1.3063196431362913	162	24	93	69.12416519558053	0.0	0	0	24
69	0.1	100.0	[1]	{2}	3.846996295108271	3.5411085785939163	3.5411085785939163	0.0	0	172.7307799737901	327.2692200262099	1.4652678118439337	195	21	107	68.40234693808664	0.0	0	0	19
131	0.1	100.0	[3]	{2}	13.422193556750333	11.600094560415315	11.86461332923232	0.0	0	149.92241514846685	350.0775848515332	7.423894716549856	463	323	393	242.37988831731286	15.139345709559123	0	0	323
441	0.1	100.0	[1]	{2}	5.210674456230381	3.771212920533254	3.771212920533254	0.0	0	68.54661973193288	431.4533802680671	0.1270001270001905	30	2	16	8.28565267624706	0.0	0	0	2
7	0.1	100.0	[2]	{0}	5.347074333429907	5.219482168260935	5.268299447717581	0.0	0	33.002393785863944	466.99760621413606	1.5203859602361378	363	339	351	192.92684021883844	2.699296605819402	0	0	339
194	0.1	100.0	[1]	{2}	5.958826916293948	4.831377871246861	4.831377871246861	0.0	0	626.5838975086809	126.58389750868093	2.3917019244124247	20	10	15	11.027080512456596	0.0	0	0	10
380	0.1	100.0	[1]	{1}	3.766786719192221	2.733721973024913	2.733721973024913	0.0	0	892.1486781910062	392.1486781910062	0.4666666666666667	14	2	8	4.294810574471951	0.0	0	0	2
256	0.1	100.0	[2]	{2}	4.581511595571021	4.553218465812303	4.539276205333865	0.0	0	856.6056846175344	356.6056846175344	1.561221853165782	336	206	271	154.3468594686482	2.287617542226372	0	0	206
70	0.1	100.0	[2]	{0}	2.489968761281512	2.437396184571685	2.4386665256602456	0.0	0	822.3330746404824	322.33307464048244	0.7069617336401628	198	102	150	81.80803880392764	1.197623227050793	0	0	102
318	0.1	100.0	[3]	{0}	10.465907842159055	9.757641757925175	9.780452258826054	0.0	0	62.57847137749184	437.42152862250816	5.562205807586227	480	392	437	242.62655453757932	15.500318658792647	0	0	394
132	0.1	100.0	[2]	{1}	3.411235901930729	2.9754995844603878	3.0733746349071502	0.0	0	117.76062077842666	382.23937922157336	0.6540915707537764	240	156	198	112.40503918945792	1.623813636122077	0	0	156
442	0.1	100.0	[2]	{2}	4.343551098283439	3.4035668457033488	3.348648009363939	0.0	0	105.71892256848514	394.28107743151486	0.5858120821109559	184	2	93	55.64204350236245	1.3161610020339913	0	0	2
8	0.1	100.0	[2]	{2}	5.473093582867653	4.422452270310791	4.476497760577676	0.0	0	927.5047865230592	427.50478652305924	0.6844726821766338	252	104	178	93.53517671803381	1.8663717531225332	0	0	104
195	0.1	100.0	[1]	{2}	0.9290965493938608	0.8604619614154334	0.8604619614154334	0.0	0	425.4641693551094	74.53583064489061	0.12978867418843998	56	12	34	26.24457003226131	0.0	0	0	12
381	0.1	100.0	[1]	{2}	2.7601503295119922	2.15811630931063	2.15811630931063	0.0	0	746.8512675259262	246.85126752592623	0.32539568672798425	16	4	10	5.49718985979259	0.0	0	0	4
257	0.1	100.0	[1]	{0}	3.2846557625690704	2.6271828949253058	2.6271828949253058	0.0	0	402.422681916505	97.57731808349502	1.3939805659268778	43	7	25	18.109113409582527	0.0	0	0	7
319	0.1	100.0	[1]	{0}	5.45233434858438	3.834139884764007	3.8341398847640074	0.0	0	405.6709683500232	94.3290316499768	0.42761798705987897	53	5	29	21.478354841750114	0.0	0	0	5
71	0.1	100.0	[2]	{0}	3.3941926312551036	2.6797700785015417	2.6669177055896935	0.0	0	571.2992893531917	71.29928935319174	0.8862957397923699	170	6	88	67.14899999999999	1.150080871205807	0	0	6
443	0.1	100.0	[1]	{2}	4.596065225224934	3.2516581765014547	3.2516581765014543	0.0	0	820.5941007472575	320.59410074725747	0.8687746362333975	57	3	30	17.531553380571307	0.0	0	0	3
133	0.1	100.0	[1]	{0}	9.976500006513836	9.57564784529601	9.57564784529601	0.0	0	734.4177467748522	234.41774677485216	1.4585828275420671	460	152	307	196.45425822076945	0.0	0	0	154
9	0.1	100.0	[2]	{1}	1.0902492091629177	0.8349269267048463	0.8482595218268731	0.0	0	790.2845607604833	290.28456076048326	0.8456738900262623	65	21	43	29.488885980987916	0.3490643152371583	0	0	21
196	0.1	100.0	[1]	{0}	9.428974583173707	6.6293001481933	6.629300148193298	0.0	0	651.124592870474	151.12459287047398	0.2449489742783178	9	1	5	3.8708754071295255	0.0	0	0	1
382	0.1	100.0	[1]	{1}	6.582566670869516	6.036253966094661	6.036253966094661	0.0	0	620.2745502814652	120.27455028146517	0.7108186533109109	18	0	9	5.4971763491556045	0.0	0	0	0
258	0.1	100.0	[3]	{0}	5.044733770630405	4.096999827975676	4.095436468507383	0.0	0	248.29785688780248	251.70214311219752	4.943429772286126	225	97	160	111.46806284081934	2.5013002730930944	0	0	95
320	0.1	100.0	[1]	{0}	4.58170208957113	3.5260331718889644	3.5260331718889644	0.0	0	565.8271820284427	65.82718202844273	0.3380617018914066	39	1	20	14.569382543772457	0.0	0	0	1
72	0.1	100.0	[2]	{0}	2.155524522188524	1.6868395561920504	1.7243643753126021	0.0	0	635.2080949582158	135.20809495821584	1.436914070527202	113	43	78	56.13684382183849	0.9241359344540904	0	0	43
444	0.1	100.0	[1]	{1}	9.060083848496436	6.626725787700128	6.626725787700127	0.0	0	852.5186623446642	352.5186623446642	1.3887301496588271	6	2	4	2.024925350621343	0.0	0	0	2
134	0.1	100.0	[2]	{1}	1.7395872353131823	1.460760578693696	1.4587840125363638	0.0	0	482.96582140028494	17.034178599715062	0.37599254555319417	111	5	58	43.03302535799145	0.7050257027029135	0	0	5
10	0.1	100.0	[1]	{2}	8.13456497431128	5.847238450907615	5.847238450907614	0.0	0	555.3804901428522	55.38049014285218	0.6631885135652508	33	9	21	15.856336569000039	0.0	0	0	9
197	0.1	100.0	[1]	{0}	1.1549980883099018	1.0100412297062482	1.0100412297062482	0.0	0	745.538490591571	245.53849059157096	0.5708539755122428	92	38	65	40.814306036280456	0.0	0	0	38
383	0.1	100.0	[1]	{0}	2.165417571001096	1.574200302453367	1.574200302453367	0.0	0	259.32710058987146	240.67289941012854	1.3780172345907145	60	2	31	21.28859810648858	0.0	0	0	2
259	0.1	100.0	[3]	{0}	9.822778799195905	8.683012979336073	8.544971331515708	0.0	0	236.7399150971322	263.2600849028678	6.396808678455686	400	220	310	213.89682590612384	9.94745249989315	0	0	220
321	0.1	100.0	[3]	{2}	2.9717863469570878	2.5730452161181665	2.6386261411781167	0.0	0	229.0306796785445	270.9693203214555	6.419202886907028	221	167	193	125.55389631917514	3.520314480380066	0	0	165
73	0.1	100.0	[1]	{2}	12.729181573081423	9.482788279612361	9.482788279612365	0.0	0	153.90690090134746	346.09309909865254	0.05143444998736397	26	6	16	11.042882810816169	0.0	0	0	6
445	0.1	100.0	[1]	{2}	7.471481443175015	5.546593705483561	5.546593705483561	0.0	0	375.9581954218447	124.04180457815528	1.6240984076390315	153	19	86	63.68658195421843	0.0	0	0	19
135	0.1	100.0	[1]	{2}	2.6302621872428706	2.315819855588857	2.315819855588857	0.0	0	277.66293101012707	222.33706898987293	1.4005121312316122	80	6	43	31.52524741323293	0.0	0	0	6
11	0.1	100.0	[3]	{2}	4.1163930443413825	3.317326820313045	3.512826569499096	0.0	0	775.8990023285152	275.89900232851517	6.482772277226334	210	146	178	118.71790774852043	4.112846012045981	0	0	146
198	0.1	100.0	[1]	{1}	7.604927858471256	5.260944549051709	5.260944549051709	0.0	0	616.5112401358782	116.51124013587821	0.24771684715343112	19	1	10	6.744	0.0	0	0	1
384	0.1	100.0	[1]	{2}	3.419883821590793	3.0897038974320434	3.0897038974320434	0.0	0	991.207431536168	491.207431536168	1.2077210209745075	220	152	186	90.0574177342727	0.0	0	0	152
322	0.1	100.0	[3]	{2}	3.820479644558969	3.2766843501687957	3.279140834603862	0.0	0	581.9875567685814	81.98755676858138	7.499952453949211	191	107	149	109.90506221615708	3.340210483319854	0	0	107
260	0.1	100.0	[1]	{2}	3.932497381620197	3.0731114640736252	3.0731114640736252	0.0	0	272.0665424130858	227.9334575869142	1.1140517759829038	95	17	56	39.56059701791406	0.0	0	0	17
74	0.1	100.0	[2]	{1}	7.033413518643019	5.485905605617842	5.547754571950187	0.0	0	411.1255393363536	88.8744606636464	3.9864528998458106	271	85	179	131.7209132928812	2.7269616428843477	0	0	87
446	0.1	100.0	[3]	{1}	3.6758732256164754	2.785304733047251	2.9348665517402934	0.0	0	77.39903707988576	422.6009629201142	1.9363519500490798	167	93	130	73.65209600462764	1.7776009587280095	0	0	93
136	0.1	100.0	[1]	{1}	4.7526175628235805	3.6606491740433484	3.6606491740433484	0.0	0	628.9942823350431	128.99428233504307	0.5773502691896258	5	1	3	2.694994282335043	0.0	0	0	1
12	0.1	100.0	[1]	{1}	13.02432414980655	10.327559983035727	10.327559983035727	0.0	0	275.5069299601018	224.4930700398982	0.5855400437691199	27	3	15	10.330534649800509	0.0	0	0	3
199	0.1	100.0	[1]	{1}	6.9357742153409605	5.019155614358346	5.019155614358346	0.0	0	80.9693499468267	419.0306500531733	1.3054292786734163	89	7	49	26.259804647926234	0.0	0	0	9
385	0.1	100.0	[1]	{0}	6.191262559604857	4.401811813175391	4.401811813175391	0.0	0	231.37540137395249	268.6245986260475	0.4756204667811726	115	1	58	38.19226204121856	0.0	0	0	1
323	0.1	100.0	[2]	{2}	0.8205435578364237	0.748425393768918	0.7390097278705501	0.0	0	812.8834285307676	312.88342853076756	1.1794920075238162	67	29	48	27.94936228758469	0.3588311563253903	0	0	29
261	0.1	100.0	[1]	{2}	3.8201197280463486	3.2025831522166466	3.2025831522166466	0.0	0	694.2249771673233	194.22497716732335	1.0153968241683795	155	3	79	58.76627547948622	0.0	0	0	3
75	0.1	100.0	[1]	{2}	5.642072973749508	5.291603645448028	5.291603645448028	0.0	0	372.8800895623863	127.11991043761373	0.28777061162875556	32	4	18	14.54428053737432	0.0	0	0	4
447	0.1	100.0	[1]	{0}	6.7441932287960205	6.48245149129485	6.48245149129485	0.0	0	857.2404400911184	357.24044009111844	0.8750838665511619	146	4	75	48.211814034624005	0.0	0	0	4
137	0.1	100.0	[1]	{1}	7.9919404054132155	6.070657965609021	6.070657965609021	0.0	0	967.6270200870932	467.62702008709323	1.6557481620960917	43	3	23	14.849578537996857	0.0	0	0	3
13	0.1	100.0	[2]	{0}	5.169725664921966	4.6768636014269696	4.671775601583436	0.0	0	565.3014306444672	65.30143064446725	0.8112847630729485	309	37	173	125.3089097242859	2.1648283644366746	0	0	37
200	0.1	100.0	[3]	{0}	6.527764663357688	6.021243223312885	6.063629115881187	0.0	0	414.76066014729446	85.23933985270554	13.811632258099712	377	317	348	259.5458101711945	9.83970234755365	0	0	319
386	0.1	100.0	[3]	{1}	1.9321952058991134	1.4830425214632506	1.491126147687654	0.0	0	439.1580594237896	60.84194057621039	0.9758262444036788	109	21	65	46.69995148559473	0.4687006744785749	0	0	21
324	0.1	100.0	[1]	{0}	3.035034775021497	2.4890886824569622	2.4890886824569622	0.0	0	993.8502595759928	493.8502595759928	1.632993161855452	19	1	10	3.487497404240072	0.0	0	0	1
76	0.1	100.0	[1]	{0}	3.744085092278464	3.0670423960767534	3.0670423960767534	0.0	0	846.8610637355597	346.8610637355597	0.17892962380969743	79	9	44	28.30300170551985	0.0	0	0	9
262	0.1	100.0	[1]	{1}	9.545954783479818	9.477393876924172	9.477393876924172	0.0	0	900.9123973082752	400.9123973082752	0.8720277392832391	485	375	431	234.28858155474995	0.0	0	0	377
138	0.1	100.0	[1]	{2}	4.4804467277029385	3.361004712117988	3.361004712117988	0.0	0	142.3476031050086	357.6523968949914	0.4911568416428995	36	6	21	12.959518840365108	0.0	0	0	6
448	0.1	100.0	[2]	{1}	5.38073216140744	4.632999544437363	4.676643316639832	0.0	0	551.3315217103811	51.33152171038114	3.396543076349462	301	83	191	138.751885873044	2.836510596418056	0	0	81
14	0.1	100.0	[1]	{0}	7.901003444411011	6.608917767312651	6.608917767312651	0.0	0	531.9996261969209	31.99962619692087	nan	2	2	2	1.3670007476061583	0.0	0	0	2
325	0.1	100.0	[1]	{2}	5.463070011658604	4.177779213956516	4.177779213956516	0.0	0	673.2032131403683	173.20321314036835	0.7649513067328148	129	9	70	49.96212288463115	0.0	0	0	11
77	0.1	100.0	[3]	{0}	3.6881047074254365	3.273912930007544	3.138399095155896	0.0	0	98.50026993080962	401.4997300691904	3.1470631470647206	199	75	137	80.97052834273501	3.3160836348974314	0	0	75
263	0.1	100.0	[1]	{2}	2.214256786580379	1.7364851450875545	1.736485145087554	0.0	0	911.0201341100038	411.0201341100038	0.6146362971528592	44	6	25	13.438496647249904	0.0	0	0	6
139	0.1	100.0	[1]	{2}	5.6192863447364925	3.841496756766632	3.841496756766632	0.0	0	212.0765266008676	287.9234733991324	1.2081373926817924	21	5	13	7.069688739407809	0.0	0	0	5
15	0.1	100.0	[1]	{0}	3.5920942534196367	2.700321636023479	2.700321636023479	0.0	0	106.3322089612484	393.6677910387516	0.20412414523193154	11	5	8	4.62699325376749	0.0	0	0	5
140	0.1	100.0	[3]	{1}	2.2157229067636406	1.8175111405734428	1.819619408478303	0.0	0	513.0733577534558	13.073357753455753	6.084428143341597	129	67	98	73.33855985347924	1.423882281611953	0	0	67
16	0.1	100.0	[3]	{0}	3.920380410684602	3.3744075982665698	3.503101747416746	0.0	0	78.83235835470265	421.16764164529735	2.972594642373687	227	181	204	111.72915978713709	4.808096654673993	0	0	181
387	0.1	100.0	[1]	{2}	4.26015582520383	3.1998384819232815	3.1998384819232815	0.0	0	412.8350429236888	87.16495707631123	0.22645540682891913	17	3	10	6.86168034338951	0.0	0	0	3
201	0.1	100.0	[1]	{1}	3.281297460742814	2.430572127470299	2.4305721274702994	0.0	0	575.3306094557048	75.3306094557048	0.4075824539772578	99	1	50	37.202371467620154	0.0	0	0	1
449	0.1	100.0	[2]	{0}	4.56528026981916	4.232485411134723	4.226716083886933	0.0	0	443.4092263691128	56.59077363088721	0.6728731878816959	285	63	173	124.24161163447434	2.0460241443743694	0	0	61
202	0.1	100.0	[2]	{1}	3.697856769803837	3.079292934469143	3.2203917367634465	0.0	0	47.791268210858185	452.20873178914184	1.4531589487406773	219	151	185	92.98563700974363	1.683484753429899	0	0	151
388	0.1	100.0	[2]	{1}	5.10773760320467	4.607096934293121	4.568849907352799	0.0	0	330.1350912079218	169.8649087920782	0.297093529935751	297	71	184	120.91796550534664	2.24014254263757	0	0	71
326	0.1	100.0	[1]	{1}	6.552911206136684	4.5513474494565065	4.5513474494565065	0.0	0	95.17104364931583	404.82895635068417	0.7698168018479346	18	0	9	3.898539392843843	0.0	0	0	0
78	0.1	100.0	[2]	{1}	5.49865328879839	5.059918456930543	5.057711196414385	0.0	0	474.8161241877826	25.183875812217423	0.36468261693747567	308	26	167	123.9214412621018	2.3960303350796064	0	0	26
264	0.1	100.0	[2]	{0}	6.531628452705867	6.130024285928938	6.0621245537779185	0.0	0	246.5587083715945	253.4412916284055	0.5651909185415821	361	133	247	150.21417905058155	3.064221415293709	0	0	133
450	0.1	100.0	[1]	{1}	4.3518634780789744	3.509302801132977	3.509302801132977	0.0	0	969.14603933692	469.14603933692	0.6012880910354474	189	57	123	63.575037161558846	0.0	0	0	57
389	0.1	100.0	[3]	{2}	1.9775662942145633	1.8043018186594901	1.7983238923960376	0.0	0	196.63591822609308	303.36408177390695	5.685310398650572	131	99	115	71.1014220305048	2.5408988255893004	0	0	99
327	0.1	100.0	[3]	{2}	4.3535654103946095	3.9043096893195313	3.7933012392806496	0.0	0	803.6219927016647	303.6219927016647	5.481881438456535	239	127	183	125.4641787371319	4.590631447922804	0	0	127
203	0.1	100.0	[2]	{1}	3.303294544874002	2.585690345016257	2.581245917596177	0.0	0	485.9578653704377	14.042134629562327	2.1357810220663547	153	33	93	68.90012640388869	1.246105183326345	0	0	33
79	0.1	100.0	[2]	{0}	5.043142668567531	4.162582562566184	4.1559463246274495	0.0	0	415.2934579178691	84.70654208213091	0.9393570358851171	239	17	128	92.60702055923639	1.7127188558304878	0	0	17
141	0.1	100.0	[1]	{1}	3.3173845039750987	2.5104170313714436	2.5104170313714436	0.0	0	134.7911511547864	365.2088488452136	1.6734987915692823	58	10	34	18.704152232334014	0.0	0	0	10
265	0.1	100.0	[1]	{2}	2.7535367220704865	2.472109639756342	2.472109639756342	0.0	0	321.4753875508905	178.5246124491095	0.34059024648647235	188	38	114	75.47078487958017	0.0	0	0	40
17	0.1	100.0	[1]	{0}	3.8614317123797357	3.0053846496437626	3.0053846496437626	0.0	0	495.6663986667992	4.333601333200818	1.338361359759103	99	23	61	46.16099758800118	0.0	0	0	23
451	0.1	100.0	[3]	{2}	5.297382647691837	4.624414056472694	4.563809692461183	0.0	0	436.4152788184584	63.584721181541624	7.879896342808801	263	147	205	154.1822624906339	5.679309431491241	0	0	147
390	0.1	100.0	[2]	{0}	1.0158503287907963	0.8618418072197279	0.8768204246893442	0.0	0	671.2928398046644	171.29283980466437	0.9487889832620097	79	33	56	38.67052936898544	0.45633976461004844	0	0	33
328	0.1	100.0	[1]	{1}	2.8304766734648408	2.6700431496803088	2.6700431496803088	0.0	0	200.4636470228434	299.53635297715664	1.2857142857142858	13	1	7	6.0253909410685305	0.0	0	0	1
204	0.1	100.0	[1]	{1}	9.026350419953136	7.972322968735323	7.972322968735325	0.0	0	86.59308170899743	413.40691829100257	0.39624098780316114	33	3	18	8.95848930734396	0.0	0	0	3
80	0.1	100.0	[1]	{2}	5.225020851895842	3.8841723834194237	3.8841723834194237	0.0	0	366.71814648434525	133.28185351565475	1.5491933384829668	4	2	3	2.046718146484345	0.0	0	0	2
266	0.1	100.0	[3]	{2}	2.926434137396644	2.8237246337179003	2.806787949541153	0.0	0	272.85091183148324	227.14908816851676	11.116929117433564	225	201	214	151.5416692991927	4.9702607449394645	0	0	203
142	0.1	100.0	[2]	{2}	3.7199954640642283	3.111302696027795	3.125249569189454	0.0	0	446.33343815803534	53.666561841964665	0.8153649149910351	189	27	108	79.30833815526962	1.5251319688998735	0	0	27
18	0.1	100.0	[1]	{1}	2.2364963322997156	1.7709936882737618	1.7709936882737618	0.0	0	669.2475969903172	169.24759699031722	0.31180735848080326	94	2	48	35.181009612038736	0.0	0	0	2
452	0.1	100.0	[1]	{0}	5.148090015675116	4.470638943051851	4.470638943051851	0.0	0	424.65680022723967	75.34319977276033	0.4244745833089963	284	14	149	108.85896402386014	0.0	0	0	14
391	0.1	100.0	[2]	{1}	2.443486267912318	2.042808745530275	2.0532096460560076	0.0	0	554.0884847287089	54.08848472870886	3.35281851843988	153	35	94	68.26410667193682	1.0237606866898872	0	0	35
329	0.1	100.0	[1]	{1}	10.908557604054476	9.04580154009209	9.045801540092091	0.0	0	71.7512569390237	428.24874306097627	0.17087742616526402	60	6	33	18.365786451231696	0.0	0	0	6
205	0.1	100.0	[1]	{0}	4.335700998596099	3.583781656894877	3.5837816568948773	0.0	0	318.2140742428602	181.7859257571398	1.3801904288302793	99	3	51	35.58021111364289	0.0	0	0	3
267	0.1	100.0	[3]	{1}	5.002044001308665	4.451924598684271	4.444512563839018	0.0	0	377.7565988712015	122.2434011287985	10.081898436824646	267	197	232	170.19485633904497	5.60446991764419	0	0	197
143	0.1	100.0	[3]	{1}	2.4510080162105927	2.1750216741334016	2.1313019219546465	0.0	0	872.5053318776194	372.50533187761937	4.559781451633083	163	99	131	78.25501479913663	2.4617340606378706	0	0	99
81	0.1	100.0	[2]	{1}	11.146184416826227	10.544889132078154	10.487960852925953	0.0	0	868.4203778393568	368.4203778393568	2.1296962434800535	507	313	410	234.24916735289972	5.069388542369911	0	0	313
19	0.1	100.0	[2]	{2}	2.2125941859953557	1.6315081899110597	1.8156575769740684	0.0	0	12.015273794531849	487.9847262054682	0.06723160927505964	127	95	111	51.577695391193025	1.086727596457431	0	0	95
453	0.1	100.0	[1]	{2}	3.3582802136599135	3.2380865316908523	3.2380865316908523	0.0	0	380.6336685083807	119.36633149161929	0.6115221148472646	91	5	49	35.29450502762571	0.0	0	0	7
392	0.1	100.0	[3]	{2}	3.52074496305997	3.0857603130841684	3.0412599348594176	0.0	0	175.29309215024116	324.70690784975886	3.96137659874119	210	110	160	108.38520592492073	3.34265753395841	0	0	110
330	0.1	100.0	[1]	{2}	3.1921080270217885	2.5373025331951515	2.5373025331951515	0.0	0	353.7480882368982	146.25191176310182	2.0204003124018657	146	10	78	55.76546558826418	0.0	0	0	10
206	0.1	100.0	[2]	{2}	8.787203492702456	7.488754097662297	7.296911085089046	0.0	0	718.004824128002	218.00482412800204	1.3297678103302442	346	30	189	128.7923390944637	3.7833036844620667	0	0	32
144	0.1	100.0	[1]	{1}	6.954011868198557	5.285783416228376	5.285783416228376	0.0	0	330.1435150206089	169.8564849793911	1.0487680557883772	123	3	63	44.12257866522669	0.0	0	0	3
268	0.1	100.0	[2]	{2}	4.51392600501123	3.8817168940255415	3.8747997310076565	0.0	0	942.3645639326425	442.36456393264245	0.8167516212535773	227	111	169	96.14357607897924	1.6334735212785496	0	0	111
82	0.1	100.0	[1]	{0}	7.460053780605721	6.4076949676473784	6.4076949676473784	0.0	0	660.067922901362	160.06792290136195	0.4966395309477529	307	15	161	115.28644916560877	0.0	0	0	15
20	0.1	100.0	[3]	{1}	4.992705237795251	4.502480261774391	4.506247887067248	0.0	0	373.8074337597938	126.19256624020619	10.758786338294406	277	217	247	181.16632779694527	6.123607828533268	0	0	217
454	0.1	100.0	[1]	{2}	6.065918899671656	4.4933812668271305	4.4933812668271305	0.0	0	403.71780283749104	96.28219716250896	0.48273665417652756	83	1	42	31.412306817024938	0.0	0	0	1
393	0.1	100.0	[1]	{2}	7.623184833420035	6.233716762097949	6.233716762097949	0.0	0	815.8911331556736	315.89113315567363	1.414213562373095	5	3	4	1.7984354673773055	0.0	0	0	3
331	0.1	100.0	[3]	{0}	3.1846470120227184	2.596602556158446	2.516087102036249	0.0	0	841.0708443261685	341.0708443261685	0.13512484169824696	174	64	119	78.90555316631865	1.2568814014525997	0	0	64
207	0.1	100.0	[1]	{0}	2.722679803683186	2.4023857779317845	2.402385777931785	0.0	0	811.9319500401617	311.9319500401617	0.3133397807202561	10	0	5	3.8483402497991914	0.0	0	0	0
145	0.1	100.0	[1]	{2}	3.662041520245337	2.8447179979984596	2.8447179979984596	0.0	0	193.86948365718123	306.13051634281874	1.3138773634832615	25	7	16	10.485216901943089	0.0	0	0	7
269	0.1	100.0	[1]	{2}	8.637890904191037	7.3609912893429925	7.360991289342993	0.0	0	725.1213765703143	225.12137657031428	0.009124148357522649	83	1	42	28.713086962312452	0.0	0	0	1
21	0.1	100.0	[1]	{1}	3.8033710158748466	2.9547270145875313	2.9547270145875313	0.0	0	775.1549929380416	275.1549929380416	0.8783100656536799	6	4	5	3.2915350211858754	0.0	0	0	4
83	0.1	100.0	[2]	{0}	3.9553570606866377	3.4512933749981625	3.4470425995247145	0.0	0	552.982555236667	52.982555236667054	0.6594019893574494	238	20	129	95.00751769441	1.5495937873303323	0	0	20
455	0.1	100.0	[2]	{1}	9.711547328139659	8.127288411054701	8.224992714998745	0.0	0	423.8864218350502	76.11357816494979	3.7471311409709394	381	117	249	182.51416822810282	4.652883625629413	0	0	117
394	0.1	100.0	[1]	{0}	2.94423711329274	2.193083769865715	2.193083769865715	0.0	0	926.3030244037508	426.3030244037508	0.29856588514384014	72	2	37	20.06660624348373	0.0	0	0	2
332	0.1	100.0	[1]	{2}	0.8843946047421907	0.8119390564899993	0.8119390564899993	0.0	0	55.98686914891002	444.01313085108995	1.590021504049803	57	5	31	18.830592943616217	0.0	0	0	5
208	0.1	100.0	[1]	{0}	9.298913192758159	7.593026021358786	7.593026021358786	0.0	0	428.20960050448775	71.79039949551225	0.8294498780769519	121	9	65	47.58272480655834	0.0	0	0	9
146	0.1	100.0	[1]	{2}	3.3450151080032877	2.983175045397329	2.983175045397329	0.0	0	328.2090416178107	171.79095838218927	0.1044465935734187	10	2	6	4.027418083235622	0.0	0	0	2
270	0.1	100.0	[3]	{0}	1.3106009489989345	1.128720482070663	1.1118760331885784	0.0	0	224.72153510898343	275.2784648910166	2.24179415327122	77	37	57	39.87181065859646	1.0925931513475293	0	0	37
22	0.1	100.0	[1]	{1}	10.069782997554324	7.376788296836423	7.376788296836423	0.0	0	69.33922227472064	430.66077772527933	0.9885647291553835	40	4	22	12.136749111846092	0.0	0	0	4
84	0.1	100.0	[1]	{2}	9.144739146329156	7.337111503421273	7.337111503421273	0.0	0	912.9354567267002	412.9354567267002	1.8602520116620456	332	106	220	124.68990865465992	0.0	0	0	108
456	0.1	100.0	[1]	{0}	2.265556048843774	1.7356419045140192	1.7356419045140192	0.0	0	608.0875247716905	108.08752477169048	0.3372266367167312	37	5	21	16.22591247522831	0.0	0	0	5
395	0.1	100.0	[1]	{1}	10.687473676588699	7.976411406462	7.976411406462	0.0	0	26.73269342631096	473.26730657368904	nan	1	1	1	0.750732693426311	0.0	0	0	1
333	0.1	100.0	[1]	{0}	3.9950204814383055	2.774708593231254	2.774708593231254	0.0	0	762.0896655134859	262.0896655134859	0.2492241482207092	70	0	35	23.80593769318982	0.0	0	0	0
209	0.1	100.0	[2]	{1}	5.603573700679226	4.74253881723583	4.715963563359513	0.0	0	664.269250817597	164.26925081759703	0.26631613655048947	264	36	151	103.1411131592467	2.075955340146079	0	0	38
271	0.1	100.0	[1]	{2}	4.740416281525672	3.6663910878654833	3.6663910878654833	0.0	0	923.7162221688778	423.71622216887783	1.1339904884838015	122	10	66	40.16045911420508	0.0	0	0	10
147	0.1	100.0	[1]	{0}	2.5545518033052006	2.0002812130039773	2.0002812130039773	0.0	0	805.6220170110464	305.6220170110464	0.5383038926537049	118	2	60	38.37311931955814	0.0	0	0	2
23	0.1	100.0	[1]	{2}	3.5836385918942724	3.1436601333395084	3.1436601333395084	0.0	0	703.6237847059965	203.6237847059965	0.7720562299579172	69	5	37	25.37714809058607	0.0	0	0	5
457	0.1	100.0	[1]	{0}	2.1707940760118385	1.966743866543409	1.966743866543409	0.0	0	8.474878268316388	491.5251217316836	2.096994425580343	33	3	18	10.542547808829692	0.0	0	0	3
85	0.1	100.0	[2]	{1}	5.495337942563195	4.747545312797044	4.742758950101422	0.0	0	422.7175633423033	77.28243665769668	1.1236116358106925	295	31	163	117.90969541778799	2.0570233611331004	0	0	31
396	0.1	100.0	[1]	{1}	2.5918735423300574	2.2242422862283884	2.2242422862283884	0.0	0	718.245271127671	218.245271127671	0.3651483716701107	11	3	7	5.511754728872329	0.0	0	0	3
334	0.1	100.0	[1]	{2}	12.451110677588968	8.573021155385572	8.573021155385572	0.0	0	908.0291795544326	408.02917955443263	0.3616570858573976	34	0	17	8.558562306683509	0.0	0	0	0
210	0.1	100.0	[1]	{2}	2.1096789009261365	1.5478480940254125	1.5478480940254125	0.0	0	474.2509438656271	25.749056134372893	1.0073724010186291	42	4	23	17.236749056134375	0.0	0	0	4
148	0.1	100.0	[3]	{1}	5.595638078440768	4.586096666768357	4.586881876538271	0.0	0	498.6520607490094	1.3479392509905779	5.8251069396643445	246	116	181	136.08769327572915	3.7037526231123423	0	0	116
272	0.1	100.0	[1]	{1}	5.249906413355896	4.026381283255379	4.026381283255379	0.0	0	664.9997984059155	164.9997984059155	1.0246170089635476	68	2	35	23.803002620723102	0.0	0	0	2
24	0.1	100.0	[3]	{1}	8.82020335483784	7.0600233247816035	6.940619519627315	0.0	0	226.66887845844045	273.3311215415596	1.9067078992158903	311	71	191	131.02855672430252	3.0405827525095828	0	0	71
458	0.1	100.0	[3]	{1}	5.401300330168458	4.4402307456909265	4.374596063008929	0.0	0	406.1137354001404	93.8862645998596	4.947314000476058	233	73	153	114.48402361860127	3.2880536894500403	0	0	73
86	0.1	100.0	[1]	{0}	4.432402699823831	3.660190578685339	3.660190578685339	0.0	0	707.776437047869	207.77643704786897	0.019802950859533486	50	6	28	18.997129881329833	0.0	0	0	6
397	0.1	100.0	[1]	{1}	8.596598352897269	6.867401493284468	6.867401493284468	0.0	0	294.5484663359821	205.45153366401792	0.8315218406202999	20	2	11	7.2627423316799105	0.0	0	0	2
335	0.1	100.0	[2]	{1}	4.691755878676629	4.447023153871198	4.445866945741311	0.0	0	305.65827991813427	194.34172008186573	1.4827671985123871	306	82	193	130.62078178485478	2.1059383626678327	0	0	80
211	0.1	100.0	[1]	{2}	10.140820541404711	6.99055709755366	6.99055709755366	0.0	0	948.475301731378	448.47530173137795	0.16452254913212455	83	3	43	19.513562025550748	0.0	0	0	3
149	0.1	100.0	[1]	{1}	1.9052776498514319	1.5426235429149144	1.5426235429149144	0.0	0	900.6210924126209	400.6210924126209	0.1627352408689945	49	1	25	15.135714874509718	0.0	0	0	1
273	0.1	100.0	[1]	{2}	5.078571864609454	4.074783908756261	4.074783908756261	0.0	0	511.6691838484258	11.669183848425803	0.8520285562909669	83	11	47	36.18099244845473	0.0	0	0	11
25	0.1	100.0	[2]	{2}	2.0194241305893286	1.7926885527216758	1.7876496747040231	0.0	0	526.9181916955858	26.918191695585847	1.6627851979170782	132	16	74	56.94140043460578	0.9651299020654476	0	0	16
459	0.1	100.0	[1]	{0}	4.483537421467385	3.2145680960914556	3.2145680960914556	0.0	0	839.4162687473	339.4162687473	0.4927768398470326	42	4	23	15.128588506285102	0.0	0	0	4
87	0.1	100.0	[1]	{1}	12.458685757415836	9.5428699438439	9.5428699438439	0.0	0	434.0983666479586	65.90163335204142	1.1474269600992222	129	13	71	52.521475499719394	0.0	0	0	13
398	0.1	100.0	[3]	{1}	3.683247980207439	2.920320100515199	3.083111932906514	0.0	0	993.7971928156912	493.79719281569123	0.4516085474008213	201	147	174	87.09028845006975	2.8950810486852725	0	0	147
336	0.1	100.0	[1]	{2}	4.263269943392405	4.088700018814173	4.088700018814173	0.0	0	380.2433218806982	119.7566781193018	0.4083865350911996	299	65	182	124.40393150091165	0.0	0	0	65
212	0.1	100.0	[2]	{1}	2.765922922445111	2.5327632058550544	2.511516954163911	0.0	0	405.9234263841064	94.07657361589361	2.336497032193858	180	2	91	68.89121154887414	1.35439547493188	0	0	2
150	0.1	100.0	[1]	{2}	4.321428847332934	3.9420915914747128	3.9420915914747128	0.0	0	303.74105251394224	196.25894748605776	1.070725850912041	90	14	52	36.046785260334616	0.0	0	0	14
274	0.1	100.0	[3]	{0}	5.546158708047783	5.231142514757192	5.129775536284685	0.0	0	69.21441573649628	430.7855842635037	4.003096264442306	315	239	276	161.75731561939415	7.996559308936141	0	0	237
26	0.1	100.0	[1]	{0}	3.9730902976738642	3.379325152607461	3.3793251526074615	0.0	0	661.7142879404128	161.71428794041276	0.3803194146278324	62	0	31	22.327999984417104	0.0	0	0	0
460	0.1	100.0	[3]	{2}	6.138785664014762	5.49309953544272	5.468577758506375	0.0	0	427.2574258502573	72.74257414974272	10.41260541901316	310	218	264	197.00969307210667	7.253011592093268	0	0	218
88	0.1	100.0	[3]	{0}	1.4428345317048696	1.1784253885215588	1.1731199446279075	0.0	0	232.9084773082285	267.0915226917715	3.5622709518755467	100	38	69	47.07034584193862	0.7478161342404321	0	0	38
399	0.1	100.0	[3]	{1}	4.862771595623315	4.182013667013264	4.058979554891145	0.0	0	673.9941765554249	173.99417655542493	6.978515475749972	245	121	184	136.1962911722287	4.002323129610495	0	0	123
337	0.1	100.0	[1]	{0}	2.536598698442981	2.1183926562935604	2.1183926562935604	0.0	0	758.8902316056192	258.8902316056192	1.0590271297461937	79	13	45	30.813085599493238	0.0	0	0	11
213	0.1	100.0	[1]	{2}	6.9827347345101884	5.839486692499461	5.839486692499461	0.0	0	171.75325425341725	328.24674574658275	0.5698028822981898	32	4	18	9.139545559547843	0.0	0	0	4
151	0.1	100.0	[1]	{2}	10.243680611192822	9.053027915015354	9.053027915015356	0.0	0	757.8471759334207	257.84717593342066	0.3988526917569538	46	6	26	17.730750833198428	0.0	0	0	6
275	0.1	100.0	[1]	{1}	4.529124530169386	3.3201058790036746	3.3201058790036746	0.0	0	253.27913416549552	246.72086583450448	0.0	11	3	7	6.075720865834505	0.0	0	0	3
27	0.1	100.0	[1]	{2}	9.875664812405812	6.865589711395256	6.865589711395256	0.0	0	306.73581175506115	193.26418824493885	1.5634719199411433	21	5	13	8.34262230579555	0.0	0	0	5
461	0.1	100.0	[1]	{2}	4.067249892951162	3.305118127208212	3.305118127208212	0.0	0	317.3265284858645	182.67347151413549	0.4415031470273609	101	3	52	35.35822445577382	0.0	0	0	3
89	0.1	100.0	[1]	{0}	10.481976381404394	9.651001949192302	9.651001949192302	0.0	0	12.328882236033456	487.67111776396655	0.037623418091108626	375	125	250	126.77856279453631	0.0	0	0	125
400	0.1	100.0	[3]	{1}	5.1992923154920145	4.356798345805139	4.072714868808516	0.0	0	17.045106273144565	482.95489372685546	1.3326288816952976	211	23	117	63.630187221411624	1.974184538644842	0	0	23
338	0.1	100.0	[1]	{2}	4.917293390726062	4.841754166689276	4.841754166689276	0.0	0	890.3315789066255	390.3315789066255	0.3564468826296388	265	125	195	112.19565790227425	0.0	0	0	125
214	0.1	100.0	[1]	{2}	2.882196806999815	2.6878123219584946	2.6878123219584946	0.0	0	749.0560370497407	249.05603704974067	0.415258377718749	206	82	144	93.35093933173263	0.0	0	0	82
152	0.1	100.0	[2]	{1}	2.77638710231137	2.2864598376173033	2.3193355624882614	0.0	0	189.53098170459288	310.4690182954071	1.3042211367794414	163	67	115	73.97731933511797	1.037032528368569	0	0	67
276	0.1	100.0	[1]	{2}	4.655164979023635	4.551557509774549	4.551557509774549	0.0	0	235.2447977755219	264.7552022244781	0.6458471840288776	316	154	235	146.5926107128393	0.0	0	0	154
28	0.1	100.0	[1]	{2}	6.792526169717577	5.999440214988017	5.999440214988017	0.0	0	12.971878051757784	487.0281219482422	0.9827076298239908	20	0	10	3.5277187805175787	0.0	0	0	0
462	0.1	100.0	[1]	{1}	8.356683513771737	7.12507410760295	7.125074107602951	0.0	0	765.3052096720786	265.3052096720786	0.8684857671594788	345	67	206	135.95211435574657	0.0	0	0	67
90	0.1	100.0	[1]	{0}	3.515957114663637	3.043663274493448	3.043663274493448	0.0	0	587.7349469810724	87.73494698107243	0.5892071585679374	216	30	123	89.9923488703817	0.0	0	0	30
401	0.1	100.0	[3]	{0}	1.0938875293109491	0.9201517980503144	0.8812622830845642	0.0	0	266.65453636087466	233.34546363912534	0.9777750027710649	55	9	32	22.247545363608747	0.6534337744708325	0	0	9
339	0.1	100.0	[3]	{1}	1.5655104443932546	1.2642583788603392	1.3295048845300979	0.0	0	927.1051357500256	427.1051357500256	3.383930968610748	105	67	86	48.04458913999794	1.3957409172786701	0	0	67
215	0.1	100.0	[3]	{0}	7.4014112346444865	6.415125563112187	6.551172894237412	0.0	0	934.89998835139	434.89998835139	3.805860024968404	365	253	309	173.5893030635843	8.313740153411533	0	0	253
153	0.1	100.0	[1]	{1}	3.1459349782579213	2.454679555425522	2.454679555425522	0.0	0	140.43746143579477	359.5625385642052	1.0474783455297496	89	3	46	28.83199876594543	0.0	0	0	3
277	0.1	100.0	[1]	{0}	5.0096500159014345	3.5202064227541445	3.5202064227541445	0.0	0	422.40932909771794	77.59067090228206	1.6686262989328067	70	12	41	30.524227987293163	0.0	0	0	12
29	0.1	100.0	[1]	{2}	2.2727433216765505	2.034185204129745	2.034185204129745	0.0	0	37.56791772320869	462.43208227679133	2.838540107435593	56	18	37	17.109877120312298	0.0	0	0	18
463	0.1	100.0	[2]	{0}	3.045392322308685	2.922135115153796	2.918241480489357	0.0	0	556.7117268219587	56.71172682195868	0.3356718867129702	240	26	133	94.98503414725515	1.4642019249901934	0	0	26
91	0.1	100.0	[2]	{1}	3.4129417873262105	2.713707576355449	2.700570647763418	0.0	0	223.1418776791544	276.8581223208456	0.016294123891261475	143	11	77	51.29523576163688	1.041549792704588	0	0	11
402	0.1	100.0	[2]	{1}	3.7174439624027276	3.5285771946572773	3.47303945596044	0.0	0	744.0828091930601	244.08280919306014	1.3430510742189326	245	89	167	105.26033648314508	1.8418539361774156	0	0	89
216	0.1	100.0	[1]	{2}	2.07862648441095	1.8948238140062843	1.8948238140062843	0.0	0	186.75519945099944	313.24480054900056	0.619367728911011	111	23	67	37.813556767608965	0.0	0	0	23
340	0.1	100.0	[2]	{1}	6.317684197922707	5.339515827634777	5.600686316483328	0.0	0	96.53075481764984	403.46924518235016	1.012698725129616	361	249	305	166.73751116157138	3.089156229446239	0	0	249
154	0.1	100.0	[1]	{2}	10.319599637550898	7.617989785970002	7.617989785970002	0.0	0	558.0296306870877	58.02963068708766	nan	1	1	1	0.6130296306870877	0.0	0	0	1
278	0.1	100.0	[2]	{2}	4.722190938913706	3.558095112303457	3.5785418309916412	0.0	0	352.0813824143261	147.91861758567393	1.7171691677697094	199	31	115	83.34468561967282	1.355675875992909	0	0	31
30	0.1	100.0	[1]	{1}	3.8687393116466815	2.7691460426393624	2.769146042639363	0.0	0	949.7193470597268	449.71934705972683	0.9311230599144447	48	0	24	13.500613058805465	0.0	0	0	0
464	0.1	100.0	[1]	{1}	2.872519462082911	2.152949297475922	2.152949297475922	0.0	0	782.6750935055315	282.67509350553155	0.18212952314801398	33	3	18	12.59289887793362	0.0	0	0	3
92	0.1	100.0	[3]	{0}	2.3993914183385048	2.1231937289938454	2.001196748864323	0.0	0	192.6192406099289	307.3807593900711	3.7954895097771217	154	68	111	76.66834278988655	2.010117532199969	0	0	68
403	0.1	100.0	[1]	{0}	4.402710660207007	4.025722492967607	4.025722492967607	0.0	0	776.9613612908868	276.96136129088677	1.2053459738786645	223	23	123	78.12090250962046	0.0	0	0	23
217	0.1	100.0	[1]	{2}	6.805653643456244	5.227621502294685	5.227621502294685	0.0	0	46.24924901872871	453.75075098127127	0.7958931749587667	36	6	21	9.935735731355843	0.0	0	0	6
341	0.1	100.0	[1]	{1}	5.9142283013523835	5.716343324957541	5.716343324957541	0.0	0	986.2308516167108	486.23085161671077	0.22013386907133645	256	22	139	74.00337332851065	0.0	0	0	22
155	0.1	100.0	[1]	{2}	1.1804239565471422	0.9903217844864927	0.9903217844864927	0.0	0	553.466510027647	53.46651002764702	0.0	7	3	5	4.289533489972353	0.0	0	0	3
279	0.1	100.0	[3]	{0}	2.6611703178650803	1.954142649289763	2.148644326625499	0.0	0	929.8228481784462	429.8228481784462	0.9094860280206811	139	69	104	59.50023505665361	1.6746486159379215	0	0	69
31	0.1	100.0	[1]	{0}	6.100004601197003	4.765269906159461	4.765269906159461	0.0	0	103.27573283575477	396.72426716424525	0.07559289460184544	20	6	13	8.240930129850282	0.0	0	0	6
465	0.1	100.0	[3]	{1}	4.073396143382212	3.518961842076733	3.579994566601772	0.0	0	624.2740924935788	124.27409249357879	8.83851446277434	252	176	213	153.0908948779944	4.690693494399692	0	0	174
93	0.1	100.0	[1]	{1}	9.27784666256258	6.352505366999859	6.352505366999859	0.0	0	113.8439700007439	386.15602999925613	0.0	5	1	3	2.7168439700007436	0.0	0	0	1
404	0.1	100.0	[3]	{1}	4.5205740023518715	3.9205658871777858	3.9182720625755985	0.0	0	531.0135928448292	31.01359284482919	9.26245001266696	263	175	218	162.8401087427587	4.296694397764656	0	0	173
342	0.1	100.0	[3]	{1}	1.5652373994770727	1.4943534947304837	1.4190594318742302	0.0	0	9.824425680562964	490.17557431943703	0.4874455556740958	126	92	110	56.69074027077855	2.1146573714626875	0	0	94
218	0.1	100.0	[1]	{0}	5.083086109508738	4.3803909130498475	4.3803909130498475	0.0	0	705.2375876810404	205.2375876810404	0.6330533968472268	170	6	88	62.98539719420671	0.0	0	0	6
156	0.1	100.0	[1]	{2}	3.0099011772652093	2.693966228633977	2.693966228633977	0.0	0	365.4752948787064	134.5247051212936	0.9418698161928047	173	11	91	64.96009180808628	0.0	0	0	9
280	0.1	100.0	[1]	{0}	2.8093688005409607	2.293860052431598	2.2938600524315986	0.0	0	822.586325928569	322.58632592856895	1.1560095746667123	28	10	19	11.626377762928604	0.0	0	0	10
32	0.1	100.0	[1]	{1}	2.331781941606468	2.1157920246629116	2.1157920246629116	0.0	0	953.4018894191834	453.40188941918336	1.4838816536047483	29	3	16	8.387373548131432	0.0	0	0	3
94	0.1	100.0	[3]	{2}	1.9313387031059293	1.3981926970964893	1.5395692694762624	0.0	0	20.372714381664963	479.627285618335	1.822960062920595	101	63	82	44.88656257929651	1.0232853433004083	0	0	63
466	0.1	100.0	[2]	{1}	4.711230531099752	3.546758368742143	3.602138838235266	0.0	0	97.04014193266636	402.95985806733364	0.1301384922599844	186	22	104	62.97037192234398	1.3839577820350188	0	0	22
405	0.1	100.0	[3]	{2}	2.238341619074376	1.8938533580746524	1.8314294311641344	0.0	0	21.631550509482597	478.3684494905174	0.5038765701037059	123	37	81	43.21462938923017	1.3518791379685553	0	0	39
343	0.1	100.0	[1]	{2}	1.2938642789914983	1.1932096276543966	1.1932096276543966	0.0	0	334.22573260031646	165.77426739968354	0.7244766760203383	81	9	45	30.791803571412338	0.0	0	0	9
281	0.1	100.0	[3]	{2}	0.9820715783040119	0.7343159972132371	0.746938051810295	0.0	0	881.5749159548433	381.5749159548433	1.0551811494073027	47	19	33	18.720477269219234	0.11615378204851085	0	0	19
219	0.1	100.0	[2]	{1}	2.4682762915325123	2.403000356857895	2.39154469433401	0.0	0	643.0228529497983	143.02285294979833	2.4565817004108883	209	53	131	89.813051969476	1.2375032763816356	0	0	53
157	0.1	100.0	[1]	{1}	2.595504040880503	2.2261498758669926	2.226149875866992	0.0	0	317.3197540454567	182.6802459545433	0.18862329556044632	67	5	36	27.86119754045457	0.0	0	0	5
33	0.1	100.0	[3]	{1}	5.249684085474449	4.465627684791567	4.470314496955998	0.0	0	374.3590670637789	125.64093293622108	7.743605747060009	281	155	217	160.37172174961503	4.301714689185412	0	0	153
95	0.1	100.0	[2]	{1}	2.6270662903855313	2.1275015044249734	2.0303021825364516	0.0	0	87.45563263073575	412.54436736926425	2.7399668136073583	118	12	65	37.3725034683831	0.9523784155745608	0	0	12
467	0.1	100.0	[1]	{2}	2.3952392623611347	1.935463274063244	1.935463274063244	0.0	0	235.70448998361832	264.2955100163817	0.6546536707079772	20	6	13	7.853340409852564	0.0	0	0	6
406	0.1	100.0	[2]	{0}	2.258590865157906	1.8237350712993217	1.8557179328911637	0.0	0	887.9552111029623	387.95521110296227	0.673260724251188	132	60	96	50.250941422939306	0.808862072398159	0	0	60
344	0.1	100.0	[1]	{1}	3.1225680923189634	2.4133271614971634	2.413327161497164	0.0	0	513.755681924522	13.755681924522037	1.1254628677422753	44	0	22	14.529511363849045	0.0	0	0	0
220	0.1	100.0	[1]	{2}	2.6569644573505937	2.144849303784843	2.144849303784843	0.0	0	93.2266716845334	406.7733283154666	1.3015105578671236	141	31	86	46.74922704802456	0.0	0	0	31
158	0.1	100.0	[3]	{0}	4.817841993141329	4.034901543545509	4.042402621845026	0.0	0	490.0843871291727	9.915612870827317	5.458337077638306	247	113	180	135.52340077626712	4.188660661687033	0	0	113
34	0.1	100.0	[2]	{0}	1.3432905507576964	1.1517447903477007	1.1486908151159925	0.0	0	527.9209595173597	27.920959517359734	0.5400530735673738	97	1	49	37.09124065978826	0.5864248477730839	0	0	1
282	0.1	100.0	[2]	{2}	7.551994225836392	7.075330282431141	7.073481333433875	0.0	0	213.79907405935236	286.2009259406476	1.1337505919764224	414	222	318	190.99111481028066	3.3039445385289397	0	0	222
96	0.1	100.0	[2]	{2}	4.046941041237153	3.4754865428886665	3.3539547699929892	0.0	0	992.3840174451472	492.38401744514715	0.8221891186920537	200	88	144	77.64870148789879	1.577307396734627	0	0	88
407	0.1	100.0	[3]	{0}	6.6589666119982125	6.061927919902875	6.100484502810747	0.0	0	652.6536894962189	152.65368949621893	12.060605639287578	362	286	324	236.65063105037808	9.102651856762655	0	0	286
468	0.1	100.0	[2]	{2}	10.431025686598133	9.583483388762097	9.689886647432163	0.0	0	122.0996619667858	377.9003380332142	0.5155580959144761	483	311	397	228.9219678290132	4.755938142561166	0	0	311
345	0.1	100.0	[3]	{0}	8.261125953648495	6.2351727238312495	6.390403408049476	0.0	0	216.83048736304028	283.1695126369597	0.7568923666079953	286	54	170	109.49601458466057	2.104661503961738	0	0	54
159	0.1	100.0	[1]	{0}	5.7460188394435985	4.6229247172887575	4.6229247172887575	0.0	0	234.05536590144035	265.9446340985596	0.1993912885796528	82	12	47	35.98416268393025	0.0	0	0	12
221	0.1	100.0	[1]	{1}	7.674921429160051	7.0777431345145825	7.0777431345145825	0.0	0	818.747499957681	318.74749995768104	1.3132938184110592	308	66	187	115.53761250613626	0.0	0	0	66
35	0.1	100.0	[3]	{0}	3.7534615507534106	2.842764794748698	3.0514732586755455	0.0	0	139.0150042716412	360.9849957283588	3.583519073720959	195	119	157	99.04578550832524	2.469180584423648	0	0	119
283	0.1	100.0	[2]	{0}	2.1555240394387485	1.7643482282711127	1.764507329176447	0.0	0	513.3138035889714	13.313803588971382	0.6657470377233529	140	12	76	58.252075463619086	0.6986953809952936	0	0	12
97	0.1	100.0	[1]	{1}	0.59778682513724	0.5633291748215262	0.5633291748215262	0.0	0	982.8076348640028	482.8076348640028	1.0774960475223583	35	9	22	13.756847302719944	0.0	0	0	9
408	0.1	100.0	[1]	{0}	12.488370378326884	8.36031568882457	8.36031568882457	0.0	0	58.27724095433945	441.72275904566055	1.7320508075688774	5	1	3	2.7848317228630184	0.0	0	0	1
469	0.1	100.0	[3]	{2}	4.065952587625418	3.2787059074285443	3.217477374707989	0.0	0	8.504435420036287	491.4955645799637	1.9736182589548157	196	56	125	59.70104555666442	1.4686794337980282	0	0	54
346	0.1	100.0	[2]	{1}	2.5918135311951183	2.1431533099495024	2.1507023660358415	0.0	0	738.0182018969211	238.01820189692114	1.4943502624106964	139	15	77	50.40792608808163	0.8865118978734187	0	0	15
160	0.1	100.0	[2]	{2}	3.447297652223334	3.3201595676021567	3.2549248501327965	0.0	0	740.3092836029829	240.30928360298287	0.6096600579874569	242	106	174	109.18118465308099	1.8027375193545134	0	0	106
284	0.1	100.0	[3]	{1}	4.232007835036168	3.5676213093551583	3.5266520119161244	0.0	0	18.08423874899753	481.9157612510025	0.14861235539904252	226	98	163	82.4325624385886	2.9061824852396034	0	0	100
36	0.1	100.0	[1]	{1}	1.6419090899933084	1.398341508424136	1.398341508424136	0.0	0	683.1301422789695	183.13014227896952	0.30215244688586396	99	19	59	40.046143597446374	0.0	0	0	19
222	0.1	100.0	[2]	{2}	4.453764103258352	3.86317388164598	3.8629012029830188	0.0	0	501.3260857667775	1.3260857667775099	0.6339959068982989	240	18	129	99.19945643250828	1.8416458685641242	0	0	18
98	0.1	100.0	[3]	{0}	8.085639101237476	6.643124756508097	6.8349338078165385	0.0	0	864.247476449236	364.24747644923605	4.715655472283276	324	192	258	162.43196938044213	6.692225780117333	0	0	192
470	0.1	100.0	[3]	{0}	3.3435937455189615	2.9730022436845323	2.780541100071537	0.0	0	825.9034762158992	325.9034762158992	3.891506369843553	172	46	109	73.83857138001171	2.7733127857156865	0	0	46
409	0.1	100.0	[2]	{0}	3.227912428164938	2.9243336019706643	2.921243726573124	0.0	0	477.5705235078931	22.429476492106915	0.949572827826856	204	8	106	80.71492230743173	1.4450470985705106	0	0	8
161	0.1	100.0	[3]	{2}	2.3672215594997037	1.9704043661456223	2.092015985220965	0.0	0	133.18899879232043	366.81100120767957	5.893608460837483	170	144	157	94.6372468514554	2.8643360704672887	0	0	144
37	0.1	100.0	[1]	{0}	7.251400178435054	5.028030145457114	5.028030145457114	0.0	0	438.1354842334986	61.86451576650143	0.13805369799252667	59	5	32	24.194812905400997	0.0	0	0	5
223	0.1	100.0	[1]	{0}	4.902434598437358	3.8681666199493567	3.868166619949357	0.0	0	97.63125283643606	402.36874716356397	1.3759929663180128	21	5	13	8.621943781200798	0.0	0	0	5
347	0.1	100.0	[2]	{0}	11.373981594694875	9.835720197229342	10.38621614239192	0.0	0	888.9059592038392	388.9059592038392	3.106906147837364	496	402	449	249.41053158314537	6.114724213432986	0	0	402
285	0.1	100.0	[2]	{1}	3.567979817465779	3.2001589727756157	3.2729125565645	0.0	0	23.10466556809845	476.8953344319016	1.3342923638445365	251	203	227	116.49434042168603	1.6414793589924603	0	0	203
471	0.1	100.0	[3]	{0}	3.3302170956862573	3.085874990534018	3.072866031933967	0.0	0	544.8780797887595	44.878079788759464	10.82790004324352	240	192	217	163.46639039894387	4.891499015090481	0	0	194
99	0.1	100.0	[1]	{0}	4.6752518665622675	3.990765472836721	3.9907654728367215	0.0	0	579.3407775927336	79.34077759273362	0.46185467387887713	203	5	104	79.36154755851625	0.0	0	0	5
410	0.1	100.0	[1]	{1}	3.784972386616281	3.351229994484341	3.351229994484341	0.0	0	626.6203268896788	126.62032688967884	0.9247570296042388	112	12	63	44.679732481537386	0.0	0	0	14
162	0.1	100.0	[3]	{1}	2.1859892333966386	2.0385666402029097	2.037898206953769	0.0	0	456.4541920553894	43.5458079446106	10.011493418416956	160	144	152	114.0148167682216	3.2026003723038614	0	0	144
348	0.1	100.0	[3]	{2}	4.639843662877404	3.5870876976478914	3.6364244538464923	0.0	0	849.5234032161534	349.5234032161534	1.2554354600206141	198	32	115	71.74660433949158	1.3934880247016286	0	0	32
38	0.1	100.0	[1]	{0}	4.083281755919959	3.268133411979793	3.268133411979793	0.0	0	801.3027124106883	301.3027124106883	0.2720363855560753	30	2	16	11.211367451071741	0.0	0	0	2
224	0.1	100.0	[3]	{1}	4.785014974288414	3.968670381507422	3.8689320372390266	0.0	0	786.0016939230266	286.00169392302655	4.066620844139363	239	79	158	105.35487464969601	2.590099856170724	0	0	77
286	0.1	100.0	[1]	{0}	3.3412023445152816	2.6718259390896866	2.6718259390896866	0.0	0	44.525571167469	455.474428832531	0.033389028164708894	22	0	11	5.5517812828421595	0.0	0	0	0
472	0.1	100.0	[1]	{1}	9.281631895336284	7.23319325433242	7.23319325433242	0.0	0	98.76134572550654	401.23865427449346	1.4090212567602984	40	8	24	17.161226914510127	0.0	0	0	8
100	0.1	100.0	[1]	{1}	5.976233258936082	5.605261930099017	5.605261930099017	0.0	0	619.647062616423	119.647062616423	0.21739746882470057	337	57	198	134.58094047857824	0.0	0	0	59
411	0.1	100.0	[2]	{0}	4.72268970996031	3.6639780067110674	3.7634187298097492	0.0	0	49.50225260108687	450.49774739891313	0.5184601286283986	220	90	155	81.02084014276413	1.6228091030806415	0	0	90
39	0.1	100.0	[1]	{1}	5.065667535784937	3.903847705639423	3.9038477056394223	0.0	0	837.5413734465839	337.54137344658386	0.31008683647302115	23	3	13	8.90129313276708	0.0	0	0	3
225	0.1	100.0	[1]	{2}	12.197406080034309	8.573145978353987	8.573145978353985	0.0	0	670.1246872544289	170.12468725442886	1.1188258203333636	141	9	76	56.84775562942029	0.0	0	0	11
163	0.1	100.0	[2]	{0}	8.324075564487664	7.7792973572722826	7.663725943327437	0.0	0	361.46147758699954	138.53852241300046	4.544145472668821	417	11	213	147.36183403981275	4.33590677358124	0	0	9
349	0.1	100.0	[2]	{1}	2.369256429114327	2.1285019995812524	2.079707408929959	0.0	0	213.83471856825068	286.16528143174935	1.9546443592735476	153	35	94	65.50111635973306	1.0655911111474756	0	0	35
287	0.1	100.0	[1]	{2}	5.859415435908518	4.744739556732383	4.744739556732383	0.0	0	832.9197824932635	332.9197824932635	1.6136184033378025	68	0	34	22.152764785148207	0.0	0	0	0
473	0.1	100.0	[1]	{2}	1.1813075955222538	0.9000091946026536	0.9000091946026536	0.0	0	432.6741592958569	67.3258407041431	0.9761870601839528	16	0	8	6.227696637183428	0.0	0	0	0
101	0.1	100.0	[1]	{1}	4.5320286360467605	4.1570660434257665	4.1570660434257665	0.0	0	97.49523550271992	402.50476449728006	0.5449492609130661	21	5	13	7.004438061535359	0.0	0	0	5
412	0.1	100.0	[1]	{0}	16.367220078596308	11.892261554378782	11.892261554378784	0.0	0	485.60083331540216	14.399166684597844	0.08119979429411502	12	2	7	5.543600833315402	0.0	0	0	2
40	0.1	100.0	[1]	{2}	3.8983453954799177	3.2080797120589213	3.2080797120589213	0.0	0	526.1684451252223	26.16844512522232	0.1914541927278812	78	6	42	31.58031554874778	0.0	0	0	6
164	0.1	100.0	[3]	{2}	4.145257136577068	3.7356154020264736	3.819362770121076	0.0	0	763.0136772058905	263.01367720589053	8.321558606812264	232	200	216	142.7213040264696	6.001773839886237	0	0	200
350	0.1	100.0	[1]	{0}	16.673557474845598	13.004943068978934	13.004943068978934	0.0	0	892.2255211509763	392.2255211509763	1.4289915348674005	16	2	9	6.421970309641213	0.0	0	0	2
288	0.1	100.0	[1]	{1}	7.495947682349329	5.597292053977104	5.597292053977104	0.0	0	756.5045785158871	256.50457851588715	0.8819620983110005	41	7	24	16.483926743745805	0.0	0	0	7
226	0.1	100.0	[2]	{1}	6.1027150579808005	5.294983369209613	5.480509606827653	0.0	0	154.95846071280545	345.04153928719455	1.4130817844749832	326	220	273	159.55840748176524	2.9668445481447683	0	0	220
474	0.1	100.0	[2]	{1}	1.5825471068832087	1.2076043882300376	1.2016596458347526	0.0	0	94.12603080272685	405.87396919727314	0.8226127456606227	83	3	43	27.096654893279077	0.4250328617019617	0	0	3
102	0.1	100.0	[3]	{0}	4.9813505710074555	4.77975032954968	4.77449438492374	0.0	0	729.8613351304086	229.86133513040863	12.344068793162556	309	273	292	205.30108512487263	8.330717372031444	0	0	275
413	0.1	100.0	[1]	{1}	3.014611838191991	2.367302347570476	2.367302347570476	0.0	0	906.6369696520272	406.63696965202723	0.43569158873431	99	9	54	30.37869939600675	0.0	0	0	9
165	0.1	100.0	[1]	{0}	7.6821374353533525	5.477460732125149	5.477460732125149	0.0	0	197.64607539400455	302.3539246059954	0.8746513428251533	86	16	51	32.34302833721413	0.0	0	0	16
41	0.1	100.0	[1]	{2}	11.678780864778986	9.188711838991782	9.188711838991782	0.0	0	901.9232257269324	401.9232257269324	0.2263575256242732	131	1	66	42.12037806801499	0.0	0	0	1
289	0.1	100.0	[1]	{2}	7.8925204731924525	7.178163267145639	7.178163267145639	0.0	0	196.7275771312416	303.27242286875844	0.764093177458341	29	3	16	9.928730925574902	0.0	0	0	3
351	0.1	100.0	[2]	{1}	3.384361174832218	3.2138994471224667	3.2563166657001363	0.0	0	238.3015183731915	261.69848162680853	2.245930431451317	230	116	173	111.14194142133749	1.7262203911695635	0	0	116
227	0.1	100.0	[1]	{0}	4.819966801300589	4.203230511974715	4.203230511974715	0.0	0	477.5372424628585	22.4627575371415	2.1010406610288346	198	30	114	83.3603724246286	0.0	0	0	30
475	0.1	100.0	[1]	{1}	4.498303147694866	4.366181501884105	4.366181501884104	0.0	0	802.7111918199809	302.71119181998085	0.597339458219713	172	8	90	62.27417325808108	0.0	0	0	8
103	0.1	100.0	[2]	{0}	2.3826015252308355	2.079926868209557	2.060209406669459	0.0	0	669.2009640391918	169.20096403919183	1.0501057126413549	149	37	92	61.67553058917818	0.9854414407320256	0	0	35
414	0.1	100.0	[3]	{2}	3.3146752334701444	3.0939603327565455	2.975302283978371	0.0	0	131.88118441030375	368.1188155896963	3.8386968127658876	174	104	139	85.97242541251701	4.236703148732344	0	0	104
42	0.1	100.0	[1]	{2}	6.197750362960934	4.5263509863337354	4.5263509863337354	0.0	0	441.9659029226751	58.03409707732487	1.1216045532624308	102	8	55	39.34555673799478	0.0	0	0	8
290	0.1	100.0	[3]	{2}	1.2320354574248265	1.0074354732190705	1.0091221824631724	0.0	0	418.2515465654433	81.74845343455672	2.818475212062083	79	33	56	41.70403711757063	0.7013976344746096	0	0	33
166	0.1	100.0	[1]	{2}	3.8749818945370516	3.0550629308845583	3.0550629308845583	0.0	0	871.7831696849317	371.78316968493175	1.140791378330049	170	42	106	64.04378008583559	0.0	0	0	42
352	0.1	100.0	[1]	{0}	5.633078540305146	4.571308017487582	4.571308017487582	0.0	0	409.7670228220524	90.23297717794759	0.9051336018343649	50	8	29	21.58376702282205	0.0	0	0	8
228	0.1	100.0	[1]	{2}	3.232147102262131	2.5942323806035437	2.594232380603543	0.0	0	23.36953603662553	476.6304639633745	0.5177693563576148	89	3	46	22.025998657684774	0.0	0	0	3
476	0.1	100.0	[1]	{0}	9.317850550318946	7.0302890856325515	7.03028908563255	0.0	0	916.7359233833848	416.73592338338483	0.5437272478270369	40	4	21	12.00601745571569	0.0	0	0	2
415	0.1	100.0	[1]	{1}	4.779912058840713	3.2951480320148727	3.2951480320148727	0.0	0	168.63612364977604	331.36387635022396	0.4472135954999579	4	0	2	1.6070000000000002	0.0	0	0	0
104	0.1	100.0	[1]	{0}	10.69115993861401	9.127153490244488	9.127153490244488	0.0	0	540.4522763565184	40.45227635651838	2.060480097281339	41	11	26	18.75219089457393	0.0	0	0	11
291	0.1	100.0	[3]	{0}	3.2136622955940126	2.7568737941442105	2.7718148702195675	0.0	0	447.77686009183526	52.22313990816474	7.75683124748053	183	121	152	111.60541324312246	3.1786458727095535	0	0	121
167	0.1	100.0	[1]	{2}	5.739663058709686	4.073199920407694	4.073199920407694	0.0	0	836.3559767603875	336.35597676038753	0.8571428571428571	13	1	7	4.637508162677287	0.0	0	0	1
43	0.1	100.0	[1]	{0}	5.099335610547699	3.522471259140944	3.522471259140944	0.0	0	357.9811304807662	142.01886951923382	0.06095219666786235	37	3	20	15.430849043846129	0.0	0	0	3
353	0.1	100.0	[1]	{1}	5.283189238679619	4.237758412444326	4.237758412444326	0.0	0	534.7885240335017	34.788524033501744	1.6317273430107821	156	20	89	66.95878852403354	0.0	0	0	22
229	0.1	100.0	[3]	{1}	3.362639991046522	2.6301889269089536	2.807432519341589	0.0	0	832.2986911516639	332.2986911516639	3.4257976065277354	203	129	166	106.30136491489036	2.8170065778622444	0	0	129
416	0.1	100.0	[3]	{0}	9.157308967267035	8.24806929063001	7.613249650285304	0.0	0	858.457915717736	358.457915717736	4.339019096164913	334	100	217	144.55000301820226	7.733117375007739	0	0	100
477	0.1	100.0	[2]	{1}	3.668382662877607	2.9233159471864356	2.8921840270628336	0.0	0	731.616389937699	231.61638993769895	0.09491801876369961	187	1	94	60.64138714461027	1.1924042548922495	0	0	1
105	0.1	100.0	[1]	{2}	9.227219864424884	7.788696440383884	7.788696440383884	0.0	0	831.1262601055205	331.1262601055205	1.1466109283530224	364	118	241	144.57435911773516	0.0	0	0	118
292	0.1	100.0	[3]	{0}	2.775174717351215	2.2940698809919597	2.3702951073915344	0.0	0	396.8593443278223	103.14065567217767	6.79433081501827	163	103	133	95.86285738130844	3.0503540697681943	0	0	103
44	0.1	100.0	[1]	{2}	4.090360645029852	3.3228964469260185	3.3228964469260185	0.0	0	55.44032994657749	444.5596700534225	0.3333333333333333	14	4	9	4.211962969519198	0.0	0	0	4
168	0.1	100.0	[2]	{0}	5.402649223398049	5.072515090927007	4.876781933836801	0.0	0	30.93631542287756	469.06368457712244	0.03584511452788345	284	154	219	119.02518044676441	2.5927421461945936	0	0	154
230	0.1	100.0	[1]	{0}	5.85867899246706	4.812632217854834	4.812632217854834	0.0	0	707.1138978935778	207.1138978935778	0.6924741724573412	54	6	30	21.82940542948991	0.0	0	0	6
354	0.1	100.0	[2]	{2}	5.048324446689295	4.853264977593183	4.845534332234919	0.0	0	426.9167357124389	73.08326428756112	1.6698428159154683	352	2	177	123.35592833540217	2.4271507085960162	0	0	2
478	0.1	100.0	[1]	{0}	4.324709891133896	4.009548296611605	4.009548296611605	0.0	0	253.60362464562053	246.39637535437947	0.5096471914376256	29	3	16	10.162243495747449	0.0	0	0	3
417	0.1	100.0	[3]	{0}	14.268155718835864	12.963697874446822	12.851210299491989	0.0	0	631.9733606651425	131.97336066514254	13.734799656265032	493	355	423	311.863891392775	18.05309869661959	0	0	353
106	0.1	100.0	[1]	{1}	3.6611722204581056	3.2168696389188813	3.2168696389188813	0.0	0	409.7252243664118	90.2747756335882	0.5229577884350213	63	1	32	24.29915314112977	0.0	0	0	1
293	0.1	100.0	[3]	{0}	2.3044139909697248	1.7580377163921281	1.7501907734294462	0.0	0	753.936330555007	253.93633055500698	0.665650898595098	101	11	55	37.119846413904796	0.20594346376818695	0	0	9
45	0.1	100.0	[3]	{0}	2.2396677537327525	1.809876473831197	1.7830261098161269	0.0	0	355.3752994630485	144.62470053695148	2.7518159484039897	120	32	76	53.328256588187074	1.0118578072095414	0	0	32
231	0.1	100.0	[2]	{0}	2.4428817298772323	2.03538799795366	2.0357247986612297	0.0	0	275.9350955020637	224.0649044979363	1.189826153061784	134	42	88	59.583846112132065	0.8157870727720963	0	0	42
169	0.1	100.0	[1]	{0}	8.5880755671412	7.735801198402902	7.735801198402902	0.0	0	310.98433164879674	189.01566835120326	0.7778403487581836	378	74	226	151.36402301327135	0.0	0	0	74
355	0.1	100.0	[1]	{1}	1.7468892233638045	1.5532943280385867	1.5532943280385867	0.0	0	57.48615111224361	442.5138488877564	1.9355850970282817	110	68	89	49.1632951467652	0.0	0	0	68
479	0.1	100.0	[3]	{0}	5.445551520648208	4.8119805646513365	4.793201717166345	0.0	0	371.8103633727879	128.1896366272121	9.26795597074957	309	197	254	185.60682906982316	5.818797325169859	0	0	199
418	0.1	100.0	[1]	{2}	8.794936375828932	8.25750824667313	8.25750824667313	0.0	0	635.8162451069802	135.8162451069802	0.2554454404166171	409	53	230	160.62723833181337	0.0	0	0	51
107	0.1	100.0	[1]	{2}	7.1405627969328895	6.30154521376052	6.30154521376052	0.0	0	793.3644040022045	293.36440400220454	0.15833959887352428	335	107	221	142.1488564515877	0.0	0	0	107
294	0.1	100.0	[3]	{2}	1.3565825468048487	1.0533470455602205	1.162332623049332	0.0	0	995.644616195932	495.64461619593203	2.8652059749665986	81	65	73	37.38094301769697	1.3790522390545914	0	0	65
46	0.1	100.0	[1]	{1}	3.199173841426773	2.461975590166271	2.461975590166271	0.0	0	855.5921423248947	355.59214232489467	1.091089451179962	8	4	6	3.665447146050632	0.0	0	0	4
232	0.1	100.0	[1]	{1}	7.525898370382626	5.116622744916265	5.116622744916266	0.0	0	706.5435168333353	206.54351683333527	0.6452473060939544	61	11	36	25.000216696999964	0.0	0	0	11
356	0.1	100.0	[1]	{0}	2.490463091294752	2.0452026803346195	2.045202680334619	0.0	0	366.7051107622682	133.2948892377318	0.29277002188455997	9	1	5	4.551294889237731	0.0	0	0	1
170	0.1	100.0	[1]	{1}	4.894471776404501	4.344756365507003	4.344756365507003	0.0	0	427.1633520256729	72.8366479743271	0.6279089280329754	124	4	64	47.28298011215405	0.0	0	0	4
480	0.1	100.0	[1]	{2}	6.384514669599296	4.816895499576667	4.816895499576667	0.0	0	688.1586178205908	188.15861782059085	1.3099890948292008	31	3	17	12.952158617820592	0.0	0	0	3
419	0.1	100.0	[3]	{0}	8.083274529417128	7.752166581104962	7.7046158998943515	0.0	0	613.7560044880954	113.75600448809541	16.05616937303996	459	397	428	311.54156767685726	13.555285924183053	0	0	397
108	0.1	100.0	[1]	{2}	4.940312936683249	4.018755609133809	4.018755609133809	0.0	0	889.3232010304928	389.3232010304928	0.41340203061801983	153	17	85	54.42993113920091	0.0	0	0	17
295	0.1	100.0	[3]	{1}	1.6049411210029647	1.3826594027162598	1.377484799869051	0.0	0	416.44595656543993	83.55404343456007	5.748345697752491	94	54	74	55.018567652523515	1.4521628809827545	0	0	54
47	0.1	100.0	[1]	{2}	7.22070181460032	5.880727200253858	5.880727200253856	0.0	0	615.3095946647227	115.30959466472268	2.1769741187220957	66	18	42	30.838904053352767	0.0	0	0	18
357	0.1	100.0	[3]	{1}	4.634327386308687	3.9813387114496464	4.039282464048171	0.0	0	129.276006249711	370.72399375028897	3.902271344561326	276	190	232	136.18044118744513	4.664594294996512	0	0	188
233	0.1	100.0	[1]	{0}	5.904369380361166	4.034829981695345	4.034829981695345	0.0	0	158.6894118227064	341.3105881772936	0.1655329884292346	48	0	24	13.36878823645413	0.0	0	0	0
171	0.1	100.0	[2]	{1}	3.974204413336598	3.448789249667503	3.5217851411179604	0.0	0	2.0713552366942443	497.9286447633058	1.6909426109537393	244	166	205	97.1436278235223	1.681282034979731	0	0	166
481	0.1	100.0	[1]	{2}	6.592865386222104	5.616797925727045	5.616797925727045	0.0	0	508.3519890904427	8.351989090442714	0.07777301695931486	282	12	147	112.72104855638734	0.0	0	0	12
420	0.1	100.0	[2]	{1}	2.0799129859500836	1.6929809789189076	1.6931719061639818	0.0	0	497.4989343900235	2.5010656099764788	1.833379526395143	122	16	70	52.43403623073919	0.7295537724516922	0	0	18
296	0.1	100.0	[1]	{2}	9.83966547456681	6.914628061810659	6.914628061810659	0.0	0	726.8518717028202	226.85187170282018	0.3358876491038526	59	1	30	20.669073796160518	0.0	0	0	1
109	0.1	100.0	[2]	{2}	14.049326306666707	11.510297379899942	11.499707831769973	0.0	0	483.4942657034845	16.505734296515527	0.10791412996505277	416	14	215	165.0848268549014	5.116612508121442	0	0	14
48	0.1	100.0	[3]	{0}	4.3291531874624365	3.6270654402697824	3.571507555335097	0.0	0	19.820969551801458	480.17903044819855	0.7458481227321843	202	76	139	67.07011476770045	2.712843756812803	0	0	76
234	0.1	100.0	[3]	{0}	2.284069734775478	1.970128444946393	1.9950554887415297	0.0	0	196.67543284595	303.32456715405	4.91691643094352	136	90	113	79.10914880652723	2.3382049436800147	0	0	90
358	0.1	100.0	[1]	{0}	2.03145741481267	1.7730326067375237	1.7730326067375237	0.0	0	512.2177971061317	12.217797106131684	0.015294382258037451	94	0	48	35.59130678263679	0.0	0	0	2
172	0.1	100.0	[2]	{0}	3.5749776272940346	2.7719055148635685	2.9987414135216652	0.0	0	59.87067800015205	440.12932199984795	1.7748608731055846	191	131	161	80.2239550900236	1.7266372546106847	0	0	131
482	0.1	100.0	[1]	{0}	4.500656643038928	3.546614780701395	3.546614780701395	0.0	0	203.7792261689901	296.22077383100986	0.4095141796739611	22	4	13	7.983013035520911	0.0	0	0	4
421	0.1	100.0	[1]	{1}	5.224256204293887	3.953766659989312	3.953766659989312	0.0	0	953.337846323848	453.337846323848	0.005451419668666753	117	1	59	34.14712122277914	0.0	0	0	1
297	0.1	100.0	[1]	{0}	10.167980939724544	9.555011350508941	9.555011350508941	0.0	0	653.494428610429	153.49442861042905	1.5850185630178273	189	27	108	81.15916714168712	0.0	0	0	27
110	0.1	100.0	[1]	{0}	5.93632318827659	4.1639061418695364	4.1639061418695364	0.0	0	485.1246653124691	14.87533468753088	0.528395949267478	51	1	26	20.52025200812518	0.0	0	0	1
49	0.1	100.0	[1]	{0}	8.318577252077361	5.791342114943538	5.791342114943537	0.0	0	35.29801918193701	464.701980818063	1.7043944137025082	62	2	32	17.053344537094233	0.0	0	0	2
359	0.1	100.0	[3]	{1}	2.507518707633401	2.2431845436207367	2.189943711845345	0.0	0	598.6458801198752	98.64588011987519	7.381880769475092	152	102	126	95.09524943856152	3.0141541782438317	0	0	100
235	0.1	100.0	[1]	{2}	2.098414205695247	1.7781044895534337	1.7781044895534337	0.0	0	177.47407453134662	322.5259254686534	0.750399397288012	126	30	78	44.84434077000617	0.0	0	0	30
173	0.1	100.0	[2]	{0}	5.132594673411308	4.250303203857967	4.261249443090744	0.0	0	720.7412538118659	220.74125381186593	0.7833227336275891	238	48	143	95.39068584213032	1.7445406587909136	0	0	48
483	0.1	100.0	[1]	{0}	2.912172322979832	2.5766289786630048	2.5766289786630048	0.0	0	103.29466313123704	396.70533686876297	0.5275043787166296	22	2	12	7.1159466313123705	0.0	0	0	2
422	0.1	100.0	[3]	{1}	2.7148409169497834	2.269640472999416	2.245900819030684	0.0	0	781.4008190762253	281.4008190762253	2.942899233169724	140	70	105	70.82634348374046	1.762523470125592	0	0	70
298	0.1	100.0	[1]	{2}	4.807846519286544	3.585742005636428	3.585742005636428	0.0	0	190.0754263624549	309.9245736375451	nan	2	2	2	0.8461508527249098	0.0	0	0	2
50	0.1	100.0	[3]	{2}	2.516971935830819	2.0852835949650084	2.0662490975668253	0.0	0	249.31128672324124	250.68871327675876	3.694203731445377	135	67	101	72.27925304943882	1.504089982405393	0	0	67
111	0.1	100.0	[2]	{0}	4.918476418081704	4.493535181297513	4.3481307903900515	0.0	0	722.3418515641241	222.3418515641241	2.71018616661838	236	24	130	86.74234521856154	2.5428602886637446	0	0	24
236	0.1	100.0	[1]	{0}	1.698720036143191	1.456811739784925	1.456811739784925	0.0	0	66.27652584575122	433.7234741542488	0.45601459270045336	92	20	56	31.499826292287555	0.0	0	0	20
360	0.1	100.0	[1]	{0}	4.920078865919864	4.349962687503496	4.349962687503496	0.0	0	818.2646979112176	318.2646979112176	0.9499235685441836	197	5	101	70.20961798981764	0.0	0	0	5
174	0.1	100.0	[1]	{2}	3.466875440354717	2.4315137340454935	2.4315137340454935	0.0	0	374.2446820251644	125.75531797483558	0.0	5	3	4	3.3804893640503293	0.0	0	0	3
484	0.1	100.0	[1]	{2}	3.341718833561971	3.088426315213147	3.088426315213147	0.0	0	354.7962466254831	145.2037533745169	0.6346906679704016	152	2	77	55.89968364538998	0.0	0	0	2
423	0.1	100.0	[1]	{2}	6.995008447586198	5.928536574652622	5.928536574652622	0.0	0	562.96759378165	62.96759378164995	nan	1	1	1	0.69396759378165	0.0	0	0	1
51	0.1	100.0	[1]	{1}	9.332692910188086	7.715083442842962	7.715083442842962	0.0	0	755.6926389224827	255.69263892248273	0.28322059201851035	16	6	11	7.607151527542622	0.0	0	0	6
112	0.1	100.0	[1]	{1}	2.678507951756145	2.0633001491086445	2.0633001491086445	0.0	0	326.7862750217318	173.2137249782682	0.5260446774123747	66	6	36	26.057717650130392	0.0	0	0	6
299	0.1	100.0	[1]	{1}	11.633993062194591	11.230990865046635	11.230990865046635	0.0	0	188.0143762100489	311.9856237899511	1.8863453207063914	484	224	354	212.33891666383676	0.0	0	0	224
361	0.1	100.0	[1]	{1}	3.2546664492741866	2.9574060839030203	2.9574060839030203	0.0	0	695.9624518640342	195.96245186403416	0.2784046650276491	90	4	47	34.09148812576755	0.0	0	0	4
237	0.1	100.0	[2]	{1}	3.1356170308111233	2.762037099308367	2.7697163803427287	0.0	0	550.2116463612766	50.21164636127662	1.4482728495639188	186	26	106	77.76087792560087	1.3548461091665822	0	0	26
175	0.1	100.0	[2]	{0}	11.582755790810076	9.809869520548027	9.700197244875845	0.0	0	392.03203516080976	107.96796483919024	2.9161229725811624	397	37	217	166.23610992551224	4.924604687608175	0	0	37
485	0.1	100.0	[1]	{0}	4.673363175367606	3.4631840188740695	3.4631840188740695	0.0	0	406.3443839550018	93.65561604499823	1.1192512280747522	50	0	25	16.352476991415028	0.0	0	0	0
424	0.1	100.0	[1]	{0}	6.893914361616319	5.986132089217667	5.986132089217667	0.0	0	392.53831747919327	107.46168252080673	2.5170128198627704	29	5	17	12.017538317479191	0.0	0	0	5
52	0.1	100.0	[1]	{0}	5.5367484608615944	4.458013915028564	4.458013915028564	0.0	0	600.6015669554473	100.60156695544731	0.6666666666666666	8	2	5	4.531195299133658	0.0	0	0	2
113	0.1	100.0	[1]	{0}	6.041666890737105	5.544945569496933	5.5449455694969325	0.0	0	925.9052402339876	425.90524023398757	1.1547005383792517	8	2	5	3.1282842792980374	0.0	0	0	2
300	0.1	100.0	[2]	{1}	1.5005850603240536	1.1994166165857092	1.249610722039475	0.0	0	643.6546912882479	143.65469128824793	3.0642732781369317	80	32	56	38.03881234847008	0.8487262411631447	0	0	32
362	0.1	100.0	[1]	{0}	7.97135641006539	6.797892589875515	6.797892589875515	0.0	0	818.3159602340309	318.31596023403085	0.36820990343321724	331	85	208	132.67155060115087	0.0	0	0	85
238	0.1	100.0	[2]	{2}	4.543251895086293	3.8420191289816907	3.9901821819937497	0.0	0	894.0662958193572	394.06629581935715	2.601496332297839	302	196	249	143.73348121556074	2.0945413277811373	0	0	196
176	0.1	100.0	[1]	{1}	7.273949663526681	5.28416371301894	5.284163713018941	0.0	0	545.7699056714773	45.76990567147732	0.44325888294150945	66	2	34	24.956460188657044	0.0	0	0	2
425	0.1	100.0	[1]	{1}	5.791606759060279	5.29984545538808	5.29984545538808	0.0	0	652.1910422015936	152.19104220159363	1.1726039399558572	47	1	24	15.735707493580875	0.0	0	0	1
486	0.1	100.0	[2]	{1}	5.2585134401499145	4.6570052118094045	4.575945423016263	0.0	0	939.9910650681704	439.9910650681704	0.5480871596646448	275	153	215	111.86886740075239	2.1309192367604024	0	0	155
53	0.1	100.0	[3]	{1}	6.679489121393656	5.928834701556207	5.960039461411503	0.0	0	444.8665888048711	55.13341119512887	10.589628583261165	338	232	286	215.69652897307273	8.169367343581476	0	0	234
114	0.1	100.0	[3]	{1}	4.5024046267665545	3.755720727847568	3.583226840674076	0.0	0	744.3465269170704	244.34652691707038	3.877686308814838	215	51	132	93.99991113865372	2.3573265553815124	0	0	49
301	0.1	100.0	[3]	{2}	5.7377359382613555	5.488324298040856	5.422152307552918	0.0	0	131.85311481356626	368.14688518643374	8.64511602098548	379	319	350	215.06698493301877	9.130546278784774	0	0	321
363	0.1	100.0	[3]	{0}	5.491547308083602	4.63320081481022	4.661347197019005	0.0	0	735.4281034786255	235.42810347862553	7.398304328193002	275	171	223	154.82804913474425	4.461047773207867	0	0	171
239	0.1	100.0	[2]	{1}	6.17944800650468	5.539684445137334	5.342723318653324	0.0	0	927.7483210898936	427.7483210898936	0.7946920933922956	299	135	218	114.06134921330217	2.713459629966702	0	0	137
177	0.1	100.0	[1]	{0}	5.009567813124809	3.825702427284783	3.825702427284783	0.0	0	254.89731039851912	245.10268960148088	1.2420718477271706	49	5	27	18.958075793586676	0.0	0	0	5
426	0.1	100.0	[2]	{2}	5.244437021732846	4.680464828982254	4.6758763331831315	0.0	0	455.01626422628766	44.98373577371234	1.121546223826347	289	1	145	110.57755248386039	2.1556612624534917	0	0	1
54	0.1	100.0	[3]	{0}	2.0937446046109423	1.783545667541533	1.7553069672148751	0.0	0	337.78225257992733	162.21774742007267	4.171523105015	124	54	89	65.81199180933832	1.6540670920129001	0	0	54
115	0.1	100.0	[1]	{1}	8.369548091969465	6.229258281409598	6.229258281409598	0.0	0	959.7134692594408	459.7134692594408	0.2123976976214366	27	11	19	9.710444084070627	0.0	0	0	11
487	0.1	100.0	[2]	{0}	8.086567387820473	6.979992279021353	6.922003075776605	0.0	0	86.09576988965279	413.9042301103472	1.5948396197305283	360	174	267	150.85708054340634	3.0188223308729256	0	0	174
302	0.1	100.0	[1]	{2}	7.054976921188139	5.351739082178682	5.351739082178682	0.0	0	668.0222279392184	168.0222279392184	1.290781509460893	69	7	38	24.233466529458767	0.0	0	0	7
364	0.1	100.0	[1]	{1}	4.568508933849811	3.1992760657741837	3.1992760657741837	0.0	0	945.992291904986	445.992291904986	1.0	2	0	1	0.49300770809501393	0.0	0	0	0
240	0.1	100.0	[2]	{0}	5.348765170895494	4.423113889842819	4.4195827057274135	0.0	0	563.1429487839342	63.14294878393423	1.714108108302446	282	46	164	118.06427691674232	1.8011237694504973	0	0	46
178	0.1	100.0	[1]	{0}	14.44829833871756	10.073474313562752	10.073474313562752	0.0	0	954.8390060663222	454.8390060663222	0.411877235523957	47	5	26	11.284185842275622	0.0	0	0	5
427	0.1	100.0	[3]	{1}	8.14394181157965	7.701330668896302	7.721526860822573	0.0	0	584.7806246019901	84.7806246019901	14.733476712338991	407	355	382	284.170866284229	13.14678108640458	0	0	357
55	0.1	100.0	[3]	{2}	4.993278082573006	4.403080330126984	4.460833802370047	0.0	0	390.8243137411774	109.17568625882262	10.001860351348228	318	222	270	202.4862964718118	6.255997657115868	0	0	222
488	0.1	100.0	[1]	{1}	1.4511603020379382	1.0410351642896924	1.0410351642896924	0.0	0	698.6967120319606	198.6967120319606	0.0	6	2	4	2.537213151872158	0.0	0	0	2
116	0.1	100.0	[1]	{2}	3.510497375657842	2.5080007114062397	2.5080007114062397	0.0	0	116.85023363679645	383.1497663632035	1.1349666738056015	27	3	15	11.090053037278354	0.0	0	0	3
303	0.1	100.0	[3]	{0}	3.14376297935786	2.4893152058425296	2.584185055012522	0.0	0	273.9514538552612	226.0485461447388	3.809354677863889	188	104	146	102.12872793926303	2.2305905061583453	0	0	104
365	0.1	100.0	[1]	{2}	3.936764733408597	2.781009752024298	2.781009752024298	0.0	0	428.9424293674529	71.05757063254708	0.5459195627691725	70	0	35	26.88794242936745	0.0	0	0	0
241	0.1	100.0	[2]	{0}	6.687203439337278	5.547535100861413	5.593540378547203	0.0	0	994.0961345564572	494.0961345564572	0.3429073622873718	296	172	234	117.21250451378899	2.343048631752748	0	0	172
179	0.1	100.0	[2]	{2}	4.901473762607225	4.644185966198279	4.596919054847441	0.0	0	813.6822469532491	313.6822469532491	0.5303218882094007	337	175	256	150.14307376778117	2.2968662234380606	0	0	175
428	0.1	100.0	[1]	{1}	3.0029943811279773	2.089010904849458	2.0890109048494576	0.0	0	799.5156794786453	299.5156794786453	1.3174650984805198	13	3	8	4.573937282085419	0.0	0	0	3
489	0.1	100.0	[3]	{1}	4.989006754631326	4.3819947291643775	4.633667715346246	0.0	0	51.95162445306794	448.04837554693205	4.6598726151213405	315	299	308	169.02526134467124	7.697010599406592	0	0	301
56	0.1	100.0	[1]	{0}	6.686667117517642	6.1698586249264995	6.1698586249264995	0.0	0	360.95907748676825	139.04092251323175	0.16909160905835655	287	45	166	118.23874405862391	0.0	0	0	45
117	0.1	100.0	[1]	{1}	3.28936677597333	3.159355976548832	3.159355976548832	0.0	0	280.3397544194014	219.6602455805986	1.1141373295739132	139	15	77	55.706814351646265	0.0	0	0	15
304	0.1	100.0	[1]	{0}	3.664049064092224	2.7313938837055067	2.7313938837055063	0.0	0	422.1758507192136	77.8241492807864	0.784452582160666	40	4	22	16.70170340287686	0.0	0	0	4
366	0.1	100.0	[3]	{0}	2.7905300509342212	2.5237256659357383	2.525471084507847	0.0	0	564.0797668602318	64.07976686023176	7.678832034947242	169	121	145	107.96536769361232	3.4878265870994696	0	0	121
180	0.1	100.0	[1]	{1}	5.170634828459462	3.6116957411646142	3.6116957411646133	0.0	0	460.1767100393772	39.82328996062279	0.9128709291752769	11	3	7	4.958530130118131	0.0	0	0	3
242	0.1	100.0	[1]	{1}	2.455498127775949	2.111547278402821	2.111547278402821	0.0	0	368.69430169463175	131.30569830536825	0.2772607210705161	147	25	86	59.967212515234955	0.0	0	0	25
429	0.1	100.0	[3]	{0}	13.178926837280795	11.487920766069246	11.484270449960537	0.0	0	523.0297103989869	23.029710398986936	11.014355590893981	466	278	371	276.0857326064089	12.959107222626399	0	0	276
490	0.1	100.0	[2]	{0}	3.3505199465801416	2.8403702147686065	2.8802477604935133	0.0	0	774.743173038587	274.743173038587	0.17424670445968127	178	58	118	75.15819635006413	1.3501325974779668	0	0	58
118	0.1	100.0	[3]	{2}	8.467232171207302	8.02929626954285	8.017186688962683	0.0	0	791.2348369136454	291.2348369136454	12.705536169330658	463	415	438	284.3171243594884	13.375680608279717	0	0	413
57	0.1	100.0	[1]	{0}	6.641133804423066	5.471870657769421	5.471870657769421	0.0	0	960.5901045724748	460.59010457247484	0.23271292402758878	250	14	133	75.32877755587549	0.0	0	0	16
305	0.1	100.0	[3]	{1}	1.9749321290722277	1.7397145175318647	1.724595764883731	0.0	0	90.58672259561725	409.41327740438277	2.0325593496450773	139	93	116	70.73249881437047	1.984101195985085	0	0	93
367	0.1	100.0	[3]	{2}	6.255321608117214	6.038678204081103	6.041459902588241	0.0	0	451.9404696766287	48.05953032337129	15.719579349300899	388	358	374	280.98157127223897	10.857629840253738	0	0	360
243	0.1	100.0	[3]	{0}	3.995462029467797	3.5678276940634133	3.5674484601849183	0.0	0	450.05363994278014	49.94636005721986	10.38539752521102	247	191	219	163.1715555583406	4.574408327814451	0	0	191
181	0.1	100.0	[1]	{0}	3.789537292347524	2.8646321266757124	2.864632126675713	0.0	0	637.0508852414788	137.0508852414788	0.23179316248638265	56	2	29	22.17584734427556	0.0	0	0	2
491	0.1	100.0	[1]	{0}	5.554797196930517	3.9161143946515695	3.9161143946515695	0.0	0	107.74847725406296	392.25152274593705	0.5659164584181102	26	8	17	9.356233249794693	0.0	0	0	8
430	0.1	100.0	[2]	{1}	3.879274645193497	3.5887142485576367	3.5134596324952874	0.0	0	197.6334853097797	302.3665146902203	1.4486770637188915	236	84	159	95.03438931115717	1.8227077267888623	0	0	82
306	0.1	100.0	[3]	{0}	3.6543132629346453	3.364706681060415	3.295634846182269	0.0	0	258.0586466938256	241.9413533061744	8.182791737760027	206	154	179	121.98275038219982	4.724689183264592	0	0	152
119	0.1	100.0	[2]	{2}	5.3220736693614725	4.6735860835955405	4.655672935971121	0.0	0	130.9253526851535	369.0746473148465	0.6612772852485183	270	120	195	114.00133954138309	2.0431713982953226	0	0	120
58	0.1	100.0	[1]	{2}	7.5675649058607934	7.143464061117946	7.143464061117946	0.0	0	487.35092044807976	12.649079551920238	2.0430639271083706	382	8	194	146.88255095348498	0.0	0	0	6
368	0.1	100.0	[2]	{2}	8.283991962984743	7.56048719175449	7.408313765214969	0.0	0	861.014121444896	361.014121444896	1.5367458851604976	390	166	279	161.59117308843318	3.687834332522609	0	0	168
244	0.1	100.0	[1]	{0}	5.570760362628985	4.486901200039082	4.486901200039082	0.0	0	776.1460395995525	276.1460395995525	0.6237951349364392	59	3	31	19.711225247608503	0.0	0	0	3
182	0.1	100.0	[1]	{1}	3.7022062262709863	2.989827838925319	2.989827838925319	0.0	0	626.2830155901611	126.28301559016109	0.7612020568998559	24	4	14	11.001301906459032	0.0	0	0	4
492	0.1	100.0	[1]	{1}	4.4266278349363954	3.7745005958396654	3.7745005958396654	0.0	0	7.621044758707312	492.3789552412927	1.3230301333896406	144	2	73	35.253336267385635	0.0	0	0	2
307	0.1	100.0	[1]	{0}	4.722398796131637	4.211303956706903	4.211303956706903	0.0	0	550.4960559774188	50.49605597741879	0.13295089725231793	46	0	23	17.01050394402258	0.0	0	0	0
431	0.1	100.0	[2]	{2}	5.262907726146597	4.2801864106610115	4.3699519944322205	0.0	0	423.68874815292656	76.31125184707344	6.718286566057718	284	144	213	154.16531855605734	2.914806756869331	0	0	142
120	0.1	100.0	[1]	{1}	1.474409620583134	1.3739753906399184	1.3739753906399184	0.0	0	337.153587723151	162.84641227684898	1.5921683328090657	15	5	10	7.535	0.0	0	0	5
59	0.1	100.0	[1]	{0}	5.278684795706699	3.884736424453416	3.8847364244534166	0.0	0	640.6303709372879	140.63037093728792	1.7340952014812951	55	9	32	23.056739258125422	0.0	0	0	9
369	0.1	100.0	[3]	{0}	6.635466722554702	5.405957224669779	5.535724358272621	0.0	0	425.0224523711949	74.9775476288051	8.156903497420307	297	179	237	172.07440240371795	6.20374110375064	0	0	177
245	0.1	100.0	[1]	{1}	2.532705406278484	1.7912331733608304	1.7912331733608304	0.0	0	983.1535313278436	483.15353132784355	0.6735753140545634	17	1	9	4.255618218049408	0.0	0	0	1
183	0.1	100.0	[1]	{2}	3.950416122688702	2.9600458734325312	2.9600458734325317	0.0	0	938.6188169009984	438.61881690099835	2.2446107707042935	32	12	21	11.549717746485022	0.0	0	0	10
493	0.1	100.0	[3]	{0}	7.5499996274672965	7.1099342060620785	6.771580430698524	0.0	0	163.49719744175678	336.5028025582432	8.095438127874992	379	239	308	198.68747872416674	9.878146297097976	0	0	237
121	0.1	100.0	[3]	{2}	4.971687981123904	4.048100515971742	4.155825597908965	0.0	0	116.69709999114278	383.30290000885725	3.4318411593177447	262	138	201	121.06044469860946	3.6975211618723205	0	0	140
432	0.1	100.0	[2]	{2}	1.4332225649352226	1.343933718434068	1.3351334757844786	0.0	0	752.156634349376	252.15663434937596	0.42613977041013323	102	30	66	41.00566213294119	0.653422098577326	0	0	30
308	0.1	100.0	[2]	{1}	3.3994814622370675	3.1132690195409762	3.1255375548894926	0.0	0	357.58518776856374	142.41481223143626	1.089314940702114	238	72	155	105.43434109983033	1.51194330780788	0	0	72
60	0.1	100.0	[1]	{0}	9.343769619668155	9.270533671737788	9.270533671737788	0.0	0	882.5552342459561	382.55523424595606	0.8316888011553578	477	365	422	234.99291208519037	0.0	0	0	367
370	0.1	100.0	[3]	{2}	0.7494296917774177	0.7106978576221725	0.673671433674147	0.0	0	877.628011861816	377.62801186181605	1.303453143411124	61	45	53	31.044251513665547	0.990843311803798	0	0	45
184	0.1	100.0	[1]	{1}	3.1502799082768744	2.3356646302074706	2.3356646302074706	0.0	0	412.1869169175624	87.81308308243757	0.9629500128629352	39	9	24	16.730999999999998	0.0	0	0	9
246	0.1	100.0	[2]	{2}	5.01267742927997	3.962109584855449	3.9530391771812474	0.0	0	559.3849488068372	59.3849488068372	0.5723234920624554	199	1	100	75.97907959045467	1.5994396305702672	0	0	1
433	0.1	100.0	[3]	{1}	3.74294657385716	3.365399657652544	3.3575200340311575	0.0	0	427.9318719636652	72.06812803633483	8.778450056768573	234	160	197	144.873751774801	4.511816590088102	0	0	160
494	0.1	100.0	[2]	{0}	5.977912508865527	4.969085172738078	5.028951906768781	0.0	0	106.2756432220338	393.7243567779662	1.948523871733535	290	140	215	116.73540428762882	2.192048053972081	0	0	140
122	0.1	100.0	[1]	{0}	4.84450537028485	3.597387518636826	3.597387518636826	0.0	0	465.6658573076128	34.33414269238722	0.12942774486865266	122	2	62	47.414326858460896	0.0	0	0	2
309	0.1	100.0	[2]	{1}	4.10699589587538	3.6301529369318013	3.6371996461023413	0.0	0	829.521513078362	329.521513078362	0.5828248940121616	244	102	173	102.07012244669717	1.6050863692433621	0	0	102
61	0.1	100.0	[1]	{2}	5.358277566080469	3.7180802574303113	3.7180802574303122	0.0	0	164.7279462777078	335.2720537222922	0.6296077506366433	42	2	22	12.792558925554156	0.0	0	0	2
371	0.1	100.0	[2]	{1}	4.289666718079713	3.6999231288990293	3.7125103133828388	0.0	0	771.1406257003547	271.1406257003547	1.1690362053557344	243	101	172	109.85503115054962	1.6141000399698484	0	0	101
185	0.1	100.0	[1]	{0}	2.646197911373202	2.172034407757212	2.172034407757212	0.0	0	575.6609977688639	75.66099776886392	1.7822655773580138	35	15	25	18.683339002231136	0.0	0	0	15
247	0.1	100.0	[3]	{0}	4.169259002782818	3.5883052883804605	3.6194366420675017	0.0	0	826.2168245855719	326.2168245855719	6.128955512418583	243	169	206	126.21607820719109	4.035370597746155	0	0	169
495	0.1	100.0	[1]	{2}	6.268486262944776	5.998644190642782	5.998644190642782	0.0	0	105.44554120861	394.55445879139	0.2776209711891101	345	175	260	147.7248209724836	0.0	0	0	175
123	0.1	100.0	[2]	{1}	3.2942324407643055	2.5419713770665067	2.654767021835409	0.0	0	903.5006975755095	403.50069757550955	0.9471889822274349	157	53	105	60.1814337303266	1.2871934278889734	0	0	53
