iter	recomb_rate	mut_rate	recomb_type	recomb_node	ARG_length_1	ARG_length_2	ARG_length_3	ARG_length_4	root_height_change	bp	bp_pos_deviation	rank_stat	info_sites_global	confounding_info_sites	consistent_info_sites	weighted_consistent_info_sites	rf_dist	no_neu_recurr_mut	no_adv_recurr_mut	info_sites_imbalance
248	0.1	37.5	[3]	{0}	3.424356503866207	3.110432103303322	3.1118210466273606	0.0	0	379.074156982824	120.92584301717602	5.236475183197209	96	68	82	63.57803819775955	4.359915259610518	0	0	68
186	0.1	37.5	[3]	{0}	3.6242420407280553	3.4655491277111286	3.4684310288283653	0.0	0	996.5588313061744	496.5588313061744	0.12104550653376049	116	106	112	53.72841089370846	6.007799731828186	0	0	108
310	0.1	37.5	[1]	{2}	1.9639020956111457	1.742300751086748	1.742300751086748	0.0	0	236.2713182810694	263.7286817189306	0.7348469228349533	9	1	5	2.795356591405347	0.0	0	0	1
62	0.1	37.5	[3]	{1}	6.602895952366241	6.395269911373852	5.951960541275789	0.0	0	39.06244784593588	460.9375521540641	2.0732450450883633	136	82	109	58.63068275398017	8.960064428756986	0	0	82
124	0.1	37.5	[2]	{2}	4.1605867017896205	3.548237026664896	3.4633079338639656	0.0	0	647.0149902161211	147.01499021612108	2.1727191118135125	93	3	48	33.01537041092292	1.9607046040757048	0	0	3
372	0.1	37.5	[1]	{2}	8.904994493423159	6.863915480743223	6.863915480743223	0.0	0	648.1220056302847	148.12200563028466	nan	1	1	1	0.8228779943697153	0.0	0	0	1
434	0.1	37.5	[3]	{1}	6.397871516880431	5.2622096330944075	5.2411228355760455	0.0	0	584.1956026852132	84.1956026852132	3.8806690080493462	130	54	92	70.39678241074084	3.7922036881513224	0	0	54
496	0.1	37.5	[3]	{1}	8.797405448529103	7.986183500613481	7.908338573944076	0.0	0	653.2980618067088	153.2980618067088	9.173769019965317	209	161	185	138.5179717131518	10.990077015095006	0	0	161
0	0.1	37.5	[2]	{0}	4.150898625515656	3.269192675969733	3.2519922765022877	0.0	0	453.8043572101741	46.19564278982591	0.981267493904293	81	3	42	31.798347713477916	1.5488810984404442	0	0	3
249	0.1	37.5	[2]	{2}	2.3897691738219886	1.9740242081834665	1.9210858789465215	0.0	0	387.40550377406186	112.59449622593814	2.885875930004948	48	12	30	20.483622015096245	1.1963692932379695	0	0	12
63	0.1	37.5	[3]	{1}	4.602610813612461	4.320389079946247	4.300432915429145	0.0	0	434.6872786991299	65.31272130087012	9.067557154498722	138	118	129	96.60606183609742	7.093346336864036	0	0	120
187	0.1	37.5	[2]	{2}	3.681328697262707	3.5068055653752594	3.225951979392999	0.0	0	989.6522406488658	489.6522406488658	0.5456168589666799	109	43	76	38.64342971068619	1.9588652898980272	0	0	43
311	0.1	37.5	[1]	{1}	3.621892891724034	3.0859403080149317	3.0859403080149317	0.0	0	113.08262054808448	386.9173794519155	0.5532833351724882	63	5	34	20.436313375346366	0.0	0	0	5
373	0.1	37.5	[1]	{2}	2.5791909182653656	2.1864739852997497	2.1864739852997497	0.0	0	397.0162288751454	102.98377112485463	1.7881186820378092	35	15	25	17.902048686625434	0.0	0	0	15
125	0.1	37.5	[1]	{1}	4.426932534280283	3.998855793888878	3.998855793888878	0.0	0	771.5248612221332	271.52486122213315	1.8314741859825203	105	23	64	41.39945860422774	0.0	0	0	23
435	0.1	37.5	[1]	{1}	5.159580584289045	4.085501635982161	4.085501635982161	0.0	0	36.02057602256542	463.9794239774346	1.281025230440697	53	1	27	12.809473248519003	0.0	0	0	1
497	0.1	37.5	[2]	{1}	3.227476838428502	2.674443783186483	2.5292375373134672	0.0	0	13.62284156493851	486.3771584350615	1.031075346814518	65	9	37	22.031045137902723	1.2140457158469862	0	0	9
1	0.1	37.5	[1]	{0}	1.1746007833876102	0.9909801708863635	0.9909801708863635	0.0	0	299.98264857567847	200.01735142432153	0.6158817620514397	28	4	16	11.0897570800595	0.0	0	0	4
250	0.1	37.5	[1]	{2}	3.5174126116072175	2.55497935015953	2.55497935015953	0.0	0	991.7948637157676	491.79486371576763	2.0539768405894954	35	7	21	12.65730786196888	0.0	0	0	7
312	0.1	37.5	[1]	{2}	3.631944216270876	2.4389688924348643	2.438968892434864	0.0	0	609.5051178708674	109.50511787086737	1.0	2	0	1	0.6495051178708673	0.0	0	0	0
188	0.1	37.5	[1]	{2}	8.58494049215182	6.347241347081495	6.347241347081495	0.0	0	927.8751658275723	427.87516582757235	0.9786656005941753	36	6	21	13.106371849276123	0.0	0	0	6
64	0.1	37.5	[1]	{1}	5.919448684951877	5.237972013994559	5.237972013994559	0.0	0	105.91190448030837	394.08809551969165	0.3469459857497472	135	37	86	51.34495235842467	0.0	0	0	37
374	0.1	37.5	[3]	{1}	3.7074312052523437	3.235915481064298	3.23582695960339	0.0	0	550.9885083884003	50.988508388400305	5.981849639522513	107	67	87	62.71517237417397	3.6437645514221773	0	0	67
126	0.1	37.5	[1]	{2}	6.004057977832536	4.184805162709427	4.184805162709427	0.0	0	697.2200460731983	197.22004607319832	0.4472135954999579	4	0	2	1.46	0.0	0	0	0
436	0.1	37.5	[2]	{2}	1.1363887771997812	0.9106054711026556	0.9384786647589041	0.0	0	18.65540561266241	481.34459438733757	0.20100756305184242	21	13	17	9.507141895415264	0.42819121846450636	0	0	13
498	0.1	37.5	[1]	{0}	7.887551951753718	5.807285355825012	5.807285355825012	0.0	0	198.88039492070672	301.11960507929325	0.14907119849998599	8	0	4	2.7157607898414136	0.0	0	0	0
2	0.1	37.5	[1]	{1}	6.088360030324036	4.50232661024989	4.50232661024989	0.0	0	647.5154715590178	147.51547155901778	1.3887301496588271	15	3	9	6.7894845284409815	0.0	0	0	3
65	0.1	37.5	[3]	{2}	5.2301569082175	4.407141680285801	4.354304281784693	0.0	0	816.5353287477047	316.53532874770474	3.7703838087784947	110	50	80	51.579233562614775	3.620416979629912	0	0	50
251	0.1	37.5	[2]	{1}	2.4012978113727224	1.9458092706520778	1.976242345650737	0.0	0	927.4537838064136	427.45378380641364	0.8698564515512998	57	33	45	25.150302431549864	0.8467896163735703	0	0	33
189	0.1	37.5	[2]	{0}	3.1919373655665666	2.6245205104556266	2.5390608788154823	0.0	0	41.230463190004	458.769536809996	0.8549758901977719	63	5	34	19.607374822080132	1.1293722882858792	0	0	5
313	0.1	37.5	[2]	{1}	2.981315394761924	2.790127928241068	2.7819714064730348	0.0	0	217.50181936658925	282.49818063341075	0.5473425903713292	111	39	75	46.78262917502784	1.320186538466566	0	0	39
375	0.1	37.5	[2]	{1}	3.7212145328030917	3.1079917657282667	3.2261660077213854	0.0	0	714.8172503802926	214.81725038029265	0.8262141793323751	95	47	72	45.209061474900686	1.9156739754731218	0	0	49
437	0.1	37.5	[1]	{1}	3.0612706176228093	2.4906816675060774	2.490681667506077	0.0	0	495.06477499380696	4.935225006193036	0.8061435194835377	28	8	18	13.631	0.0	0	0	8
127	0.1	37.5	[2]	{0}	8.29655412380259	7.424124141600601	7.502078227837072	0.0	0	431.32027424871904	68.67972575128096	3.821395073272404	201	75	137	100.1060666021258	4.488838986540589	0	0	73
499	0.1	37.5	[1]	{0}	3.9777326506918183	2.9980067024750046	2.9980067024750046	0.0	0	720.2152446843685	220.21524468436849	0.8571428571428571	13	3	8	6.434569510631263	0.0	0	0	3
3	0.1	37.5	[3]	{1}	3.898586484141089	3.5860533884472767	3.58267237866413	0.0	0	668.9656688831749	168.96566888317489	6.003608536420399	103	81	93	66.7512015890889	5.2898701644083115	0	0	83
66	0.1	37.5	[3]	{0}	4.78544801675677	3.863814833050643	3.815683346896937	0.0	0	698.9803146570919	198.98031465709187	2.9587716204390815	86	26	56	40.19619685342908	2.054669367373268	0	0	26
314	0.1	37.5	[3]	{2}	3.2016678923826185	2.519416031806668	2.5710758488695276	0.0	0	697.1933017484845	197.1933017484845	1.5441979234063519	65	21	43	29.275554059784856	1.6205749530943814	0	0	21
252	0.1	37.5	[2]	{2}	6.762017673486793	5.8364308563913	5.476651809284491	0.0	0	168.1805807165801	331.8194192834199	1.839514004637044	128	20	74	49.155306712962684	3.1799045503708934	0	0	20
190	0.1	37.5	[1]	{1}	4.245235877461473	3.8497847547641775	3.8497847547641775	0.0	0	47.25492838770162	452.7450716122984	0.11603381867926461	118	82	100	52.978492838770165	0.0	0	0	82
376	0.1	37.5	[1]	{2}	6.293275122414732	4.45208532236234	4.45208532236234	0.0	0	688.0317446775736	188.03174467757356	nan	1	1	1	0.6959682553224265	0.0	0	0	1
438	0.1	37.5	[2]	{1}	3.6588704296813144	3.1814758694053498	3.235003169566441	0.0	0	128.85525077581423	371.1447492241858	0.5123736895256296	86	46	66	40.08731504654886	1.5497901221496275	0	0	46
128	0.1	37.5	[1]	{0}	3.5955070278070522	3.4726716962117825	3.4726716962117825	0.0	0	190.930891316384	309.06910868361604	1.4613540144521981	29	3	16	11.838861782632767	0.0	0	0	3
4	0.1	37.5	[1]	{0}	9.335624663365124	8.304354732570646	8.304354732570646	0.0	0	968.284836271778	468.284836271778	0.6345104808400395	104	28	66	35.935770478606216	0.0	0	0	28
67	0.1	37.5	[1]	{1}	6.077539797685052	5.1356236940361395	5.1356236940361395	0.0	0	839.4736326299609	339.4736326299609	1.575315094531511	16	0	8	3.809158204220235	0.0	0	0	0
315	0.1	37.5	[1]	{2}	2.8892697925693915	2.2360950708638256	2.2360950708638256	0.0	0	314.2213881947101	185.77861180528993	nan	1	1	1	0.6762213881947101	0.0	0	0	1
191	0.1	37.5	[3]	{1}	5.982571541811851	5.264565099392659	5.262960212324096	0.0	0	527.880961308256	27.88096130825602	6.945354193493028	146	86	116	85.08357153569904	6.265814561553356	0	0	86
253	0.1	37.5	[1]	{2}	6.1891481098706596	4.456308685638518	4.456308685638518	0.0	0	41.137594729661885	458.8624052703381	1.7354436625492493	33	9	21	12.825063920944928	0.0	0	0	9
377	0.1	37.5	[1]	{1}	8.090961771245558	6.700051165720712	6.700051165720712	0.0	0	215.8667165786028	284.1332834213972	0.721203008357712	49	3	26	17.922134032100438	0.0	0	0	3
439	0.1	37.5	[1]	{0}	2.582737814404032	2.2617927965298694	2.2617927965298694	0.0	0	719.3456718232485	219.3456718232485	0.59883544993921	76	26	51	33.584136111600316	0.0	0	0	26
129	0.1	37.5	[2]	{1}	8.120960236606606	7.862239694344375	7.881360497991404	0.0	0	107.98797407187531	392.0120259281247	0.6406213629678473	226	168	197	108.57170304772818	3.8696564436411376	0	0	168
5	0.1	37.5	[3]	{1}	5.862266645426262	5.081556911321085	4.8711729701576925	0.0	0	851.177067961544	351.177067961544	1.8861873290082198	126	38	82	51.83873005823045	4.394866119171346	0	0	38
68	0.1	37.5	[1]	{0}	13.722396360543621	9.495930155708125	9.495930155708125	0.0	0	316.76088506355893	183.23911493644107	1.3599527413751495	42	2	22	15.196565310381356	0.0	0	0	2
192	0.1	37.5	[3]	{0}	6.583911529997905	6.067240054603096	6.097120519153893	0.0	0	386.9988846126943	113.00111538730567	9.26639106718456	178	150	164	120.63394869218394	9.537921253005496	0	0	150
316	0.1	37.5	[3]	{0}	4.69253133187798	3.5420609175100806	3.7607561954708357	0.0	0	175.2201544586568	324.7798455413432	2.401894615581812	94	50	72	45.56900772293283	2.604226256185486	0	0	50
378	0.1	37.5	[3]	{2}	4.583408668801459	4.076954018265415	4.1723345655136175	0.0	0	866.9108517933638	366.9108517933638	3.8799818295100694	125	105	115	73.07057759756412	6.1381801566075005	0	0	105
254	0.1	37.5	[1]	{2}	2.140489304314007	1.6717761762200722	1.6717761762200722	0.0	0	278.6057980265469	221.3942019734531	0.0	13	5	9	7.59881739407964	0.0	0	0	5
130	0.1	37.5	[1]	{0}	4.767926283788539	4.277641306846556	4.277641306846556	0.0	0	333.72487174347043	166.27512825652957	0.0	5	1	3	2.6517248717434705	0.0	0	0	1
440	0.1	37.5	[2]	{2}	10.203269128434355	8.047638389155631	8.595012428991723	0.0	0	242.2388554550708	257.7611445449292	3.810927893914899	198	130	164	105.14452892006935	5.616948664409486	0	0	130
6	0.1	37.5	[2]	{1}	6.80062446493788	6.201934611675036	6.179749471721128	0.0	0	353.08775748126214	146.91224251873786	0.895597700229748	182	46	114	77.66560023316369	2.9304467097602545	0	0	46
317	0.1	37.5	[1]	{0}	7.260009404027585	5.460593180468525	5.460593180468525	0.0	0	851.501383818686	351.501383818686	0.22228757209048453	24	6	15	8.229479242719709	0.0	0	0	6
193	0.1	37.5	[2]	{1}	2.3949627507915547	2.184982923555869	2.181813998821618	0.0	0	977.80318884179	477.80318884178996	0.24583558114579854	72	64	68	39.36498953644188	0.9909649038464311	0	0	64
69	0.1	37.5	[2]	{0}	4.791740002816634	4.125649768617061	4.22627018905362	0.0	0	657.6421498320997	157.64214983209968	2.451937236497422	103	47	75	52.861966058898716	2.4686839242203744	0	0	47
255	0.1	37.5	[1]	{2}	7.408307301976905	5.099100014275045	5.099100014275045	0.0	0	660.1492906920611	160.14929069206107	0.4472135954999579	4	0	2	1.3619999999999999	0.0	0	0	0
379	0.1	37.5	[1]	{2}	3.9596436862507502	3.391045378080897	3.391045378080897	0.0	0	681.4356218092144	181.43562180921435	0.28777061162875556	32	4	18	12.346643781907854	0.0	0	0	4
131	0.1	37.5	[1]	{1}	12.602167013031986	9.063564469611705	9.063564469611705	0.0	0	947.9403947480022	447.9403947480022	0.7745966692414834	7	3	5	2.349298026259989	0.0	0	0	3
441	0.1	37.5	[1]	{1}	6.819999097999996	4.85131371535883	4.85131371535883	0.0	0	768.4328858740627	268.43288587406266	0.3513240262614719	24	2	13	8.395835570629686	0.0	0	0	2
7	0.1	37.5	[2]	{0}	4.9573571480107965	4.566944055647901	4.536679123272834	0.0	0	356.61554103717214	143.38445896282786	0.4437601569801833	129	17	73	49.53570341363921	2.2690759516784658	0	0	17
318	0.1	37.5	[1]	{2}	1.4138905525309853	1.3371377386422036	1.3371377386422036	0.0	0	808.8061397429556	308.80613974295557	1.1201851698780942	44	22	33	19.63500966796838	0.0	0	0	22
194	0.1	37.5	[1]	{2}	10.07705702587688	7.638156218774919	7.638156218774919	0.0	0	26.73543104901907	473.2645689509809	0.31201886037669135	71	5	38	19.275946379862727	0.0	0	0	5
70	0.1	37.5	[2]	{0}	1.9215880979057045	1.6296469257519053	1.5657936202828464	0.0	0	147.5155246444046	352.4844753555954	0.6148170459575759	39	15	27	17.380794968243688	0.7861516785388069	0	0	15
256	0.1	37.5	[1]	{0}	3.99960980224939	3.5345957199058113	3.5345957199058113	0.0	0	63.12025175429864	436.87974824570136	0.8155908717405552	40	0	20	8.73592402806878	0.0	0	0	0
380	0.1	37.5	[1]	{1}	5.072738070392765	4.129115094330744	4.129115094330744	0.0	0	819.4127276074142	319.41272760741424	1.8041044173816976	86	26	56	35.58283998527378	0.0	0	0	26
132	0.1	37.5	[2]	{1}	4.472400642640821	3.440246128461984	3.5716901817109257	0.0	0	982.6159547083082	482.6159547083082	1.298674191323474	102	42	72	35.21588317041843	1.60784731556082	0	0	42
442	0.1	37.5	[1]	{2}	3.804462460329948	2.9826914211156743	2.9826914211156743	0.0	0	512.9303592257203	12.93035922572028	0.5669467095138409	11	1	6	4.1168607184514405	0.0	0	0	1
8	0.1	37.5	[2]	{2}	1.529772826963149	1.2797069967486174	1.330149278718578	0.0	0	719.0727721899749	219.0727721899749	1.9978489661134275	43	31	37	25.04988960649073	0.7955164082296419	0	0	31
195	0.1	37.5	[3]	{2}	3.0359694441962564	2.4221870494907236	2.4828147621923904	0.0	0	575.7758205290884	75.77582052908838	3.2164977830189283	64	28	46	34.18538030730187	2.446794552810118	0	0	28
319	0.1	37.5	[3]	{2}	6.312457794948083	5.126831168587822	4.946278019429377	0.0	0	168.72072243131697	331.279277568683	1.1332513805187752	101	11	56	32.7002703421153	2.240495324941381	0	0	11
71	0.1	37.5	[1]	{2}	4.14514859534369	3.4285603308327017	3.4285603308327017	0.0	0	445.6434797029943	54.356520297005716	0.5440654543231574	64	4	34	26.036434797029933	0.0	0	0	4
257	0.1	37.5	[1]	{1}	4.065068676322797	3.1927286099342402	3.1927286099342407	0.0	0	127.550816629082	372.44918337091804	1.0457739712320042	41	7	24	13.679914699323472	0.0	0	0	7
381	0.1	37.5	[1]	{2}	5.590212324481212	5.1818250163372195	5.1818250163372195	0.0	0	836.4985194057226	336.4985194057226	0.005105253430581332	78	10	44	25.596053301393994	0.0	0	0	10
443	0.1	37.5	[1]	{0}	3.786401349866308	2.825690447559457	2.825690447559457	0.0	0	346.04709921404714	153.95290078595286	0.4629100498862757	6	2	4	2.7321883968561886	0.0	0	0	2
133	0.1	37.5	[1]	{1}	8.373650946613559	5.692043381288867	5.692043381288867	0.0	0	895.3275075182318	395.32750751823176	nan	2	2	2	1.3753449849635366	0.0	0	0	2
9	0.1	37.5	[1]	{2}	4.70047175421613	4.4096056115908375	4.4096056115908375	0.0	0	895.4808998387307	395.4808998387307	0.3789843171715868	117	61	89	48.10016171403042	0.0	0	0	61
196	0.1	37.5	[1]	{1}	1.551296844962594	1.470070369406505	1.470070369406505	0.0	0	766.1357375327499	266.1357375327499	0.08257228238447704	19	1	10	6.472457049869001	0.0	0	0	1
320	0.1	37.5	[2]	{1}	8.38934625554202	6.423754362274861	6.455911853517707	0.0	0	609.6977205015721	109.69772050157212	1.2052516662288288	137	23	80	56.719463825955984	2.554385120182345	0	0	23
72	0.1	37.5	[1]	{2}	8.949869798317145	8.06957905222102	8.06957905222102	0.0	0	757.1550642605871	257.1550642605871	0.04099324732860682	56	4	30	21.65882910035178	0.0	0	0	4
258	0.1	37.5	[3]	{0}	4.858151137723249	4.5199847123773305	4.486566121110974	0.0	0	966.5218789596112	466.5218789596112	1.6293605409677845	129	113	121	65.71494016172551	6.815255634509883	0	0	113
382	0.1	37.5	[1]	{1}	4.191163815078487	4.066324724494983	4.066324724494983	0.0	0	231.15111165680003	268.8488883432	0.1889822365046136	11	1	6	3.9923022233136	0.0	0	0	1
444	0.1	37.5	[1]	{1}	4.4875523900481555	3.6540154228333313	3.6540154228333313	0.0	0	847.451572539285	347.45157253928505	1.1580207482966902	76	16	46	29.57816225905716	0.0	0	0	16
134	0.1	37.5	[1]	{2}	7.028291473759282	5.946862621663817	5.946862621663817	0.0	0	761.2445261329411	261.24452613294113	0.19245008972987526	17	3	10	6.273532843202354	0.0	0	0	3
10	0.1	37.5	[1]	{1}	9.861059443656588	7.807938497648674	7.807938497648674	0.0	0	866.0043785348533	366.00437853485334	0.8197560612767678	24	2	13	8.172951836116614	0.0	0	0	2
197	0.1	37.5	[1]	{0}	3.5190984540707198	2.959109549995619	2.959109549995619	0.0	0	71.45359436981386	428.54640563018614	0.2634066214835899	65	21	44	25.258143774792547	0.0	0	0	23
259	0.1	37.5	[1]	{0}	2.1788435132914605	1.7625620157627575	1.762562015762757	0.0	0	307.05859325826174	192.94140674173826	0.5137623327375896	38	2	20	14.291351559549566	0.0	0	0	2
321	0.1	37.5	[1]	{0}	6.880405280880107	5.757869160806563	5.757869160806563	0.0	0	299.4792601093649	200.52073989063513	0.38495746440955403	148	42	95	63.30994450820237	0.0	0	0	42
383	0.1	37.5	[1]	{0}	6.958675655455149	5.968220277812497	5.968220277812497	0.0	0	221.66923363693053	278.3307663630695	0.5096059227876986	109	9	59	40.17474624274484	0.0	0	0	9
73	0.1	37.5	[2]	{1}	7.537472737884988	7.042394472059797	6.746744298815852	0.0	0	799.1736067924651	299.1736067924651	0.16553618155022	179	37	108	66.0132921071686	3.9662307093280864	0	0	37
135	0.1	37.5	[1]	{1}	3.4918606829299073	3.0742150612815538	3.0742150612815538	0.0	0	271.96309948340047	228.03690051659953	1.3887301496588271	6	2	4	3.1780000000000004	0.0	0	0	2
445	0.1	37.5	[2]	{0}	2.7906427659637134	2.5187328440883268	2.360129052699637	0.0	0	856.4107790589334	356.4107790589334	0.5882560647712125	58	12	35	19.763265849173067	1.4098104606195232	0	0	12
11	0.1	37.5	[1]	{1}	4.918180732294956	3.7881331320796097	3.7881331320796097	0.0	0	56.54997704550621	443.45002295449376	1.0452393278695806	49	3	26	14.71509949500114	0.0	0	0	3
198	0.1	37.5	[1]	{2}	7.210590472104857	5.417608326336082	5.417608326336082	0.0	0	518.7060814350843	18.706081435084343	nan	1	1	1	0.7837060814350844	0.0	0	0	1
322	0.1	37.5	[2]	{1}	7.441977968873999	5.850357074920659	5.785587077328527	0.0	0	631.5234999638053	131.5234999638053	0.005276426545046061	123	9	66	51.69328199956564	2.5570575971622986	0	0	9
260	0.1	37.5	[1]	{1}	5.318133031671273	4.992171442447718	4.992171442447718	0.0	0	849.1971220355482	349.1971220355482	0.6732127750580623	93	13	53	37.54188921689801	0.0	0	0	13
74	0.1	37.5	[1]	{2}	5.808673341377615	5.199555024792403	5.199555024792403	0.0	0	386.1387844663114	113.86121553368861	0.4472135954999579	4	2	3	2.3651387844663114	0.0	0	0	2
384	0.1	37.5	[1]	{1}	4.416758800571656	4.144294579382218	4.144294579382218	0.0	0	483.4344340488316	16.565565951168423	2.065486609576714	108	2	55	39.941450467802575	0.0	0	0	2
446	0.1	37.5	[1]	{2}	4.109150703015824	3.063664882397104	3.063664882397104	0.0	0	246.0428387857974	253.9571612142026	1.224744871391589	3	1	2	1.267	0.0	0	0	1
12	0.1	37.5	[1]	{1}	4.681814036592981	4.183635548153622	4.183635548153622	0.0	0	676.257935119793	176.25793511979305	0.3714911472544549	86	12	49	35.79464684344269	0.0	0	0	12
136	0.1	37.5	[2]	{1}	4.88568892532788	4.310942897279803	4.319361808332353	0.0	0	568.9815257210287	68.98152572102867	1.2804885684870342	127	21	74	52.17799761106446	1.9985632262799335	0	0	21
261	0.1	37.5	[3]	{0}	2.325240499993645	2.1406759025921454	2.100587379346475	0.0	0	667.0981533825395	167.09815338253952	5.0181472873763076	74	56	65	49.76509815338254	3.093166066334308	0	0	56
199	0.1	37.5	[2]	{2}	4.074323662020601	3.0843603202281127	3.3128975019303066	0.0	0	984.1190767474474	484.11907674744737	0.29337824042206145	83	47	65	29.70626001141592	1.747803789444937	0	0	47
323	0.1	37.5	[1]	{2}	7.68730062300205	6.003643833123769	6.003643833123769	0.0	0	209.8935346584768	290.1064653415232	0.5470755135019623	76	2	39	27.684615950560204	0.0	0	0	2
75	0.1	37.5	[1]	{0}	4.807256478089533	4.420911606895161	4.420911606895161	0.0	0	639.021258801222	139.02125880122196	0.34188172937891387	20	2	11	7.956936223596335	0.0	0	0	2
385	0.1	37.5	[1]	{2}	5.710756254643543	5.4513455211795705	5.4513455211795705	0.0	0	489.2631182447076	10.736881755292416	2.232810951230603	158	22	90	66.54068666882813	0.0	0	0	22
447	0.1	37.5	[1]	{1}	8.908407490781276	7.215712639729455	7.215712639729454	0.0	0	832.8356877900661	332.8356877900661	1.8516401995451028	27	5	16	10.820328624419869	0.0	0	0	5
137	0.1	37.5	[1]	{1}	4.3385242963102595	3.741211546323619	3.741211546323619	0.0	0	449.31609486229735	50.68390513770265	1.0700923473733182	82	2	42	29.97957467192784	0.0	0	0	2
13	0.1	37.5	[2]	{1}	6.634094539452736	5.123194236805029	5.253383372818732	0.0	0	898.9012029487642	398.9012029487642	0.5171900439472825	120	38	80	45.86571819948405	2.2627054773918567	0	0	40
262	0.1	37.5	[1]	{2}	3.127191274354148	2.850691361599679	2.8506913615996794	0.0	0	632.7970647253096	132.7970647253096	1.2631396791499252	70	12	41	28.05207338186726	0.0	0	0	12
200	0.1	37.5	[1]	{2}	9.770418970998012	9.144525189325119	9.144525189325119	0.0	0	819.3871330004185	319.38713300041854	0.8613973647824799	71	7	39	25.532547408988698	0.0	0	0	7
76	0.1	37.5	[1]	{2}	10.263762114251502	8.027715588228164	8.027715588228164	0.0	0	444.93547780439263	55.06452219560737	0.23094010767585027	24	2	13	9.714064522195606	0.0	0	0	2
324	0.1	37.5	[2]	{1}	1.4315356773480954	1.2892225516146365	1.235804670237512	0.0	0	67.51574366353458	432.4842563364654	0.7334770490389201	32	10	21	10.784830616934226	0.6435508799813708	0	0	10
386	0.1	37.5	[2]	{2}	2.652310404435086	2.244330626720638	2.26731745516558	0.0	0	269.43763671442866	230.56236328557134	1.7316091268763538	73	23	48	30.83287964829057	1.0408612155947319	0	0	23
448	0.1	37.5	[2]	{2}	1.1194501453720895	0.9926793550942524	0.9704245157902986	0.0	0	375.7786438800395	124.22135611996049	1.1438474971665555	30	6	18	12.69844271223992	0.5898541391974305	0	0	6
138	0.1	37.5	[1]	{0}	6.462399038731688	6.266029238451027	6.266029238451027	0.0	0	557.7828176319599	57.782817631959915	0.0	3	1	2	1.392	0.0	0	0	1
14	0.1	37.5	[3]	{1}	4.64725782618866	3.7756398441758057	3.8274785937902287	0.0	0	196.32953288964944	303.67046711035056	3.0666186519370187	99	45	72	45.48618131558598	2.9069890407786954	0	0	45
77	0.1	37.5	[2]	{0}	6.70309165935112	6.377481814133944	6.509061401788147	0.0	0	987.074098782614	487.074098782614	1.9596545041740514	188	178	184	96.287365823999	3.427658427138281	0	0	180
15	0.1	37.5	[1]	{1}	2.401109729448289	2.013591597931233	2.013591597931233	0.0	0	177.30478569865232	322.6952143013477	0.16776539984043037	56	6	31	19.596400499671702	0.0	0	0	6
78	0.1	37.5	[3]	{2}	2.876497057293104	2.192774955372541	2.1914094076013884	0.0	0	65.33790542744097	434.662094572559	2.1476025622769805	52	6	29	18.404123446540904	0.2754345477311214	0	0	6
263	0.1	37.5	[1]	{1}	2.577388091787852	2.1146310307627756	2.114631030762775	0.0	0	5.345091223716707	494.65490877628326	1.7465452092823786	16	12	14	6.346831277132034	0.0	0	0	12
201	0.1	37.5	[1]	{1}	7.709723007773611	5.65386168119864	5.65386168119864	0.0	0	555.2841657772661	55.28416577726614	nan	0	0	0	0.0	0.0	0	0	0
325	0.1	37.5	[2]	{1}	5.248785978083373	4.583165873016853	4.449602836777771	0.0	0	85.37691715173435	414.62308284826565	0.6744885942783597	120	44	82	44.27339953783528	2.1473410598277183	0	0	44
449	0.1	37.5	[2]	{0}	4.702279036095473	4.248514886420042	4.112855280876683	0.0	0	799.7055626474322	299.7055626474322	1.2133302158794026	119	31	75	46.15390505203231	2.2143586979317114	0	0	31
387	0.1	37.5	[1]	{0}	5.0361370963670735	4.6863029946711485	4.686302994671149	0.0	0	761.2617115955802	261.2617115955802	0.7945945945945946	74	10	42	29.830812614470716	0.0	0	0	10
139	0.1	37.5	[1]	{1}	4.357675640261219	3.2775184510090805	3.2775184510090805	0.0	0	460.4219677858057	39.57803221419431	0.792416771950149	83	19	51	40.208797710072254	0.0	0	0	19
264	0.1	37.5	[1]	{2}	8.152380862226982	6.35370585667391	6.35370585667391	0.0	0	23.450070992112185	476.54992900788784	0.6457765999379483	20	2	11	5.666950780913234	0.0	0	0	2
202	0.1	37.5	[1]	{0}	12.366467315232176	9.008868181092536	9.008868181092536	0.0	0	545.4536927863957	45.45369278639566	0.35355339059327373	7	1	4	2.8490926144272084	0.0	0	0	1
388	0.1	37.5	[3]	{2}	2.4866029720258624	2.0038899680648465	2.1408726598686036	0.0	0	196.8929981812835	303.1070018187165	1.7962924780409972	44	36	40	25.595361938163638	2.6592919439310583	0	0	36
326	0.1	37.5	[2]	{2}	6.488330116174104	5.064409312906457	5.357816542664482	0.0	0	59.9455155897885	440.0544844102115	0.16709679845289202	126	62	94	54.13020537190138	2.780403534954257	0	0	62
16	0.1	37.5	[1]	{1}	3.1024284472110524	2.1572914147403806	2.1572914147403806	0.0	0	952.2782983258368	452.2782983258368	0.5095246653650681	12	4	8	4.531773613393305	0.0	0	0	4
140	0.1	37.5	[1]	{0}	3.8815702649327686	2.9137842334437134	2.9137842334437134	0.0	0	163.95608521997923	336.04391478002077	1.3416407864998738	4	2	3	2.0298682556599377	0.0	0	0	2
450	0.1	37.5	[2]	{0}	5.18787651592149	4.661162413953454	4.665327491461774	0.0	0	741.1450133658944	241.14501336589444	0.7933535101616733	141	41	91	55.471543944094314	2.0886613199115454	0	0	41
79	0.1	37.5	[1]	{0}	5.809129768022453	4.096031534723408	4.096031534723408	0.0	0	809.5928318798542	309.5928318798542	0.9258200997725514	6	0	3	1.8874071681201459	0.0	0	0	0
265	0.1	37.5	[1]	{0}	11.141353631245373	7.80617329644681	7.80617329644681	0.0	0	941.644012462348	441.644012462348	0.6546536707079772	6	2	4	3.2277119750753043	0.0	0	0	2
203	0.1	37.5	[2]	{1}	3.601088987398838	3.01791869502315	3.12784118604051	0.0	0	865.6975375488402	365.69753754884016	2.1109869693237644	91	63	77	43.60168468383698	1.627879769148601	0	0	63
327	0.1	37.5	[3]	{1}	5.69919016461355	4.6011304671595665	4.554273726745032	0.0	0	105.33562698401526	394.6643730159847	0.8379811390362739	112	30	71	43.64247324602495	2.3577743652893854	0	0	30
389	0.1	37.5	[2]	{0}	2.2192034033892423	1.8085377664022715	1.7735285639339684	0.0	0	597.5750833749768	97.57508337497677	3.024554978263326	42	8	25	17.027824249625212	1.0227193045041847	0	0	8
17	0.1	37.5	[2]	{2}	2.115487153348445	1.759087745971179	1.8095306220901763	0.0	0	952.8095901478082	452.8095901478082	2.2533018970105996	54	46	50	26.23637803349644	0.863186797577854	0	0	46
141	0.1	37.5	[2]	{0}	3.6316579270110574	2.8222513214511737	2.7921464949511523	0.0	0	145.47055191360403	354.529448086396	0.6797734466037405	78	10	44	29.59917545358092	1.0612324141514604	0	0	10
451	0.1	37.5	[1]	{0}	4.870471160614229	3.481482717277511	3.481482717277512	0.0	0	573.3752083033324	73.37520830333244	0.45226701686664544	32	0	16	11.824249583393335	0.0	0	0	0
80	0.1	37.5	[3]	{1}	5.576435163712516	4.393561603927496	4.557022017854852	0.0	0	92.3807655926795	407.6192344073205	1.9530221963710708	116	60	88	53.25093818504365	3.3985776745218215	0	0	60
266	0.1	37.5	[1]	{1}	4.4970402393575695	3.2857472320439114	3.285747232043911	0.0	0	464.5691332407295	35.43086675927049	0.1516196087157807	59	1	30	22.626000000000005	0.0	0	0	1
328	0.1	37.5	[3]	{1}	1.284245591693814	1.0938780704319804	1.0904841739124815	0.0	0	609.1284300200641	109.12843002006412	2.148792147302222	29	11	20	14.100999999999999	1.0494998626334258	0	0	11
204	0.1	37.5	[2]	{0}	8.684413324147945	7.186677737976898	7.401098632092963	0.0	0	195.5938111059366	304.4061888940634	1.1945331973254876	193	97	145	89.44385114381834	3.7632826885358384	0	0	97
390	0.1	37.5	[1]	{1}	1.7221127933401306	1.558570079490845	1.558570079490845	0.0	0	365.7843703404071	134.21562965959288	0.7319250547113999	13	1	7	5.2869218517020355	0.0	0	0	1
142	0.1	37.5	[3]	{2}	1.6602320647915023	1.4166209211764351	1.3587244015779263	0.0	0	80.57511923834679	419.4248807616532	0.5709136102183887	40	8	25	16.4827770270519	1.0464406996755924	0	0	10
452	0.1	37.5	[2]	{1}	1.614524081762163	1.3576570625626445	1.3928516918430258	0.0	0	181.34037940762943	318.6596205923706	1.1587309190046422	32	14	23	13.457147967560218	0.696035490365621	0	0	14
18	0.1	37.5	[2]	{2}	2.5043187233398365	1.8526277473703257	1.9623773182501494	0.0	0	956.1275155283512	456.1275155283512	0.7201760732193119	61	25	43	19.3785168322809	0.950829555625503	0	0	25
81	0.1	37.5	[2]	{0}	2.8565968145181015	2.259687184852184	2.2126432863232446	0.0	0	956.6423958167431	456.64239581674315	0.7485339206095007	54	10	32	20.704012917131188	0.8873661906198095	0	0	10
267	0.1	37.5	[2]	{2}	4.752197786051848	4.5987499148836015	4.609662906750068	0.0	0	902.620889246464	402.620889246464	0.33863227057062156	153	115	134	74.95804261946672	2.260668896153099	0	0	115
329	0.1	37.5	[1]	{0}	5.573084260744152	4.029667564269399	4.029667564269398	0.0	0	287.5801068730652	212.41989312693482	0.5515177247734714	45	1	23	16.213220961857587	0.0	0	0	1
205	0.1	37.5	[2]	{2}	4.171243876176197	4.035777810284299	4.001749693291813	0.0	0	306.56894179992383	193.43105820007617	0.6333815289161512	139	31	85	54.185084285793806	2.092046334717915	0	0	31
391	0.1	37.5	[1]	{1}	6.067104460052831	4.898889064375426	4.898889064375426	0.0	0	803.1692318618296	303.16923186182964	0.7142857142857143	13	1	7	4.94883076813817	0.0	0	0	1
143	0.1	37.5	[2]	{1}	2.724262045219322	2.4006086924559975	2.3941028896986207	0.0	0	311.11166067421453	188.88833932578547	0.972111104761179	69	11	40	25.70724310562015	1.0664144524841137	0	0	11
19	0.1	37.5	[1]	{1}	3.4851163490904353	2.5207505062767446	2.5207505062767437	0.0	0	539.108003489673	39.108003489673024	0.44095855184409843	23	5	14	10.182648020938037	0.0	0	0	5
453	0.1	37.5	[2]	{2}	3.8971647424055593	3.404663957273759	3.458535560940499	0.0	0	371.7487317044288	128.2512682955712	0.18856180831641267	125	31	78	56.62243151203916	1.9300005263658941	0	0	31
82	0.1	37.5	[2]	{1}	2.9034506637535555	2.345774027250603	2.3253545082619276	0.0	0	665.2704307343812	165.2704307343812	1.0516022760239612	48	4	26	18.788377415593715	0.9971813381235848	0	0	4
268	0.1	37.5	[1]	{1}	11.231176906072493	8.012377392534969	8.012377392534969	0.0	0	87.10730029270059	412.8926997072994	0.2886751345948129	8	2	5	3.536321900878101	0.0	0	0	2
330	0.1	37.5	[2]	{1}	2.018180492293399	1.6274414573550418	1.6284711529125213	0.0	0	661.524552619085	161.52455261908494	1.2993737310809603	42	10	26	18.75665626333281	0.6257557614908977	0	0	10
392	0.1	37.5	[3]	{2}	4.3669363820882365	3.6536491868915424	3.6880903262531874	0.0	0	185.29389775358143	314.7061022464186	1.685016146252101	88	42	65	44.66446201238966	3.4125433754482484	0	0	42
206	0.1	37.5	[3]	{2}	5.266215275214142	4.6059890196731486	4.561152096898462	0.0	0	756.8874747958034	256.8874747958034	5.005514950231633	129	77	103	69.14796383582244	5.06646427887849	0	0	77
20	0.1	37.5	[3]	{1}	1.6549673582078226	1.5109948769107726	1.4690316900051654	0.0	0	44.174099806696255	455.82590019330377	0.3979185818079683	28	12	20	10.263481996133926	1.9145090516677463	0	0	12
454	0.1	37.5	[3]	{1}	2.988261791541641	2.8042434072233746	2.540978460663786	0.0	0	121.68399896472695	378.3160010352731	2.9754088720752576	84	28	56	35.6605199689418	3.094143300473146	0	0	28
144	0.1	37.5	[2]	{0}	4.083649478722667	3.1248465101125555	3.2602377782027627	0.0	0	39.94147176854312	460.0585282314569	0.42163702135578396	79	33	56	31.670073588427154	1.5127044382654857	0	0	33
83	0.1	37.5	[1]	{0}	12.97189041629564	9.289684656215323	9.289684656215323	0.0	0	84.31286970153454	415.6871302984655	0.7977053835139076	46	12	29	16.65519600313529	0.0	0	0	12
269	0.1	37.5	[1]	{2}	7.405928100024845	6.708979597487836	6.708979597487836	0.0	0	886.6124188061805	386.6124188061805	1.1322192752222155	168	54	111	66.66914570057577	0.0	0	0	54
331	0.1	37.5	[1]	{1}	2.2419925056668606	2.1045069828587106	2.1045069828587106	0.0	0	858.4380208048972	358.4380208048972	0.22140372138502384	29	3	16	11.587495833560823	0.0	0	0	3
207	0.1	37.5	[2]	{0}	4.774128669759157	3.7589171553768828	3.686849103307324	0.0	0	280.24646779522294	219.75353220477706	1.0458762884912045	80	8	44	32.36649293559044	1.6277342277447504	0	0	8
393	0.1	37.5	[2]	{0}	4.41642999364067	3.718533231007729	3.74178442692283	0.0	0	765.9984508063646	265.99845080636464	0.8184119965604033	110	42	76	52.18809914839265	1.6209804501464689	0	0	42
21	0.1	37.5	[1]	{1}	2.1436972619302477	1.5203881096698826	1.5203881096698826	0.0	0	910.8904830645772	410.8904830645772	0.4629100498862757	6	2	4	3.427	0.0	0	0	2
145	0.1	37.5	[3]	{1}	6.723803514311657	6.24395794390694	5.9635319214299685	0.0	0	41.21208470314747	458.78791529685253	0.6341798826642056	166	92	129	68.02881391026824	7.976666650518931	0	0	92
455	0.1	37.5	[1]	{1}	5.482640971672512	4.917840562267649	4.917840562267649	0.0	0	475.50621465779847	24.493785342201534	0.4535573676110727	20	2	11	8.019518643973395	0.0	0	0	2
84	0.1	37.5	[1]	{0}	3.947115101053813	3.416814759914597	3.416814759914597	0.0	0	700.8802455384285	200.88024553842854	1.5506297721142128	76	20	48	32.61559263384714	0.0	0	0	20
270	0.1	37.5	[3]	{1}	3.3273210458257694	2.8787774198530496	2.8778640619909766	0.0	0	558.8431018404663	58.84310184046626	4.804658174783251	82	52	67	45.94198106503115	3.0745081400003302	0	0	52
394	0.1	37.5	[3]	{2}	1.5860862494650627	1.2268278462998086	1.2243653119392333	0.0	0	655.270601855591	155.27060185559105	0.35019299698185735	36	6	21	14.090482175877316	0.29426462914384527	0	0	6
332	0.1	37.5	[2]	{2}	4.604495690087733	4.195751770993841	4.188416260580919	0.0	0	58.753235964104505	441.24676403589547	0.29481738963820076	104	78	91	44.035038000805315	1.9027929236599603	0	0	78
208	0.1	37.5	[1]	{1}	7.3509399085681375	5.974614532447575	5.974614532447575	0.0	0	5.900425836443956	494.09957416355604	0.8991223791184262	63	13	38	20.735216181784864	0.0	0	0	13
22	0.1	37.5	[1]	{1}	4.9958092096474935	3.3827106298984346	3.382710629898435	0.0	0	944.938466884196	444.93846688419603	0.2581988897471611	9	3	6	3.5273691986948235	0.0	0	0	3
146	0.1	37.5	[3]	{2}	11.207528744699673	9.770269744828923	9.818235522556776	0.0	0	225.67702224478128	274.32297775521874	4.900492961765009	241	143	193	133.28556564712898	11.475563188863635	0	0	145
456	0.1	37.5	[1]	{2}	4.632563332773409	4.180004969027923	4.180004969027923	0.0	0	888.5015747509898	388.5015747509898	1.5289415743128767	87	9	48	29.515946458466356	0.0	0	0	9
85	0.1	37.5	[2]	{1}	2.9712057333141977	2.4517695812718823	2.314830576486837	0.0	0	942.5060180947188	442.5060180947188	0.5327187946132009	64	8	36	20.37879538477956	1.1386901785542505	0	0	8
271	0.1	37.5	[2]	{0}	4.194673699579756	3.199555857181654	3.214366870189477	0.0	0	142.2530780546366	357.7469219453634	0.5098125449891903	85	5	45	29.117351575803003	1.1584308322564365	0	0	5
209	0.1	37.5	[3]	{2}	4.454598456618613	3.425465455205205	3.5346597464294565	0.0	0	289.4069210160524	210.59307898394758	3.3266282704284142	94	44	69	48.391800709465514	2.068195682956483	0	0	44
333	0.1	37.5	[1]	{1}	2.653722671715652	2.0749595336236593	2.0749595336236593	0.0	0	836.9497973471881	336.9497973471881	0.08770580193070293	19	1	10	5.891502026528118	0.0	0	0	1
395	0.1	37.5	[1]	{1}	3.8499299125499604	2.8328748784544553	2.8328748784544553	0.0	0	64.31764783337707	435.68235216662293	0.3333333333333333	8	4	6	3.3959058870002625	0.0	0	0	4
23	0.1	37.5	[2]	{0}	4.087512249103854	3.7227218873510886	3.533179109050728	0.0	0	835.3414111770687	335.3414111770687	2.7945547684840424	103	13	58	36.30756379643828	2.05464628225691	0	0	13
147	0.1	37.5	[2]	{0}	6.694911734351096	6.258464779741398	6.253552598053803	0.0	0	457.7444447204471	42.25555527955288	0.9384996000012742	189	1	95	71.28161109317091	3.0223461010521055	0	0	1
457	0.1	37.5	[2]	{1}	8.756061370847167	7.377501060090545	7.149530771598036	0.0	0	693.9477405976507	193.94774059765075	3.507544837506391	170	16	93	68.36563418418353	3.946921299074467	0	0	16
86	0.1	37.5	[3]	{1}	3.2594215899526633	3.0098295146318175	3.058722859586784	0.0	0	883.3818053826692	383.3818053826692	3.1477883392266754	83	79	81	47.365655428595836	5.040785067145206	0	0	79
272	0.1	37.5	[3]	{1}	8.767798238502365	6.85379968819236	7.098636730868103	0.0	0	790.1861593127252	290.1861593127252	2.6469740260544845	173	79	126	77.52224566185471	5.026028469674649	0	0	79
210	0.1	37.5	[1]	{2}	4.893278147976426	3.629414563023251	3.62941456302325	0.0	0	152.5830132886767	347.41698671132326	nan	1	1	1	0.4865830132886767	0.0	0	0	1
334	0.1	37.5	[1]	{0}	7.430027911399833	5.585003608863298	5.585003608863298	0.0	0	333.60066078603256	166.39933921396744	1.8516401995451028	6	2	4	2.5784026431441305	0.0	0	0	2
396	0.1	37.5	[1]	{0}	4.923801636729054	3.9380305009929817	3.9380305009929817	0.0	0	593.0756996385752	93.0756996385752	0.3055050463303894	29	7	18	13.911999999999999	0.0	0	0	7
24	0.1	37.5	[1]	{0}	7.226204471735453	5.2959524592881895	5.2959524592881895	0.0	0	786.9652034714819	286.9652034714819	0.38563559260202857	75	1	38	25.46697430279851	0.0	0	0	1
148	0.1	37.5	[1]	{1}	2.0829632269022866	1.7674627592061727	1.7674627592061725	0.0	0	260.9920934773982	239.0079065226018	1.414213562373095	5	5	5	3.3789762804321946	0.0	0	0	5
458	0.1	37.5	[1]	{1}	7.18208925565083	5.917403364021366	5.917403364021366	0.0	0	550.1754907891154	50.17549078911543	0.07692307692307693	26	2	14	10.901	0.0	0	0	2
87	0.1	37.5	[1]	{2}	4.811687171206735	3.8725299389322374	3.8725299389322374	0.0	0	125.75390655547383	374.2460934445262	0.0	11	1	6	4.424507813110947	0.0	0	0	1
273	0.1	37.5	[1]	{1}	4.228009027795929	3.815559900242226	3.815559900242226	0.0	0	539.0147487632931	39.01474876329314	0.5228869856160021	41	7	24	17.928000000000004	0.0	0	0	7
211	0.1	37.5	[2]	{1}	2.4928094565487697	2.2369754572505602	2.236964508388758	0.0	0	499.1265337448569	0.8734662551431143	0.2809757434745082	63	5	34	26.196457055144005	1.0030947369461227	0	0	5
335	0.1	37.5	[1]	{1}	6.235784565374972	5.830151243631473	5.830151243631473	0.0	0	253.5618320107461	246.4381679892539	0.5773502691896257	17	1	9	6.119809160053731	0.0	0	0	1
397	0.1	37.5	[2]	{0}	6.4971782455696605	6.197122946583594	5.576870859243805	0.0	0	861.6296243853868	361.6296243853868	3.260912886368677	153	9	81	49.560000424783674	4.043440134762066	0	0	9
25	0.1	37.5	[2]	{0}	1.9927704268431954	1.5205639695944022	1.5146437295194268	0.0	0	794.0101244021205	294.0101244021205	0.3	35	5	20	14.511878507174552	0.5383946936767958	0	0	5
149	0.1	37.5	[1]	{1}	4.820917598937564	3.991141410282278	3.9911414102822786	0.0	0	898.3595140744002	398.3595140744002	0.4895354638983791	25	1	13	7.606764373330399	0.0	0	0	1
459	0.1	37.5	[1]	{1}	5.382367328095698	5.125091825282119	5.125091825282119	0.0	0	708.6421218700708	208.6421218700708	1.5491933384829668	4	4	4	3.3689999999999998	0.0	0	0	4
274	0.1	37.5	[3]	{1}	5.271499000286939	4.927814700108055	4.973675791788661	0.0	0	72.35102611593908	427.6489738840609	3.97455132548552	128	122	125	69.57726184663737	8.267652369349763	0	0	122
88	0.1	37.5	[1]	{2}	6.560165271650948	6.108521589967348	6.108521589967348	0.0	0	420.0167865492404	79.98321345075959	1.930475401535844	168	4	86	66.9163621111289	0.0	0	0	4
212	0.1	37.5	[3]	{0}	5.4780490621121345	5.319624340512987	5.32506050503674	0.0	0	696.3994868565351	196.39948685653508	9.959922620585896	155	153	154	111.09762873603407	9.75986878537626	0	0	153
336	0.1	37.5	[2]	{0}	3.6270498666672504	2.775853237174092	2.7950415198491725	0.0	0	567.8395456634463	67.8395456634463	0.12108110291933624	64	4	34	26.26167909132689	1.2643646287219923	0	0	4
398	0.1	37.5	[3]	{2}	4.956970605620448	4.689445391463039	4.6489599707593605	0.0	0	643.8669436611235	143.8669436611235	7.993260147912602	153	133	143	106.59418919721614	7.7312649096112755	0	0	133
150	0.1	37.5	[3]	{2}	3.581563645337136	2.962240384257931	2.922207144979738	0.0	0	566.9122820254415	66.91228202544153	4.283152429793049	63	31	47	35.487684230381625	2.486569622821791	0	0	31
26	0.1	37.5	[1]	{0}	7.046176016141301	4.88224709667644	4.88224709667644	0.0	0	226.9641468301416	273.0358531698584	0.7745966692414834	9	1	5	4.137820734150708	0.0	0	0	1
460	0.1	37.5	[1]	{1}	5.872946065419528	5.44747513719091	5.44747513719091	0.0	0	525.4649447742851	25.464944774285073	0.43574467033059505	157	5	81	61.49892251484283	0.0	0	0	5
275	0.1	37.5	[1]	{2}	3.1811561225298552	2.817484942657555	2.817484942657555	0.0	0	902.4818376637996	402.48183766379964	0.14484136487558028	21	9	15	10.208663461025804	0.0	0	0	9
89	0.1	37.5	[2]	{1}	3.4700854679976114	2.811089668600774	2.8938639720673733	0.0	0	633.6100846529008	133.6100846529008	2.2351909160902896	77	39	58	41.09547729110719	1.7783426138811425	0	0	39
213	0.1	37.5	[1]	{2}	5.744721849364929	4.986574034529357	4.986574034529357	0.0	0	435.9675222076476	64.03247779235238	0.3681867696240635	39	7	23	17.747032477792352	0.0	0	0	7
399	0.1	37.5	[1]	{1}	11.354702787139072	7.999058710573003	7.999058710573003	0.0	0	872.5338745862246	372.53387458622456	0.4472135954999579	4	2	3	2.4705338745862244	0.0	0	0	2
337	0.1	37.5	[2]	{0}	3.880067935788892	3.1275615635097003	3.0326192396060496	0.0	0	854.9195777159182	354.9195777159182	1.8545190464878887	87	3	45	25.24513646907919	1.3600890383808049	0	0	3
151	0.1	37.5	[3]	{1}	1.8443675538035587	1.526257813074329	1.5175242170202026	0.0	0	206.2930054962636	293.7069945037364	1.2089410496539776	37	15	26	15.704688087940216	1.1037241575260113	0	0	15
27	0.1	37.5	[2]	{2}	6.7296938397388715	6.46583374352762	6.530098491979002	0.0	0	111.40338750556116	388.59661249443883	0.2352468566654155	193	141	166	92.66934877590096	3.3306280740786924	0	0	139
461	0.1	37.5	[3]	{1}	3.236168988925426	2.674055874254238	2.8365963715637177	0.0	0	202.232002746314	297.76799725368596	4.699250606152735	95	75	85	55.83268816203253	3.821619921498595	0	0	75
276	0.1	37.5	[2]	{2}	2.074736579817068	1.7601596938405804	1.7510203134348656	0.0	0	550.7923776749523	50.79237767495226	1.119902050184162	38	10	24	18.456584755349905	0.893588085275646	0	0	10
90	0.1	37.5	[2]	{0}	9.28354017682857	7.392922919550285	7.596170927707848	0.0	0	276.7132455483079	223.2867544516921	0.25318008708135536	212	68	140	92.50388350141051	3.864656392322954	0	0	68
214	0.1	37.5	[1]	{2}	7.025875892462969	6.579248438139164	6.579248438139164	0.0	0	336.08299470506614	163.91700529493386	0.5157020777292995	141	29	85	56.09456064523942	0.0	0	0	29
400	0.1	37.5	[1]	{2}	4.262368125074092	4.019654343718557	4.019654343718557	0.0	0	441.72410946339375	58.275890536606255	0.9265455315706717	45	5	25	18.228206298731266	0.0	0	0	5
338	0.1	37.5	[2]	{1}	3.2721109318922146	2.7358648129511587	2.783928301498228	0.0	0	212.3220518697054	287.67794813029457	1.476020250076461	73	41	57	35.16678054161556	1.3149467766012977	0	0	41
152	0.1	37.5	[1]	{1}	13.692936245649936	9.345500179227315	9.345500179227315	0.0	0	276.7623895779253	223.23761042207468	0.5	7	1	4	2.8400495583117014	0.0	0	0	1
28	0.1	37.5	[3]	{1}	6.56031287557172	5.502547426718601	5.4341697259371635	0.0	0	961.7393168155104	461.7393168155104	0.3751552643111077	150	50	100	52.82450421934202	4.259567793535834	0	0	50
462	0.1	37.5	[2]	{0}	6.168702812172132	5.494700315328899	5.468725355469877	0.0	0	972.3081330303104	472.3081330303104	1.9358625045089426	175	121	149	71.99108817848374	2.439369741415526	0	0	123
277	0.1	37.5	[1]	{2}	7.0936720529021375	5.8784479967352485	5.8784479967352485	0.0	0	750.0094030983747	250.00940309837472	1.036470239335977	28	6	17	11.86991537211463	0.0	0	0	6
215	0.1	37.5	[3]	{2}	5.486762017295769	4.809863202980552	4.601249434982	0.0	0	151.1994400061667	348.8005599938333	2.8194958149013636	115	55	85	55.33557032032684	4.487512347045886	0	0	55
91	0.1	37.5	[2]	{2}	4.993701731993452	4.16087772883797	4.168859914911721	0.0	0	445.20365959033376	54.79634040966624	0.16005755281341905	112	10	61	46.53135242532565	1.8176791066976095	0	0	10
401	0.1	37.5	[1]	{2}	3.3154414494205016	3.055358356088677	3.0553583560886772	0.0	0	559.9669651128353	59.96696511283528	0.1860521018838127	23	7	15	12.223165174435826	0.0	0	0	7
339	0.1	37.5	[3]	{2}	3.8470559877253305	3.1979614131309453	3.2411153093434364	0.0	0	553.5940092522651	53.594009252265096	4.61798324279866	103	51	77	56.46039769467523	3.651786547697059	0	0	51
153	0.1	37.5	[1]	{2}	3.6015209810656668	3.3588936639718385	3.3588936639718385	0.0	0	838.935353094712	338.935353094712	1.9171757985232678	82	0	41	26.961521229306232	0.0	0	0	0
29	0.1	37.5	[3]	{1}	1.4449296689051483	1.1567882687252156	1.1269290990308705	0.0	0	40.72414198890345	459.27585801109655	0.04233337566673017	30	10	20	10.537586271822455	0.41086836307815944	0	0	10
463	0.1	37.5	[3]	{0}	4.492461598177488	3.6963715173365363	3.7942758277159765	0.0	0	282.7666958328337	217.2333041671663	4.238077655176013	98	66	82	58.13380139997603	3.850124420376236	0	0	66
278	0.1	37.5	[2]	{0}	1.403287808166358	1.1249856327630403	1.1794307849622299	0.0	0	311.93827185779816	188.06172814220184	1.2309814439362257	36	14	25	19.754074077866967	0.7672936972687259	0	0	14
216	0.1	37.5	[3]	{1}	1.8616167144404214	1.5969735793080535	1.6559649546183606	0.0	0	701.0943894274535	201.0943894274535	2.9826533372540225	42	34	38	26.50973465374111	2.3713710220156576	0	0	34
340	0.1	37.5	[3]	{2}	4.269315512486543	3.8814162268932555	3.892340846453186	0.0	0	864.0709533356131	364.0709533356131	4.872069493835113	112	84	98	60.15260089319198	5.552840538668878	0	0	84
92	0.1	37.5	[1]	{1}	6.5544565550156655	6.462225272011514	6.462225272011514	0.0	0	165.61686364002543	334.38313635997457	0.1877810107252081	44	6	25	16.949252954600382	0.0	0	0	6
402	0.1	37.5	[1]	{0}	7.863609486823754	6.704738921891092	6.704738921891091	0.0	0	815.4678596183659	315.4678596183659	1.20200501392952	49	5	27	17.28198210572451	0.0	0	0	5
30	0.1	37.5	[1]	{1}	8.122799783516092	7.954230472150233	7.954230472150233	0.0	0	943.155443761498	443.15544376149796	0.50709255283711	19	7	13	7.435290118623522	0.0	0	0	7
154	0.1	37.5	[1]	{0}	4.152094683794956	2.828401233331885	2.828401233331885	0.0	0	445.4169003292918	54.58309967070818	1.0606601717798212	7	1	4	2.495	0.0	0	0	1
464	0.1	37.5	[2]	{2}	1.4528146579501386	1.2145435986225541	1.2005964143146357	0.0	0	620.1335568912328	120.13355689123284	0.5342159675831923	40	0	20	12.601863089740275	0.5902864079265098	0	0	0
279	0.1	37.5	[2]	{0}	4.375604855999494	3.6830430305923763	3.7701641504297845	0.0	0	714.3326043151318	214.3326043151318	1.9568868387105216	104	46	75	48.1950459281467	1.988838003142394	0	0	46
217	0.1	37.5	[1]	{1}	4.506040581193517	3.5368013550287007	3.5368013550287007	0.0	0	792.8066509775819	292.80665097758185	0.12227899701112963	43	7	25	16.662513537291435	0.0	0	0	7
93	0.1	37.5	[3]	{0}	5.367495842399865	5.068722116907635	5.05277892042211	0.0	0	97.38845378160472	402.6115462183953	3.860296460822688	142	102	122	78.53940702521803	8.256855760695535	0	0	102
341	0.1	37.5	[1]	{2}	2.5297417447115387	2.3156316113751423	2.3156316113751423	0.0	0	694.3259539548309	194.32595395483088	0.4612236688714844	74	16	45	29.033591611580924	0.0	0	0	16
403	0.1	37.5	[1]	{2}	8.08450505901671	5.403217650966156	5.403217650966158	0.0	0	86.67581761255857	413.3241823874414	nan	1	1	1	0.9816758176125586	0.0	0	0	1
155	0.1	37.5	[1]	{2}	6.5527574781455495	5.7740313669899415	5.7740313669899415	0.0	0	693.578151986003	193.57815198600304	1.6872935309125854	36	4	20	13.179374784111976	0.0	0	0	4
31	0.1	37.5	[1]	{0}	3.187524863389802	3.051336268519008	3.051336268519008	0.0	0	555.6298808660356	55.62988086603559	1.7320508075688774	5	1	3	2.0643701191339643	0.0	0	0	1
465	0.1	37.5	[1]	{1}	6.4400493573108175	4.732351616027472	4.732351616027472	0.0	0	331.34282473474747	168.65717526525253	0.2927700218845599	24	0	12	8.785314350530506	0.0	0	0	0
280	0.1	37.5	[1]	{1}	3.8112829397891903	3.565521645877572	3.565521645877572	0.0	0	483.6504042614253	16.349595738574692	1.4924050144892729	10	6	8	5.95830080852285	0.0	0	0	6
94	0.1	37.5	[3]	{1}	3.918118265790536	3.3966180458560267	3.374868007622055	0.0	0	186.27778068184855	313.7222193181515	2.856412330806128	117	69	93	58.923166814774255	3.559563435922538	0	0	69
218	0.1	37.5	[1]	{1}	2.921195149815796	2.3670039371031506	2.3670039371031506	0.0	0	915.224239230156	415.22423923015594	1.6209858591947501	33	3	18	12.241860650777815	0.0	0	0	3
342	0.1	37.5	[3]	{1}	3.765599822019209	3.232476791034902	3.0515767939502143	0.0	0	938.9538450632244	438.95384506322443	0.4727031582950012	86	20	53	33.69798466228134	2.2311316342530283	0	0	20
404	0.1	37.5	[1]	{0}	9.212681095705573	7.712544092633542	7.712544092633543	0.0	0	476.7690608277916	23.230939172208423	1.1117467433488055	80	6	43	31.55030718248337	0.0	0	0	6
156	0.1	37.5	[2]	{1}	4.742336223911745	4.188754725512226	4.15842727721986	0.0	0	214.4304930698128	285.56950693018723	0.18373783168645175	109	39	74	45.54527352874729	1.8934590485021507	0	0	39
32	0.1	37.5	[2]	{1}	11.359623641135386	9.815370354169065	10.058474169704823	0.0	0	648.1869225390258	148.18692253902577	4.224381998421816	261	147	204	144.42521392898996	6.019183735035643	0	0	147
466	0.1	37.5	[1]	{0}	5.130915512877393	3.5510682805579625	3.5510682805579625	0.0	0	402.6497341692448	97.35026583075518	0.0	5	1	3	2.2530507974922656	0.0	0	0	1
281	0.1	37.5	[1]	{2}	3.428630544974974	2.89018279505313	2.89018279505313	0.0	0	672.3030488938094	172.30304889380943	0.7745966692414834	14	6	10	7.378393902212381	0.0	0	0	6
219	0.1	37.5	[1]	{1}	6.336064309960628	5.157258852194329	5.157258852194329	0.0	0	981.5098149701952	481.5098149701952	1.224744871391589	3	1	2	1.5829803700596097	0.0	0	0	1
95	0.1	37.5	[1]	{1}	1.9973496858417876	1.8773408665322089	1.8773408665322089	0.0	0	974.5189307723195	474.51893077231955	1.8708286933869709	43	1	22	9.35458352300897	0.0	0	0	1
343	0.1	37.5	[1]	{0}	5.2259245333835285	5.097463659021244	5.097463659021244	0.0	0	109.05643948353833	390.9435605164617	0.08164965809277261	19	1	10	5.700564394835383	0.0	0	0	1
405	0.1	37.5	[3]	{1}	4.11636924670346	3.502581340016677	3.544775481770452	0.0	0	605.3911175113171	105.39111751131713	5.607179463728759	99	69	84	61.30239541475102	4.060346039276885	0	0	69
157	0.1	37.5	[3]	{1}	7.984491285797843	6.222989925560632	6.777959643387207	0.0	0	953.7448063492776	453.7448063492776	0.8315218406202999	199	151	176	92.51336214601993	7.539817190144619	0	0	153
33	0.1	37.5	[2]	{1}	2.187482971012589	1.8635069770177086	1.8409950787086053	0.0	0	708.8482156395914	208.84821563959144	2.1042485851487323	52	16	34	22.563339255928994	0.8550443073348752	0	0	16
467	0.1	37.5	[2]	{0}	1.1819361824176933	0.8314416795410547	0.9633358923795013	0.0	0	996.3057865388694	496.30578653886937	0.8164965809277259	27	15	21	11.986578482683742	0.6381197154456195	0	0	15
282	0.1	37.5	[1]	{1}	6.133145098650957	4.733254634219836	4.733254634219837	0.0	0	276.7913243733347	223.2086756266653	0.0	3	1	2	1.4295826487466694	0.0	0	0	1
220	0.1	37.5	[1]	{2}	5.137386565464319	4.742173975027024	4.742173975027024	0.0	0	488.1443683989345	11.855631601065511	nan	1	1	1	0.9498556316010656	0.0	0	0	1
96	0.1	37.5	[3]	{2}	5.277885890275912	4.656987914064724	4.778568880585684	0.0	0	212.15845691040167	287.8415430895983	7.464959301142031	133	119	126	85.60245815608651	6.98362423394166	0	0	119
344	0.1	37.5	[3]	{2}	1.6918472788895476	1.3587338073624502	1.3525461256169313	0.0	0	596.6952627059072	96.69526270590723	0.8783100656536799	34	8	21	15.502695262705902	0.7332769023573052	0	0	8
406	0.1	37.5	[2]	{1}	2.6819289452734845	2.1759859700841515	2.3562251430212964	0.0	0	916.8687330093236	416.8687330093236	0.5643475915963383	66	52	59	25.366744752449907	1.447625006361542	0	0	52
158	0.1	37.5	[1]	{2}	6.35074877663474	4.839458361703821	4.839458361703819	0.0	0	851.702249608934	351.70224960893404	0.21004201260420147	16	4	10	7.913191001564263	0.0	0	0	4
34	0.1	37.5	[1]	{2}	7.728217083272847	6.385651923160317	6.385651923160317	0.0	0	761.1357348505408	261.13573485054076	0.7484916655521033	132	18	75	49.195163401426754	0.0	0	0	18
468	0.1	37.5	[1]	{0}	6.180301687596574	4.426016536460444	4.426016536460444	0.0	0	331.17858786135906	168.82141213864094	0.3933660408643115	39	3	21	15.982607290752231	0.0	0	0	3
221	0.1	37.5	[3]	{1}	2.4236745992404845	2.3543048225211605	2.336462448055896	0.0	0	804.2604965157809	304.2604965157809	4.914459238260073	74	70	72	50.195017160274084	4.20829376034686	0	0	70
97	0.1	37.5	[3]	{1}	3.967033449786873	3.398653019438975	3.3709658306162718	0.0	0	529.1679899673909	29.167989967390895	4.383431394603056	84	48	66	49.710999999999984	4.114757924609119	0	0	48
345	0.1	37.5	[2]	{1}	3.0034856017131943	2.811356807215734	2.7593516167238272	0.0	0	648.9166691899301	148.91666918993008	1.266345041473822	86	14	50	36.48583321726322	1.6068322491793128	0	0	14
283	0.1	37.5	[1]	{0}	5.466073870576923	4.901336359983634	4.901336359983634	0.0	0	243.8383959233761	256.1616040766239	0.39738867658750043	126	46	86	55.60204129832983	0.0	0	0	46
407	0.1	37.5	[1]	{1}	5.19511989623164	4.264418506315105	4.2644185063151046	0.0	0	692.6619973964989	192.66199739649892	1.44023807555755	29	3	16	9.748028015621008	0.0	0	0	3
159	0.1	37.5	[2]	{0}	9.018789400208735	8.55148132301466	8.459457905099775	0.0	0	702.7562474831941	202.7562474831941	1.4347646597537649	217	93	155	100.18988159983606	4.403925510385089	0	0	93
35	0.1	37.5	[1]	{2}	2.634382500154015	1.919828277968136	1.919828277968136	0.0	0	614.8182889446615	114.8182889446615	1.6666666666666667	8	4	6	4.169363422110677	0.0	0	0	4
469	0.1	37.5	[1]	{0}	4.8091651081027225	3.416512258468887	3.4165122584688867	0.0	0	891.6352624073626	391.6352624073626	0.07041787902195304	21	3	12	7.958917900741099	0.0	0	0	3
222	0.1	37.5	[1]	{0}	2.231577052514505	1.576540612478706	1.576540612478706	0.0	0	113.87968668714166	386.12031331285834	0.8486684247915055	20	4	12	6.993796866871416	0.0	0	0	4
98	0.1	37.5	[1]	{2}	6.831389971109269	5.564032868786763	5.564032868786763	0.0	0	17.811685800552397	482.18831419944763	0.8492077756084468	12	4	8	5.273493486404419	0.0	0	0	4
284	0.1	37.5	[1]	{1}	3.8304440323292055	3.2536475843585446	3.2536475843585446	0.0	0	50.75972131453471	449.2402786854653	0.815469540796783	85	11	48	25.260427737839525	0.0	0	0	11
346	0.1	37.5	[2]	{1}	5.228303976433354	4.064485783007981	4.066121375334276	0.0	0	120.98846235312529	379.01153764687473	0.9498030587127714	83	13	48	25.788538494125017	1.4562848027813295	0	0	13
408	0.1	37.5	[2]	{0}	5.869245377404957	4.639106433766263	4.882347951392507	0.0	0	959.5186410006136	459.51864100061357	0.7606087305741639	119	89	104	57.89109861793741	2.477065089027824	0	0	89
160	0.1	37.5	[1]	{1}	5.832527750722217	4.072275415013997	4.072275415013997	0.0	0	904.926591552794	404.926591552794	1.1832159566199232	19	5	12	8.02973408447206	0.0	0	0	5
36	0.1	37.5	[1]	{2}	7.381301025866605	6.980341899136469	6.980341899136469	0.0	0	356.24285973608505	143.75714026391495	0.6780164196759474	205	57	131	91.18141458912199	0.0	0	0	57
470	0.1	37.5	[1]	{2}	3.5725078628008995	3.184053456351991	3.184053456351991	0.0	0	589.8086058441551	89.80860584415507	0.8506670640041923	79	15	47	35.294402065584435	0.0	0	0	15
223	0.1	37.5	[1]	{0}	1.9261550517542454	1.5306831229364741	1.5306831229364741	0.0	0	515.8873414620757	15.88734146207571	nan	2	0	1	0.5928873414620757	0.0	0	0	0
99	0.1	37.5	[2]	{0}	2.9029968776846307	2.4167254200347648	2.4568333499649593	0.0	0	687.4134957324715	187.41349573247146	0.3609941025577121	67	21	44	30.12576813656091	1.2193426045037419	0	0	21
285	0.1	37.5	[1]	{2}	8.442905435741917	6.401358033410449	6.401358033410449	0.0	0	472.3393637686968	27.660636231303215	1.0	7	1	4	3.103678727537394	0.0	0	0	1
347	0.1	37.5	[1]	{0}	4.26689776524401	2.9996102154812787	2.999610215481279	0.0	0	924.5223621837796	424.5223621837796	0.19245008972987526	17	1	9	4.624298740345983	0.0	0	0	1
409	0.1	37.5	[3]	{2}	1.9167350340567753	1.6452373589685272	1.678596473352869	0.0	0	872.796620707959	372.79662070795905	1.8789799212060574	45	33	39	21.48571151663735	2.0178449965781455	0	0	33
161	0.1	37.5	[1]	{0}	2.4140957239355774	2.0074220126884703	2.0074220126884703	0.0	0	197.65248964540652	302.3475103545935	1.3051850751559846	58	18	37	23.00653215829841	0.0	0	0	16
37	0.1	37.5	[3]	{1}	3.8420222932756016	3.4915842492880573	3.283264200657182	0.0	0	774.7020048554989	274.7020048554989	3.3407239412750713	100	42	72	50.42515188346804	3.9723290565623075	0	0	44
471	0.1	37.5	[1]	{1}	2.6206356824708514	1.9061583125549852	1.9061583125549852	0.0	0	994.6950254961848	494.6950254961848	1.0	2	0	1	0.33930497450381514	0.0	0	0	0
224	0.1	37.5	[1]	{1}	6.909517765887058	6.727319218270999	6.727319218270999	0.0	0	879.255874315277	379.25587431527697	0.7513513513513513	74	2	38	22.9813472678028	0.0	0	0	2
100	0.1	37.5	[2]	{0}	1.8036292029283676	1.4768308211352252	1.4493932448060758	0.0	0	876.1109225451949	376.11092254519485	0.7531185165696034	47	9	28	14.912116013824933	0.6205293998460519	0	0	9
348	0.1	37.5	[1]	{1}	1.8489267265199205	1.5245643586808322	1.5245643586808322	0.0	0	129.28713602013892	370.7128639798611	0.42483088802776553	39	11	25	14.425455584382636	0.0	0	0	11
286	0.1	37.5	[1]	{2}	8.65595257630802	8.057322900482704	8.057322900482704	0.0	0	773.5889554023743	273.58895540237427	0.02925598200280788	217	105	162	98.9841229572296	0.0	0	0	107
410	0.1	37.5	[1]	{0}	6.04774761065428	4.2585796172434005	4.2585796172434005	0.0	0	657.5657860375941	157.56578603759408	nan	0	0	0	0.0	0.0	0	0	0
162	0.1	37.5	[1]	{0}	3.9784195696121207	3.8411486759530797	3.8411486759530797	0.0	0	834.9832049570979	334.9832049570979	0.13542386289539016	105	63	85	53.91039398856088	0.0	0	0	65
38	0.1	37.5	[1]	{1}	1.9127116085539357	1.5824108195203987	1.5824108195203987	0.0	0	145.68045176565653	354.3195482343435	0.4006849509256307	33	1	17	10.642124065890908	0.0	0	0	1
472	0.1	37.5	[3]	{2}	4.645843209981077	4.4440845473995925	4.388095689537983	0.0	0	67.70403916016215	432.29596083983785	3.2976190476190474	146	128	137	77.01578066005929	7.359221363967415	0	0	128
225	0.1	37.5	[1]	{0}	2.78392250877293	1.9925467499805747	1.992546749980575	0.0	0	781.1903725378216	281.19037253782164	1.5348515337873012	29	7	18	10.96785776477307	0.0	0	0	7
101	0.1	37.5	[2]	{2}	3.204528883672844	3.05930615541154	3.0421560966753365	0.0	0	612.6625074539335	112.66250745393347	1.5712149398744502	96	6	52	38.89387462730333	1.592116730631906	0	0	8
411	0.1	37.5	[3]	{2}	2.3902018198977544	1.7854292137743486	1.8204206444142286	0.0	0	977.2521976847202	477.25219768472016	0.6399980650125547	37	1	19	10.981208243990316	0.29547276816168977	0	0	1
349	0.1	37.5	[1]	{2}	2.585679194766619	1.9329710972480543	1.9329710972480543	0.0	0	470.077166799456	29.922833200544005	1.1347330292271605	29	9	19	14.554231500398366	0.0	0	0	9
287	0.1	37.5	[2]	{0}	8.817213650212114	7.5260078485524975	7.528350517143862	0.0	0	4.59834793582553	495.40165206417447	1.8295889732043735	176	84	130	61.21978523165732	3.124472518802115	0	0	84
473	0.1	37.5	[3]	{1}	5.6038751131953015	5.349066347647138	5.35431757569166	0.0	0	421.3410208467397	78.6589791532603	10.031355934651259	164	154	159	119.66038714592713	9.278049349138751	0	0	154
39	0.1	37.5	[2]	{1}	2.6714360543640137	2.2392451971772966	2.209699518375028	0.0	0	350.71608261205284	149.28391738794716	2.4119142212717337	60	6	33	24.724419586939742	1.071897511346	0	0	6
163	0.1	37.5	[2]	{2}	9.483942788820473	8.3232718928926	8.426546566294405	0.0	0	191.55894359573725	308.4410564042628	2.4268677231306137	201	83	142	87.21301632902026	4.019403079056314	0	0	83
226	0.1	37.5	[1]	{0}	15.797295924609548	10.928936080149839	10.92893608014984	0.0	0	510.4115558788181	10.411555878818092	nan	0	0	0	0.0	0.0	0	0	0
102	0.1	37.5	[1]	{0}	11.521337086406103	9.915560219024197	9.915560219024197	0.0	0	851.9964963197709	351.9964963197709	1.2272892320802116	32	0	16	10.15604204416275	0.0	0	0	0
350	0.1	37.5	[3]	{1}	2.7237673785363574	2.1293101612892036	2.1631963047546727	0.0	0	943.350093206391	443.35009320639097	0.9008466072778082	55	15	35	21.1404469241891	1.0393981874384206	0	0	15
412	0.1	37.5	[1]	{2}	18.12898568591981	13.355209750521823	13.355209750521823	0.0	0	63.3456693030894	436.6543306969106	0.7142857142857143	13	1	7	4.181728346515446	0.0	0	0	1
288	0.1	37.5	[1]	{2}	1.4308673319724854	1.1888552583653504	1.1888552583653504	0.0	0	704.6319453511387	204.6319453511387	0.166282198642108	30	6	18	13.41694443719089	0.0	0	0	6
40	0.1	37.5	[1]	{1}	5.657176205504742	5.117913700490881	5.117913700490881	0.0	0	377.1501528099181	122.8498471900819	0.4355197117867786	30	0	15	12.362450458429754	0.0	0	0	0
474	0.1	37.5	[2]	{1}	6.10309198716937	5.762395536066637	5.48000607647043	0.0	0	207.67654757946744	292.3234524205326	3.2451333743185984	160	48	104	63.70165475794675	3.3944772028189214	0	0	48
164	0.1	37.5	[2]	{2}	1.9251312009977655	1.7142852701567004	1.71435358411641	0.0	0	595.4099732916803	95.40997329168033	0.4365641250653994	50	10	30	21.153160640999676	0.7525039880073492	0	0	10
227	0.1	37.5	[2]	{0}	3.4455785746144554	2.59102934779541	2.7685665508091186	0.0	0	120.972915785387	379.027084214613	1.2650232035183164	66	26	46	27.586133305132382	1.5141796822408737	0	0	26
103	0.1	37.5	[3]	{2}	10.050840990523508	7.684368604296035	7.952923744780177	0.0	0	199.01352748274812	300.98647251725185	1.778652920996888	166	56	110	78.20889281386138	4.210593883468617	0	0	54
351	0.1	37.5	[1]	{0}	6.058050189957736	4.9804643501122925	4.9804643501122925	0.0	0	271.1060834117235	228.8939165882765	1.12089707663561	12	2	7	4.371530417058618	0.0	0	0	2
413	0.1	37.5	[1]	{2}	2.6715477835088017	1.880504785845253	1.8805047858452535	0.0	0	466.8132290244104	33.18677097558958	0.7559289460184544	11	5	8	6.589747083902359	0.0	0	0	5
289	0.1	37.5	[3]	{0}	4.950326104669715	4.0788903014730975	4.274290341452016	0.0	0	860.7619465328755	360.7619465328755	3.098672188468126	108	68	88	55.89275931496172	5.033997619495846	0	0	68
165	0.1	37.5	[3]	{1}	1.2144326234091931	1.0328267071357682	1.026357007256877	0.0	0	473.0902833398434	26.90971666015662	2.257646938068417	26	12	19	13.755909716660158	1.164682762793066	0	0	12
41	0.1	37.5	[1]	{2}	1.6043973783233958	1.4570306961796438	1.4570306961796438	0.0	0	356.5443546976894	143.4556453023106	0.4247953952428732	37	7	22	16.35062096576765	0.0	0	0	7
475	0.1	37.5	[2]	{2}	8.851421208224195	7.927774927867263	8.178832405747787	0.0	0	836.5099907387049	336.5099907387049	2.3549405344634944	226	142	185	106.75677160220407	4.499184280581426	0	0	144
228	0.1	37.5	[1]	{2}	8.507004525190647	7.578102184775771	7.578102184775771	0.0	0	76.9868579227477	423.01314207725227	0.502518907629606	49	5	27	14.42764516391419	0.0	0	0	5
104	0.1	37.5	[1]	{0}	6.924403634855255	6.113699498529159	6.113699498529159	0.0	0	563.0155480466783	63.015548046678305	0.2720551157651442	149	5	77	56.40536253008617	0.0	0	0	5
352	0.1	37.5	[1]	{2}	9.073358362252828	7.269003810077088	7.269003810077086	0.0	0	721.5836071409284	221.5836071409284	1.8829377433825436	24	8	16	11.022331142872574	0.0	0	0	8
414	0.1	37.5	[1]	{0}	9.81189533964973	6.802635347769775	6.802635347769775	0.0	0	823.0401924811304	323.04019248113036	0.8743856497851875	26	0	13	9.220638267669827	0.0	0	0	0
290	0.1	37.5	[2]	{0}	1.7895465326770998	1.5649593377363216	1.5685367175682026	0.0	0	403.7220645695924	96.27793543040758	1.115759247860842	47	15	31	20.247495743378998	0.7109202495748639	0	0	15
166	0.1	37.5	[1]	{0}	3.8008452621129423	3.123370177251591	3.123370177251591	0.0	0	34.690809436142274	465.3091905638577	1.668581979256942	63	5	34	15.470487520828835	0.0	0	0	5
476	0.1	37.5	[3]	{0}	6.531617676951728	5.606223794557319	5.7377677341373685	0.0	0	688.2591976318511	188.25919763185107	5.204670441750231	130	92	111	73.13563375866596	7.411174259415375	0	0	92
42	0.1	37.5	[1]	{1}	1.708157971275277	1.5524345785024014	1.5524345785024014	0.0	0	581.7447132430972	81.74471324309718	0.9216353751380653	50	6	28	19.33912688216567	0.0	0	0	6
353	0.1	37.5	[1]	{2}	6.551229157407126	4.934497006467079	4.934497006467079	0.0	0	298.7639470957221	201.23605290427793	nan	0	0	0	0.0	0.0	0	0	0
105	0.1	37.5	[1]	{2}	2.5116654028208796	2.202435100199658	2.2024351001996574	0.0	0	915.3505926951766	415.3505926951766	1.224744871391589	3	1	2	0.3132988146096468	0.0	0	0	1
229	0.1	37.5	[1]	{2}	9.186572261226555	8.08164101526388	8.08164101526388	0.0	0	621.0196437314153	121.01964373141527	0.8779838352573821	39	3	21	14.607823206417262	0.0	0	0	3
415	0.1	37.5	[1]	{0}	6.331005750295667	4.573580934598269	4.573580934598269	0.0	0	840.9664584323764	340.9664584323764	0.17541160386140586	29	3	16	10.439402498811486	0.0	0	0	3
291	0.1	37.5	[3]	{2}	2.762428766859144	2.1125814993196768	2.107038385242262	0.0	0	392.0882202219218	107.9117797780782	0.08241633836921342	52	0	26	18.41205864266306	0.3331015705376046	0	0	0
43	0.1	37.5	[3]	{0}	5.487374024502627	4.696604958743299	4.739525045204741	0.0	0	344.2667310591788	155.73326894082118	4.7809253050157965	125	67	96	68.18360231813043	5.267556198834605	0	0	67
167	0.1	37.5	[1]	{2}	2.959146157250415	2.523858092685152	2.5238580926851526	0.0	0	232.0735773537308	267.9264226462692	0.12997603954770753	61	7	34	23.80817723765969	0.0	0	0	7
477	0.1	37.5	[2]	{0}	13.689403927678708	10.945531045091005	10.9439157324069	0.0	0	445.4498279374092	54.550172062590775	2.015840719951472	252	28	141	102.00774053655753	4.128825273408491	0	0	30
230	0.1	37.5	[3]	{2}	3.1026632783118204	2.5239652853915056	2.513971665695683	0.0	0	575.7807658519596	75.78076585195959	3.724741926918606	67	29	48	34.612	1.6276690673965764	0	0	29
354	0.1	37.5	[2]	{0}	3.0995109236002953	2.6854956998668333	2.6797579943828413	0.0	0	517.5532200373708	17.553220037370806	2.304246566408632	66	18	42	31.022064400747418	1.4568773436872653	0	0	18
292	0.1	37.5	[3]	{2}	7.367237330216416	5.856520064569412	5.848123079297545	0.0	0	493.4711947571487	6.52880524285132	3.069507299021837	148	38	93	68.30775924718567	3.8677048953322735	0	0	38
106	0.1	37.5	[2]	{1}	8.40057277888157	6.572212791862433	6.778312458438947	0.0	0	734.163363929838	234.16336392983806	1.8432494104319552	139	45	92	61.452505075648446	3.4581794077513064	0	0	45
416	0.1	37.5	[1]	{2}	9.502169347683436	7.721504025814529	7.7215040258145295	0.0	0	558.866523206234	58.86652320623398	0.9459053029269173	53	7	31	23.586735198318955	0.0	0	0	9
44	0.1	37.5	[1]	{0}	3.255220948159808	2.904144676603212	2.904144676603212	0.0	0	228.39809558354324	271.60190441645676	0.0	5	1	3	1.7391942867506296	0.0	0	0	1
168	0.1	37.5	[1]	{1}	2.0690401027844048	1.5914830304499579	1.5914830304499579	0.0	0	479.44338899105793	20.55661100894207	2.1320071635561044	10	4	7	5.353443388991058	0.0	0	0	4
478	0.1	37.5	[1]	{2}	3.1480817642978143	2.8816011226933025	2.8816011226933025	0.0	0	929.4356277678164	429.4356277678164	0.7331685413285158	81	31	56	31.45447610053791	0.0	0	0	31
231	0.1	37.5	[3]	{1}	2.8677397564912117	2.554333081051575	2.5976878359647064	0.0	0	797.0859834458682	297.08598344586824	5.252257314388902	74	64	69	46.0654746787194	3.720997505875503	0	0	64
293	0.1	37.5	[3]	{1}	3.4502702632225883	2.8407378710299263	2.852094306655741	0.0	0	301.729234866798	198.27076513320202	3.184185521158445	78	30	54	36.327043167069554	2.1724102824995337	0	0	30
355	0.1	37.5	[3]	{2}	4.9671943838662145	4.121261196519297	4.039431874249834	0.0	0	393.0018392857164	106.99816071428359	4.313497043256095	102	50	76	58.49397792857142	3.2770618581455584	0	0	50
417	0.1	37.5	[1]	{1}	10.536013622257062	9.259894489675588	9.259894489675588	0.0	0	785.5301036033782	285.53010360337817	0.3974849584093439	113	3	58	39.007916270278386	0.0	0	0	3
107	0.1	37.5	[1]	{0}	2.2754529978179505	1.6591499764751632	1.6591499764751632	0.0	0	823.0741373263301	323.07413732633006	nan	0	0	0	0.0	0.0	0	0	0
45	0.1	37.5	[2]	{1}	2.337918437395473	2.0518623411189907	2.044188174790243	0.0	0	464.6603253204376	35.33967467956239	1.4545454545454546	65	5	35	26.55513316827081	1.0923833696045742	0	0	5
169	0.1	37.5	[1]	{0}	9.462364346634018	7.063518356725046	7.063518356725047	0.0	0	36.60469967871907	463.39530032128096	0.7614996105085897	25	1	13	7.831861095823347	0.0	0	0	1
479	0.1	37.5	[1]	{2}	2.390283060066498	1.9841932484386382	1.9841932484386384	0.0	0	958.4493134170772	458.4493134170772	0.22388295791172233	34	0	17	8.364260298743844	0.0	0	0	0
232	0.1	37.5	[1]	{2}	4.113408662972523	3.8796214414815875	3.8796214414815875	0.0	0	503.2190023921431	3.219002392143125	1.6128245433148631	34	12	23	16.367342992823573	0.0	0	0	12
356	0.1	37.5	[3]	{0}	2.0274828985180684	1.6641608777772756	1.664196253418166	0.0	0	506.6809689160437	6.680968916043696	0.27428488500538056	37	9	23	17.17004290674813	1.1539676228377325	0	0	9
294	0.1	37.5	[1]	{0}	7.416130267156742	5.296556598274425	5.296556598274425	0.0	0	769.7292417287827	269.72924172878265	1.224744871391589	3	1	2	1.4035415165424348	0.0	0	0	1
108	0.1	37.5	[3]	{1}	5.155492875100668	4.373638461325255	4.348967965686706	0.0	0	323.0661042034627	176.93389579653729	3.3126207033657757	123	55	89	65.4741814387143	3.9982198803854296	0	0	55
418	0.1	37.5	[2]	{1}	4.58725809611923	3.5718997730436213	3.84330342718632	0.0	0	908.4840470459316	408.48404704593156	0.5816537533301901	114	72	92	54.226340048141736	2.214091156490304	0	0	70
46	0.1	37.5	[3]	{2}	3.185913870165697	3.0027663504997415	2.988169037203776	0.0	0	656.9300154224039	156.93001542240393	7.118121081982623	95	83	89	62.6716096452847	4.882887058292844	0	0	83
170	0.1	37.5	[2]	{1}	1.5379634710312784	1.317439966100607	1.2542169629997226	0.0	0	752.947743982077	252.947743982077	0.0	34	4	19	13.65647030416131	0.7351801453773391	0	0	4
480	0.1	37.5	[1]	{1}	4.700438227335688	3.3736424849369855	3.373642484936986	0.0	0	525.5227922461927	25.522792246192694	0.8496617760555311	16	6	11	7.740386038769036	0.0	0	0	6
233	0.1	37.5	[1]	{0}	3.5764129854286963	2.8992641920506728	2.899264192050672	0.0	0	919.5335395634175	419.53353956341755	0.7559289460184544	11	3	7	2.606265223056077	0.0	0	0	3
357	0.1	37.5	[2]	{0}	5.3734714444489295	4.400775795484526	4.369589918191898	0.0	0	412.4873615801333	87.51263841986668	1.2292468743630374	118	0	59	45.25810820898412	2.0392127500657034	0	0	0
295	0.1	37.5	[1]	{2}	5.660202545396179	3.987295106326738	3.987295106326738	0.0	0	728.0603144317865	228.06031443178654	1.0384755040678715	32	6	19	14.55581905670464	0.0	0	0	6
419	0.1	37.5	[3]	{2}	3.4926538256162143	3.1980505476847014	2.9293804403420642	0.0	0	787.991077406332	287.991077406332	3.7976941188246114	85	37	61	43.74908030334303	3.41203178893638	0	0	37
109	0.1	37.5	[1]	{1}	9.812460309049278	6.909640104291511	6.90964010429151	0.0	0	324.0142315626143	175.98576843738567	0.16984155512168936	15	1	8	6.3519146106243145	0.0	0	0	1
47	0.1	37.5	[2]	{1}	5.1759164049850765	4.847314231055774	4.814021572830875	0.0	0	291.9910936616363	208.00890633836372	0.19680501128999656	130	40	85	56.75333202462274	2.386117373846929	0	0	40
171	0.1	37.5	[1]	{2}	4.356261279774008	3.5370468253334284	3.5370468253334284	0.0	0	12.252348940819529	487.7476510591805	1.8516401995451028	6	2	4	3.165009395763278	0.0	0	0	2
481	0.1	37.5	[2]	{2}	1.945919683859883	1.5475544244403938	1.5902637711098149	0.0	0	221.74762585200372	278.2523741479963	0.0	35	13	24	13.963447768744082	0.7707953299278318	0	0	13
234	0.1	37.5	[1]	{2}	12.820711297071064	11.105429275188483	11.10542927518848	0.0	0	793.1316215544939	293.1316215544939	nan	2	2	2	1.7122632431089877	0.0	0	0	2
296	0.1	37.5	[3]	{0}	4.691695185099956	4.265353557508693	4.0908913032515795	0.0	0	882.1699656546114	382.16996565461136	2.3428102121005194	128	58	93	60.963292163759476	5.033463671945156	0	0	58
358	0.1	37.5	[1]	{2}	6.531206212395896	4.801156914447926	4.801156914447926	0.0	0	231.6995509900152	268.3004490099848	0.5102291262093426	79	5	42	30.410591917820273	0.0	0	0	5
110	0.1	37.5	[1]	{0}	4.050781568910891	3.625229154133554	3.625229154133553	0.0	0	298.3218212611974	201.67817873880261	0.10286889997472794	26	0	13	8.342896391350775	0.0	0	0	0
420	0.1	37.5	[1]	{0}	8.9466587343103	7.379249657193176	7.379249657193176	0.0	0	261.44262705929566	238.55737294070434	1.640958636021887	154	20	87	58.722918217668294	0.0	0	0	20
172	0.1	37.5	[3]	{2}	3.8380491675298773	3.4300742313651513	3.4012452965012563	0.0	0	325.8611122146249	174.13888778537512	4.012235189783215	94	54	74	51.93083336643874	4.347218756474589	0	0	54
48	0.1	37.5	[2]	{2}	3.5733726126488308	3.0486777848089983	3.0084626699398584	0.0	0	198.77667515538627	301.2233248446137	1.2179889946182747	88	14	51	31.003397031681615	1.3552823425760177	0	0	14
482	0.1	37.5	[2]	{1}	6.017109701111952	5.232452910482832	5.317489419529128	0.0	0	820.8203376270834	320.8203376270834	2.286870934712362	141	89	115	68.14786454915621	2.573994164868039	0	0	89
235	0.1	37.5	[3]	{2}	3.7248688485196206	2.767523852539064	3.0972332469078028	0.0	0	900.0099676195533	400.0099676195533	2.199551157804163	85	61	73	41.83137203996814	3.2529058304670837	0	0	61
297	0.1	37.5	[1]	{0}	8.36784560184616	5.917337278944526	5.917337278944526	0.0	0	668.3284994214774	168.32849942147743	0.8997354108424374	16	2	9	5.688014501735567	0.0	0	0	2
359	0.1	37.5	[1]	{1}	3.043299230339172	2.3751653411345366	2.3751653411345366	0.0	0	257.1362880989908	242.8637119010092	nan	0	0	0	0.0	0.0	0	0	0
111	0.1	37.5	[3]	{2}	6.155673847557246	5.654797424499398	5.474072583382451	0.0	0	49.07533619552845	450.92466380447155	3.1298644945164873	161	95	128	69.48713630911706	7.259324798791732	0	0	95
421	0.1	37.5	[1]	{1}	9.232220491047292	6.3012287481920115	6.3012287481920115	0.0	0	36.85956215485925	463.14043784514075	0.6793662204867574	17	7	12	6.1893147458583115	0.0	0	0	7
173	0.1	37.5	[2]	{2}	2.133695331395573	1.6158696208667522	1.7183026770573513	0.0	0	795.8001676015556	295.8001676015556	0.8203469922386928	50	22	36	22.17239463675022	0.9977464182277882	0	0	22
49	0.1	37.5	[1]	{0}	3.438606653075058	2.965993053891477	2.965993053891477	0.0	0	893.8018414191903	393.8018414191903	0.6089374173808227	86	36	61	32.297087673429395	0.0	0	0	36
236	0.1	37.5	[1]	{0}	4.479786620256481	3.7032732897368934	3.7032732897368934	0.0	0	396.29581198096287	103.70418801903713	nan	5	1	3	1.4938874359428889	0.0	0	0	1
483	0.1	37.5	[2]	{2}	7.147427185233441	6.285886978153549	6.240711307834606	0.0	0	755.2326796576382	255.2326796576382	0.4878034298998752	169	49	109	68.87882615115494	2.843995701445749	0	0	49
298	0.1	37.5	[1]	{0}	3.9998001492220587	3.7909349627939313	3.7909349627939313	0.0	0	700.1638771034776	200.1638771034776	0.7895420339517227	27	1	14	10.532344491586091	0.0	0	0	1
360	0.1	37.5	[3]	{1}	7.904593198784432	7.362858459902769	7.351402860186922	0.0	0	481.1108440626413	18.88915593735868	10.876075640431393	212	178	195	147.16166746781198	11.990128040813632	0	0	178
112	0.1	37.5	[1]	{0}	1.0160265672870072	0.9743454223570682	0.9743454223570683	0.0	0	516.9302818831053	16.930281883105295	0.7175473098524098	22	6	14	10.985302818831054	0.0	0	0	6
422	0.1	37.5	[2]	{0}	2.9391505503501056	2.641670969663015	2.405851151737941	0.0	0	44.454355491325146	455.54564450867485	0.6721698440119571	76	6	41	23.093628575144336	1.4539403977096452	0	0	6
174	0.1	37.5	[1]	{2}	2.2074836009590495	2.0974114132017965	2.0974114132017965	0.0	0	891.0714983940125	391.07149839401245	0.41119596982930745	68	46	57	28.424924591541288	0.0	0	0	46
50	0.1	37.5	[1]	{1}	9.231458104264467	6.574444332084068	6.574444332084068	0.0	0	55.70993386209005	444.29006613790995	0.03450327796711771	34	2	18	10.61493907406926	0.0	0	0	2
237	0.1	37.5	[1]	{1}	3.316152217155615	2.6832510846682345	2.6832510846682345	0.0	0	762.6465572975577	262.6465572975577	1.632993161855452	19	5	12	7.852120656214654	0.0	0	0	5
484	0.1	37.5	[1]	{0}	5.929670540497897	5.444921352948609	5.444921352948609	0.0	0	126.1283373460173	373.8716626539827	0.3396831102433787	27	5	16	10.156283373460175	0.0	0	0	5
299	0.1	37.5	[3]	{2}	6.221177357403208	5.709632461509061	5.5878355116852525	0.0	0	623.0386036913843	123.03860369138431	7.386611403349849	164	114	139	104.41834373724643	8.36552836942578	0	0	114
361	0.1	37.5	[3]	{1}	5.66944298044356	4.426910442856419	4.411162650056338	0.0	0	178.60846291296195	321.39153708703805	1.7457814053085614	113	25	69	44.955730053605514	1.3216420964840607	0	0	25
423	0.1	37.5	[3]	{0}	2.5989583212122884	2.3651579296764558	2.4470145080367187	0.0	0	124.70018607564276	375.29981392435724	5.129294209821571	95	89	92	57.38701302529498	4.200475966343731	0	0	89
113	0.1	37.5	[2]	{0}	4.082946871626142	3.7121794828875796	3.7766314414910753	0.0	0	924.6629604604096	424.66296046040964	1.3267057504014024	99	67	83	47.48030020270682	1.8869300333905659	0	0	67
51	0.1	37.5	[3]	{0}	10.127990244437923	7.913131671217091	7.861563561751861	0.0	0	885.7033115345982	385.70331153459824	1.5049953775591807	163	21	92	55.89958143871652	2.2582659299455212	0	0	21
175	0.1	37.5	[2]	{0}	2.3791912384380405	1.8734683795327194	1.9479074830328762	0.0	0	924.4299477431924	424.42994774319243	0.14457837534428283	48	20	34	19.472101567704225	0.9336979408236638	0	0	20
238	0.1	37.5	[1]	{2}	5.169941110142101	4.842881425259392	4.842881425259392	0.0	0	174.27179985679692	325.7282001432031	0.9344186220713682	117	1	59	37.46914379412868	0.0	0	0	1
300	0.1	37.5	[1]	{1}	6.382777092101051	5.013006595662576	5.013006595662576	0.0	0	854.8054089769721	354.8054089769721	1.9571077622442639	46	2	24	13.942724274322392	0.0	0	0	2
362	0.1	37.5	[3]	{2}	6.103866302255751	5.335555255543147	5.3734423441800185	0.0	0	892.246997449547	392.24699744954705	2.402845329729467	165	119	142	86.88136030605435	6.460930815374978	0	0	119
485	0.1	37.5	[1]	{0}	2.6977447354649384	2.316399332467011	2.316399332467011	0.0	0	717.4342786893247	217.43427868932474	0.6315790949082071	60	10	35	23.137880147524182	0.0	0	0	10
424	0.1	37.5	[1]	{0}	2.305213111019461	2.2131177410233285	2.2131177410233285	0.0	0	897.2815920133145	397.2815920133145	nan	1	1	1	0.12171840798668554	0.0	0	0	1
114	0.1	37.5	[1]	{0}	13.289550855985002	9.663106446126932	9.663106446126932	0.0	0	869.6012101136149	369.6012101136149	0.8397002363270355	85	5	45	25.308957646023472	0.0	0	0	5
52	0.1	37.5	[1]	{1}	6.470224588187293	4.5094051588687725	4.5094051588687725	0.0	0	576.0751753114165	76.0751753114165	0.23094010767585027	24	8	16	12.464	0.0	0	0	8
176	0.1	37.5	[2]	{0}	7.565003001851883	6.376624051054414	6.352103581828848	0.0	0	690.5081670265647	190.5081670265647	1.79479880551932	149	41	95	62.523936475167034	2.698312936759006	0	0	41
486	0.1	37.5	[3]	{2}	4.053470304931174	3.2284496239836837	3.5044496695044067	0.0	0	12.01778207905596	487.98221792094404	2.3843657891460817	95	75	85	40.563440348403525	4.280369999739926	0	0	75
239	0.1	37.5	[1]	{2}	6.339285039710439	5.211632820644618	5.211632820644617	0.0	0	878.2015731558204	378.20157315582037	0.1889822365046136	11	1	6	3.5017905610650777	0.0	0	0	1
363	0.1	37.5	[1]	{1}	5.977563622795916	4.788674414924978	4.788674414924978	0.0	0	573.1199798174202	73.11997981742024	0.3133397807202561	10	2	6	4.960000000000001	0.0	0	0	2
301	0.1	37.5	[2]	{2}	0.9942916510503992	0.8342190220793648	0.8411472799855968	0.0	0	330.77405788935727	169.22594211064273	0.282842712474619	29	7	18	12.680288694672283	0.384942328062992	0	0	7
425	0.1	37.5	[2]	{2}	2.8963036449398056	2.243291438404571	2.218088629088212	0.0	0	955.1626606844368	455.1626606844368	1.2562244381357195	53	5	29	14.935282840151334	0.825307801414898	0	0	5
115	0.1	37.5	[1]	{1}	7.968005198610104	6.071761532259199	6.071761532259199	0.0	0	649.5843376033008	149.5843376033008	2.354253623010378	25	13	19	12.978572286363692	0.0	0	0	13
53	0.1	37.5	[1]	{1}	4.911194018685376	4.125365850227093	4.125365850227093	0.0	0	854.3075530324135	354.30755303241347	0.8408938406769894	73	5	39	22.748465855995175	0.0	0	0	5
177	0.1	37.5	[3]	{2}	5.450664087756434	4.835094234016912	5.037197400236794	0.0	0	152.5305833201855	347.46941667981446	7.0501870602959	160	146	154	96.60318066529926	8.175237710737237	0	0	148
487	0.1	37.5	[3]	{2}	3.059919472807718	2.6074717026121386	2.6080366942446904	0.0	0	501.3665864244104	1.3665864244104	3.8587878799487054	81	41	61	45.69690024072676	2.9182095029637223	0	0	41
240	0.1	37.5	[3]	{2}	8.676537652501489	7.1755562066292295	7.002797940211249	0.0	0	155.14917019754645	344.8508298024535	0.268208198187347	176	32	104	70.04703859461846	4.464122811018655	0	0	32
364	0.1	37.5	[1]	{2}	8.638993583730752	7.070534683934493	7.0705346839344925	0.0	0	111.67698958888651	388.3230104111135	0.7274435001125285	100	12	56	37.532725604377696	0.0	0	0	12
302	0.1	37.5	[1]	{0}	3.809065690684897	3.117381203189665	3.117381203189665	0.0	0	21.25891786999984	478.74108213000017	0.7952612628504397	83	19	52	26.213428057759995	0.0	0	0	21
426	0.1	37.5	[3]	{0}	2.2870934861874144	1.7506530756352712	1.8164875098579216	0.0	0	712.553341407329	212.55334140732896	2.3169853371636986	50	26	38	24.911613123409445	1.119070515698118	0	0	26
116	0.1	37.5	[3]	{0}	5.255176761346847	4.366214640409695	4.351680450049189	0.0	0	518.0081778671594	18.00817786715936	5.477225575051661	119	63	91	67.0820572450701	4.089471371161624	0	0	63
54	0.1	37.5	[3]	{2}	4.5358667882179065	3.7796752358174066	3.6456667758376744	0.0	0	810.3492585942149	310.3492585942149	1.7058931522366445	93	11	52	33.142125207796695	2.3819323500149197	0	0	11
178	0.1	37.5	[3]	{1}	2.984638597212745	2.6647094226962187	2.6430854242006263	0.0	0	808.7894930504264	308.78949305042636	3.506789250896385	75	49	62	41.8881572362855	3.306880094911594	0	0	49
488	0.1	37.5	[2]	{0}	5.067219140754333	4.264871433988608	4.365586751070866	0.0	0	2.751420717686248	497.24857928231376	2.1600217259798784	111	67	89	44.938876443874086	2.0345223890231487	0	0	67
241	0.1	37.5	[1]	{0}	3.3687547684888024	2.971530729053266	2.971530729053266	0.0	0	561.8856165092436	61.88561650924362	0.38044265811539435	78	2	41	28.719545888213432	0.0	0	0	4
365	0.1	37.5	[2]	{2}	5.773058500102247	4.99990152744786	5.230345875723696	0.0	0	257.5229513458908	242.47704865410918	2.7874482147062167	155	105	130	84.09880006419868	3.294192546011993	0	0	105
303	0.1	37.5	[2]	{2}	5.427894543165933	4.968028472386796	4.630755750668432	0.0	0	101.56570211984211	398.4342978801579	2.636192557712872	150	28	88	48.92665038230642	2.763303681714357	0	0	26
427	0.1	37.5	[1]	{1}	2.7187037641517504	2.2606139986200873	2.2606139986200873	0.0	0	707.3474433273077	207.3474433273077	0.42640143271122083	10	2	6	4.522	0.0	0	0	2
117	0.1	37.5	[1]	{1}	1.7041192468586388	1.3172578375629864	1.3172578375629864	0.0	0	303.1697832047939	196.83021679520613	0.3872983346207417	7	3	5	3.2208489160239697	0.0	0	0	3
55	0.1	37.5	[1]	{0}	3.0688182081038127	2.72122269056844	2.72122269056844	0.0	0	787.3122314922512	287.31223149225116	1.1028935891580147	75	1	38	25.71450644418597	0.0	0	0	1
179	0.1	37.5	[1]	{2}	5.358009714266727	5.1776511797803915	5.1776511797803915	0.0	0	82.66066736541691	417.3393326345831	0.2859537853064104	164	118	141	70.56315409852378	0.0	0	0	118
489	0.1	37.5	[1]	{2}	3.6350804945368727	2.999219565812398	2.999219565812398	0.0	0	798.9208207000048	298.9208207000048	0.7592566023652966	33	5	19	12.433870972299948	0.0	0	0	5
242	0.1	37.5	[1]	{0}	3.60283377394874	3.0035841633853755	3.003584163385376	0.0	0	483.0237850546837	16.976214945316315	0.10016708449412667	22	0	11	8.54592864483595	0.0	0	0	0
366	0.1	37.5	[1]	{2}	3.7127650993049697	2.8877232149883767	2.8877232149883767	0.0	0	861.5408297628165	361.54082976281654	0.7888106377466154	53	13	33	19.604397596403953	0.0	0	0	13
304	0.1	37.5	[1]	{1}	10.979569342408812	7.849629790279394	7.849629790279394	0.0	0	340.55276261642564	159.44723738357436	1.5491933384829668	9	3	6	3.749211050465703	0.0	0	0	3
428	0.1	37.5	[1]	{1}	9.743558086877806	7.5465032200077715	7.546503220007773	0.0	0	31.87811374664312	468.1218862533569	0.1336306209562122	23	9	16	10.908049819946289	0.0	0	0	9
118	0.1	37.5	[1]	{1}	3.888670551365059	2.9961746379117318	2.9961746379117318	0.0	0	603.7055300548674	103.70553005486738	1.7320508075688774	5	1	3	1.8947055300548674	0.0	0	0	1
56	0.1	37.5	[3]	{1}	3.1839473065782284	2.4045955418761036	2.5540075606195876	0.0	0	968.42033485882	468.42033485881996	0.6955186050933215	67	29	48	23.795664596494277	1.647346612469051	0	0	29
180	0.1	37.5	[1]	{0}	4.30097230204963	3.1704697745033155	3.1704697745033155	0.0	0	826.305050868541	326.305050868541	1.4230249470757708	26	2	14	9.596169694788756	0.0	0	0	2
490	0.1	37.5	[1]	{2}	8.263943194230553	7.403233614227389	7.403233614227389	0.0	0	239.8291034623981	260.1708965376019	1.414213562373095	5	5	5	3.118487310387194	0.0	0	0	5
243	0.1	37.5	[1]	{1}	2.0845656977541007	1.501214812243986	1.501214812243986	0.0	0	704.2834451422094	204.28344514220942	nan	1	1	1	0.6077165548577905	0.0	0	0	1
367	0.1	37.5	[1]	{1}	11.602832517324757	8.150924426946306	8.150924426946304	0.0	0	754.3783481232821	254.37834812328208	1.5731790730818864	40	8	24	15.016946430027488	0.0	0	0	8
305	0.1	37.5	[2]	{2}	2.25009277058395	1.7133514146979638	1.8282904128521058	0.0	0	106.38285940513012	393.61714059486985	0.4339905829473221	45	11	28	18.2046571881026	0.9952511235428814	0	0	11
429	0.1	37.5	[1]	{1}	4.041661991088754	2.738869360019508	2.738869360019508	0.0	0	632.6259509660304	132.62595096603036	nan	3	1	2	1.7502519019320606	0.0	0	0	1
119	0.1	37.5	[2]	{1}	11.131250251284353	10.79355888575634	10.333819442874972	0.0	0	946.9572787638756	446.9572787638756	0.040942518387161196	272	174	223	118.97052683565572	5.7967924959062564	0	0	174
57	0.1	37.5	[3]	{2}	9.43344447545644	7.65081995539856	7.655639184287178	0.0	0	518.605790566653	18.605790566653013	5.0487179487179485	194	78	136	101.7536726075337	4.903464311312711	0	0	78
181	0.1	37.5	[2]	{0}	0.950781411749686	0.8581532874230887	0.865606925434955	0.0	0	428.84341976605344	71.15658023394656	1.137213758255153	32	6	19	13.953338136022909	0.4949660260763945	0	0	6
244	0.1	37.5	[3]	{0}	3.9510013825039243	3.6607838925681135	3.6666659719552115	0.0	0	210.0309799425304	289.9690200574696	7.104115986513962	109	93	101	68.39270389683918	5.647604680002313	0	0	93
491	0.1	37.5	[1]	{0}	4.431260594618321	4.053202793477594	4.053202793477594	0.0	0	826.154114678502	326.15411467850197	0.8566242030233644	117	13	65	42.184681298181424	0.0	0	0	13
368	0.1	37.5	[2]	{2}	1.7985023526861244	1.5475533722244523	1.5920313581028185	0.0	0	182.0115151349455	317.9884848650545	1.7284158595800372	56	42	49	28.55254121134245	0.8326531268358689	0	0	42
430	0.1	37.5	[1]	{2}	1.2806099960742294	1.1543393806959255	1.1543393806959255	0.0	0	915.135422255844	415.135422255844	nan	1	1	1	0.609864577744156	0.0	0	0	1
306	0.1	37.5	[1]	{0}	1.4178282723002495	1.0627176778311462	1.0627176778311462	0.0	0	871.0559001192449	371.05590011924494	nan	0	0	0	0.0	0.0	0	0	0
120	0.1	37.5	[1]	{0}	7.6815831301895	5.3953697650175165	5.395369765017517	0.0	0	311.32950633764256	188.67049366235744	0.9258200997725514	13	1	7	5.365647531688213	0.0	0	0	1
58	0.1	37.5	[2]	{1}	3.491664778773631	2.9445632603371394	2.994246197717693	0.0	0	921.1852028965952	421.18520289659523	1.8047632957500248	70	38	54	36.82736944937706	1.3663736441438923	0	0	38
182	0.1	37.5	[1]	{0}	2.4318483531123247	2.3205632870167485	2.3205632870167485	0.0	0	429.9861651379613	70.01383486203872	1.0935283241892713	32	2	17	11.83298616513796	0.0	0	0	2
245	0.1	37.5	[1]	{0}	5.253970363172997	4.324234032454819	4.324234032454819	0.0	0	304.1993486694991	195.8006513305009	1.1320835321293155	18	4	11	7.766401953991505	0.0	0	0	4
492	0.1	37.5	[3]	{2}	9.375264140241633	8.24941920700639	8.174534071958472	0.0	0	332.84445642493665	167.15554357506335	7.625610417254915	213	135	174	128.69340043129768	9.592684453000391	0	0	135
369	0.1	37.5	[1]	{0}	11.553471326336805	9.401530983090248	9.40153098309025	0.0	0	246.0436252877116	253.9563747122884	1.3887301496588271	6	4	5	3.8969563747122886	0.0	0	0	4
431	0.1	37.5	[1]	{1}	11.441087157666807	7.9447910235055526	7.944791023505552	0.0	0	625.7320987060666	125.73209870606661	1.0	2	0	1	0.7202679012939334	0.0	0	0	0
307	0.1	37.5	[1]	{2}	3.517941979695287	3.3602803105029664	3.3602803105029664	0.0	0	286.47557250224054	213.52442749775946	0.4415988932317154	88	24	56	40.97607175508515	0.0	0	0	24
121	0.1	37.5	[2]	{2}	4.289354254283024	4.167582578233489	3.9427401642705755	0.0	0	977.6072250679136	477.60722506791365	1.7446252586825293	124	84	104	52.55606304307281	2.268831489032071	0	0	84
59	0.1	37.5	[3]	{0}	6.856712889181834	5.173669246844991	5.418128143788917	0.0	0	23.404760519042387	476.5952394809576	1.0222998731433677	129	59	94	50.78604748878996	2.717675508770432	0	0	59
183	0.1	37.5	[1]	{1}	9.80607244635113	8.164092187841572	8.164092187841572	0.0	0	700.5762634798884	200.57626347988844	1.0487301976231718	42	4	23	15.421661101721227	0.0	0	0	4
246	0.1	37.5	[3]	{1}	3.6543066735237364	3.14168037573809	3.0139409531381123	0.0	0	806.1089932452888	306.10899324528884	2.8471313715044437	106	32	68	44.047640270188445	2.6029880403970234	0	0	30
493	0.1	37.5	[1]	{0}	7.523823864905422	7.283558457629923	7.283558457629923	0.0	0	767.5657060462984	267.5657060462984	0.1463548998628825	118	6	62	42.14289740651845	0.0	0	0	6
370	0.1	37.5	[1]	{0}	8.388556276231066	5.716831811833146	5.716831811833146	0.0	0	586.8772664107382	86.87726641073823	0.22381412908589723	21	3	12	7.971981868714093	0.0	0	0	3
432	0.1	37.5	[2]	{2}	2.982061435495078	2.58587753230273	2.615119715994612	0.0	0	704.7564850654454	204.75648506544542	0.4988876515698588	69	19	44	28.301766537643964	1.2669034428422488	0	0	19
308	0.1	37.5	[2]	{2}	1.332179550105934	1.2744568987470128	1.127935648995025	0.0	0	60.05725124850869	439.9427487514913	0.3503292361635921	26	4	15	6.945858768727631	0.7948920490814341	0	0	4
122	0.1	37.5	[1]	{0}	4.78885244277082	3.655745898157287	3.655745898157287	0.0	0	654.5726940967141	154.57269409671414	2.2445701677816263	27	9	18	12.522418447226288	0.0	0	0	9
60	0.1	37.5	[2]	{0}	6.835168301869368	5.297580658104028	5.329948448880273	0.0	0	403.3367743249983	96.66322567500168	0.4058833956716848	106	0	53	37.15605161487498	2.247215432389119	0	0	0
184	0.1	37.5	[1]	{0}	9.43968042944697	6.650960492715095	6.650960492715095	0.0	0	721.6129559092224	221.61295590922236	1.521287341178055	45	9	27	19.344257484998558	0.0	0	0	9
247	0.1	37.5	[1]	{1}	5.1563892038053245	4.579348280407673	4.579348280407673	0.0	0	555.3108428139242	55.31084281392418	0.6396021490668313	10	2	6	4.3919999999999995	0.0	0	0	2
494	0.1	37.5	[1]	{1}	3.9267706254549823	3.231189198934885	3.231189198934885	0.0	0	828.3783136866987	328.3783136866987	1.224744871391589	3	1	2	1.0312433726266026	0.0	0	0	1
371	0.1	37.5	[1]	{0}	0.842127957465868	0.5999728497179708	0.5999728497179708	0.0	0	30.97339067608118	469.0266093239188	1.414213562373095	5	3	4	1.1738935627043248	0.0	0	0	3
309	0.1	37.5	[1]	{0}	5.828607722983404	4.820802402306388	4.820802402306387	0.0	0	844.3911666981876	344.3911666981876	0.9386679716361955	40	6	23	12.779350166130811	0.0	0	0	6
433	0.1	37.5	[2]	{1}	5.017086274460905	4.677921746610718	4.512695317445941	0.0	0	984.9771822337063	484.97718223370634	0.4370506997047541	138	90	115	57.5905784075912	2.344841258418667	0	0	92
123	0.1	37.5	[2]	{2}	2.6036523267124947	2.380047316691143	2.372800616662906	0.0	0	876.0992484167219	376.09924841672193	1.1372118421797268	94	64	79	41.743357871912416	1.0902425057123577	0	0	64
61	0.1	37.5	[3]	{0}	1.8765212393423567	1.544419962898631	1.5594571707588571	0.0	0	656.8413595668973	156.84135956689727	2.3145502494313788	27	17	22	15.479903685197229	1.3124052010660738	0	0	17
185	0.1	37.5	[1]	{1}	2.9804452699928463	2.5652110770035916	2.5652110770035916	0.0	0	942.6820017397404	442.6820017397404	1.1239029738980328	18	4	11	5.930497980862857	0.0	0	0	4
495	0.1	37.5	[3]	{0}	2.961680029446531	2.3777643139452107	2.455700386899586	0.0	0	814.910682151094	314.91068215109397	1.3965944975103513	55	39	47	28.99748339610733	2.1230091975538605	0	0	39
