iter	recomb_rate	mut_rate	recomb_type	recomb_node	ARG_length_1	ARG_length_2	ARG_length_3	ARG_length_4	root_height_change	bp	bp_pos_deviation	rank_stat	info_sites_global	confounding_info_sites	consistent_info_sites	weighted_consistent_info_sites	rf_dist	no_neu_recurr_mut	no_adv_recurr_mut	info_sites_imbalance
248	1.0	87.5	[3]	{0}	2.703028135393565	1.9956099608985094	2.107099730540815	0.0	0	142.57589308544993	357.42410691455007	2.5587266449043855	135	63	99	63.057040195237846	0.9505547456634447	0	0	63
310	1.0	87.5	[1]	{2}	0.7251230460710548	0.5517258776516275	0.5517258776516275	0.0	0	462.8727596718818	37.127240328118205	0.5423261445466404	16	2	9	6.574127240328118	0.0	0	0	2
186	1.0	87.5	[1]	{1}	2.980308648139173	2.453036575861036	2.453036575861036	0.0	0	90.81806801259518	409.1819319874048	0.1684064984606185	122	38	80	44.878900896906835	0.0	0	0	38
434	1.0	87.5	[1]	{2}	1.4748906152804333	1.2421184626316943	1.2421184626316943	0.0	0	645.514995791018	145.514995791018	0.4629100498862757	6	2	4	3.295	0.0	0	0	2
62	1.0	87.5	[3]	{1}	1.2046504976828394	0.9811255267593332	0.985034561032677	0.0	0	229.92039192467928	270.0796080753207	1.5880857904061294	64	28	46	33.19124862234295	0.6668471394048978	0	0	28
124	1.0	87.5	[1]	{1}	1.456501788129462	1.1741071092910027	1.1741071092910027	0.0	0	413.7097094208002	86.29029057919979	0.24078203063740675	52	0	26	20.603258256524803	0.0	0	0	0
372	1.0	87.5	[2]	{0}	1.2203177306121378	1.1391166117040374	1.1031217345969657	0.0	0	984.825233463198	484.82523346319795	0.24814803433293725	81	59	70	33.194233657576135	0.567205863719948	0	0	59
496	1.0	87.5	[1]	{0}	3.6182147764602837	2.541556145114752	2.541556145114752	0.0	0	181.8425226956606	318.1574773043394	0.20573779994945587	27	1	14	8.187110272347928	0.0	0	0	1
0	1.0	87.5	[1]	{1}	3.3082322880251205	2.572388972386018	2.572388972386018	0.0	0	101.8412709236145	398.1587290763855	0.3808607948515377	54	6	30	17.736873044013983	0.0	0	0	6
311	1.0	87.5	[3]	{2}	2.036998819657288	1.5318070606985867	1.5309010301267705	0.0	0	409.5564431045205	90.4435568954795	0.3667885133498733	84	0	42	30.790451544836166	0.035232958410271964	0	0	0
187	1.0	87.5	[3]	{1}	1.9253622024961685	1.4402425503818015	1.5457372165054108	0.0	0	810.3555706329644	310.3555706329644	2.504146998649865	103	65	84	57.45966576202213	1.1536400078965348	0	0	65
249	1.0	87.5	[1]	{2}	2.472581629142077	1.7932339021839019	1.7932339021839019	0.0	0	916.5696874260902	416.56968742609024	1.3028147232851477	32	0	16	7.375024376034735	0.0	0	0	0
373	1.0	87.5	[3]	{0}	1.3658111543969798	1.2515836576386226	1.2113890656253845	0.0	0	732.1516706142575	232.15167061425745	4.425608327631881	102	64	83	56.44099486972949	1.6693849600864235	0	0	64
63	1.0	87.5	[3]	{2}	3.8919826342057062	3.298517168936869	3.297149669996818	0.0	0	442.51718488521874	57.48281511478126	5.870777939897886	197	101	149	112.08789525236003	3.0490912549719345	0	0	101
125	1.0	87.5	[2]	{2}	1.4477968641030554	1.226465710490521	1.1769681436486594	0.0	0	869.2872275132686	369.2872275132686	1.2742857142857142	74	6	40	24.829085354495792	0.5871051267268992	0	0	6
435	1.0	87.5	[2]	{0}	1.9813104517002085	1.6613597671867424	1.683645340986116	0.0	0	331.7771051079035	168.22289489209652	2.5232422014425047	115	53	84	59.0142889371216	0.8254665762839923	0	0	53
497	1.0	87.5	[2]	{0}	4.7744565938740156	4.055960750195818	4.183378224785622	0.0	0	282.202857080847	217.79714291915298	2.533659397008307	230	94	162	110.53515427802503	2.381178146685725	0	0	94
1	1.0	87.5	[1]	{1}	2.5409829335664575	2.18443111637851	2.18443111637851	0.0	0	128.5444728564471	371.4555271435529	0.4536895120973118	63	9	35	24.880522875698286	0.0	0	0	7
250	1.0	87.5	[3]	{0}	1.5201411418829496	1.366738520896773	1.3370195407829555	0.0	0	4.752410808578134	495.24758919142187	0.35492079126761683	116	76	97	50.16497420519776	1.6353178036532983	0	0	78
188	1.0	87.5	[3]	{1}	1.1227142785907922	1.0328633230026492	1.0270752736146864	0.0	0	544.1814342048019	44.18143420480192	6.7401813958430505	84	72	78	57.725999999999985	1.6113228889887479	0	0	72
312	1.0	87.5	[2]	{0}	0.8206714260402208	0.7393292939052566	0.7325008357230357	0.0	0	406.431894749403	93.568105250597	1.1309055523875777	59	3	30	20.161956842482088	0.39514360360656947	0	0	1
126	1.0	87.5	[3]	{2}	0.41451534174658056	0.31565494889434176	0.31977902586107365	0.0	0	220.16450157389045	279.83549842610955	0.4435776522811298	18	6	12	8.179645015738904	0.08587766108569903	0	0	6
374	1.0	87.5	[3]	{2}	3.6966671828604047	3.0510767407215935	3.184864045196342	0.0	0	307.1087237913161	192.8912762086839	8.004396188511985	199	145	172	116.69922003638372	3.9924984567469393	0	0	145
436	1.0	87.5	[3]	{2}	4.694412117075407	4.017576336170597	3.7403025716223515	0.0	0	16.47991267964244	483.52008732035756	0.3934324269534951	187	21	103	55.31355152992533	2.3293961549293627	0	0	19
64	1.0	87.5	[2]	{1}	2.4544062337985815	2.1891998921817977	2.236140005176097	0.0	0	711.9233997073025	211.92339970730245	2.731524759139137	140	88	113	75.00473662956247	1.2304325468927535	0	0	86
498	1.0	87.5	[3]	{2}	5.551392876418311	4.49428883349804	4.532843934433231	0.0	0	722.5330725777894	222.53307257778943	5.3004003051224755	252	110	181	121.97509352448763	3.1276498166229127	0	0	110
2	1.0	87.5	[2]	{1}	4.041895274842323	3.71872832876768	3.685017874610987	0.0	0	279.4339151587337	220.56608484126627	2.9648942897650215	222	78	150	97.62221944349264	1.8169063097934297	0	0	78
189	1.0	87.5	[3]	{0}	2.8023029363463774	2.1451731931818676	2.20327775632203	0.0	0	991.2146576680244	491.2146576680244	0.42985248328147885	125	27	76	38.85711533256619	0.9306919514739109	0	0	27
313	1.0	87.5	[3]	{1}	1.989170819958241	1.4917460458443181	1.5036357265344682	0.0	0	147.09113235585392	352.9088676441461	0.2836832573067901	74	16	45	28.86400736774318	0.1277514052343537	0	0	16
251	1.0	87.5	[1]	{0}	2.5928108061861614	2.4356428457900456	2.4356428457900456	0.0	0	444.9524017982185	55.04759820178151	0.29277002188455997	17	1	9	6.482047598201783	0.0	0	0	1
375	1.0	87.5	[1]	{2}	3.6146192334976224	3.2219184656322226	3.2219184656322226	0.0	0	324.26408445462584	175.73591554537416	1.0943319232648951	55	1	28	20.389697182364763	0.0	0	0	1
127	1.0	87.5	[1]	{2}	2.2099760543161624	1.6108418919280845	1.6108418919280845	0.0	0	157.40388073027134	342.59611926972866	1.4638501094227998	6	0	3	1.287211642190814	0.0	0	0	0
65	1.0	87.5	[1]	{0}	2.102102516771233	1.6959571758623981	1.6959571758623981	0.0	0	228.9339115377516	271.0660884622484	1.4826887782241747	104	0	52	39.28786782307551	0.0	0	0	0
437	1.0	87.5	[2]	{2}	1.4551553478117412	1.1780764924255795	1.1734190371186628	0.0	0	464.8436866700649	35.156313329935074	2.0670576365276494	80	18	49	36.982843686670066	0.5783198532981217	0	0	18
499	1.0	87.5	[1]	{2}	1.924262489641282	1.3234312514199413	1.3234312514199413	0.0	0	119.48974058032036	380.51025941967964	0.3418817293789138	10	4	7	4.0384281840622425	0.0	0	0	4
3	1.0	87.5	[1]	{0}	2.8720464336985145	2.0539722410119414	2.0539722410119414	0.0	0	627.6434296742082	127.64342967420816	1.224744871391589	9	3	6	5.207426281303167	0.0	0	0	3
190	1.0	87.5	[1]	{1}	2.5851958348243316	1.7860557849410355	1.7860557849410355	0.0	0	717.308942694217	217.30894269421697	0.5773502691896258	5	1	3	1.9936910573057829	0.0	0	0	1
252	1.0	87.5	[2]	{2}	1.102324711313787	0.8658752069722231	0.8673319383826505	0.0	0	619.3942080717534	119.39420807175338	1.4924370744030153	59	9	34	25.31253900627792	0.32837060515351213	0	0	9
314	1.0	87.5	[2]	{0}	3.1346772156004405	2.4532002353529716	2.4865996930149667	0.0	0	406.5901660360396	93.40983396396041	1.4447610311349393	150	30	90	63.99006564522535	1.2768193448181373	0	0	30
128	1.0	87.5	[3]	{2}	4.08794009025487	3.4723142421381636	3.466657017076373	0.0	0	213.42179691419005	286.57820308580995	3.223145952066363	196	88	142	95.41280531610546	3.2253561929390844	0	0	88
66	1.0	87.5	[1]	{1}	3.351744083864684	2.606241247002017	2.606241247002016	0.0	0	365.1602044701576	134.83979552984238	0.7071067811865475	5	1	3	1.477480613410473	0.0	0	0	1
376	1.0	87.5	[2]	{2}	4.367593907710162	3.5163897684644834	3.556824666696903	0.0	0	568.9443082083017	68.94430820830166	3.0030683708637893	206	38	122	89.19634150750191	1.9595140999450662	0	0	38
438	1.0	87.5	[1]	{0}	5.793764478864723	4.621454582853243	4.621454582853243	0.0	0	915.244668489322	415.24466848932195	0.6687619998624352	109	15	62	33.74880922761932	0.0	0	0	15
4	1.0	87.5	[3]	{0}	5.295724969394344	4.26177860348428	4.240218461466143	0.0	0	764.8627469316125	264.8627469316125	4.060537498074973	225	69	147	95.92666651081295	2.2287990624605767	0	0	69
191	1.0	87.5	[1]	{1}	2.815521856601338	2.196676716214004	2.196676716214004	0.0	0	43.53948729112744	456.46051270887256	1.5921683328090657	15	5	10	5.840394872911276	0.0	0	0	5
315	1.0	87.5	[1]	{1}	1.5854758717401576	1.237203363621528	1.237203363621528	0.0	0	434.047709684819	65.95229031518102	0.7348469228349533	9	3	6	4.344095419369638	0.0	0	0	3
253	1.0	87.5	[3]	{1}	3.522770889262219	2.9070264355465794	3.1193036347506617	0.0	0	850.4660206381232	350.46602063812315	5.21480809257661	193	155	174	105.13841731704402	4.423503544134787	0	0	155
129	1.0	87.5	[1]	{1}	4.262433665798194	3.6282047926943677	3.6282047926943677	0.0	0	934.3050124589354	434.3050124589354	0.7919604388320295	113	9	61	34.31622431475855	0.0	0	0	9
377	1.0	87.5	[1]	{2}	4.313923365322352	3.077303921128359	3.077303921128359	0.0	0	796.6815498657525	296.68154986575246	0.5619514869490164	18	2	10	5.89254760107398	0.0	0	0	2
67	1.0	87.5	[1]	{0}	3.287211906884501	2.3489122054896523	2.348912205489653	0.0	0	963.4630996733904	463.4630996733904	nan	0	0	0	0.0	0.0	0	0	0
439	1.0	87.5	[2]	{2}	3.5393208311213735	2.860040475638797	2.8696382170559307	0.0	0	947.353416122496	447.353416122496	0.4104625900558208	166	50	108	58.31195155550541	1.1214322960206766	0	0	50
5	1.0	87.5	[2]	{2}	1.3062695514008194	1.0692032390450337	1.098754188078693	0.0	0	807.4712979141623	307.4712979141623	0.24689123138208519	72	30	51	29.511848998034374	0.5417290305251758	0	0	30
192	1.0	87.5	[3]	{2}	1.4558100461384993	1.132647646478525	1.1437888537165941	0.0	0	589.0400244388729	89.04002443887293	3.842861881041953	70	40	55	40.338399633416905	0.5405763860119883	0	0	40
254	1.0	87.5	[3]	{1}	1.0059949853423273	0.777849139950798	0.7759565694894628	0.0	0	421.10355384647846	78.89644615352154	2.693661811268885	42	8	25	17.231310661539435	0.19567067568832391	0	0	8
316	1.0	87.5	[3]	{0}	3.1470073252537176	2.6245616080000786	2.6250388843401096	0.0	0	499.09332301467657	0.9066769853234291	5.096350318926246	165	79	122	92.72698633646961	2.6446688602636748	0	0	79
378	1.0	87.5	[3]	{1}	2.3087280009553153	1.867941586675185	1.938930044873516	0.0	0	174.2742268834263	325.7257731165737	5.045694126237832	134	86	110	76.04045361300561	1.8770116876819607	0	0	86
130	1.0	87.5	[1]	{2}	1.7764170859787047	1.279512016413098	1.2795120164130978	0.0	0	623.3435971662402	123.34359716624022	0.28167151608781216	21	1	11	8.352969208501278	0.0	0	0	1
68	1.0	87.5	[1]	{2}	3.5714451257562	2.7835402519790504	2.7835402519790504	0.0	0	248.4599887393415	251.5400112606585	0.5463885694440419	33	3	18	11.716519864872097	0.0	0	0	3
440	1.0	87.5	[1]	{1}	0.996068824852859	0.890714013631949	0.890714013631949	0.0	0	269.1422002390027	230.8577997609973	1.2039402379399569	50	4	27	19.30684860310704	0.0	0	0	4
6	1.0	87.5	[1]	{1}	1.227472712478126	0.9079704476173642	0.9079704476173642	0.0	0	397.3241860512644	102.6758139487356	0.36742346141747667	15	1	8	6.500703255794942	0.0	0	0	1
193	1.0	87.5	[3]	{1}	1.1365850386020948	1.0355635901468838	1.0362281310854895	0.0	0	508.9557666797191	8.95576667971909	5.597380215838949	77	59	68	51.491000000000014	1.544517390940372	0	0	59
255	1.0	87.5	[1]	{0}	1.7470786747170837	1.209438880639584	1.209438880639584	0.0	0	932.76203610003	432.76203610002995	1.1489125293076057	10	2	5	2.19718981949985	0.0	0	0	0
317	1.0	87.5	[3]	{0}	3.8211371762473676	2.9675126266251564	3.225452154922144	0.0	0	224.52226583845916	275.47773416154087	6.088807907199014	207	145	176	113.13289455899964	3.8131294871112327	0	0	145
379	1.0	87.5	[1]	{0}	2.569741039796978	2.1870237267897026	2.1870237267897026	0.0	0	885.4987777303904	385.49877773039043	0.4405338589286114	52	4	28	17.17102444539219	0.0	0	0	4
131	1.0	87.5	[1]	{0}	2.367838601916572	2.136342043243468	2.136342043243468	0.0	0	721.2397842667997	221.2397842667997	0.11316503042314767	109	11	60	39.97692906079441	0.0	0	0	11
69	1.0	87.5	[1]	{1}	2.311027485275577	1.8121235837813559	1.8121235837813559	0.0	0	382.0315971970558	117.96840280294418	0.48729156902469273	94	12	53	38.29166354113817	0.0	0	0	12
441	1.0	87.5	[3]	{2}	2.442219360096371	1.9304493802687963	1.987990969784589	0.0	0	168.694204185158	331.305795814842	3.489722014937583	110	48	80	50.41748702599853	1.4242928017180827	0	0	50
7	1.0	87.5	[2]	{2}	1.968766826498824	1.5111248565098672	1.6332543070180496	0.0	0	886.6373577620834	386.6373577620834	2.1209747313917426	105	77	91	49.86509930574707	0.96474686399326	0	0	77
194	1.0	87.5	[1]	{1}	2.169815550881145	1.6610946375180422	1.6610946375180422	0.0	0	236.34252580814064	263.65747419185936	0.7504737188607441	74	14	44	27.955645877476783	0.0	0	0	14
256	1.0	87.5	[1]	{0}	1.9053798805190323	1.4181689356028953	1.4181689356028953	0.0	0	217.7856755442917	282.21432445570827	1.6601850104201146	66	4	34	22.443428106531503	0.0	0	0	2
318	1.0	87.5	[2]	{1}	1.1862123762890269	0.9220494757699375	0.9615155297952659	0.0	0	877.0963901188225	377.09639011882246	1.2707668884765941	59	27	43	21.98343356560357	0.473067076541539	0	0	27
132	1.0	87.5	[3]	{1}	2.2186219283636546	1.814571992372353	1.818392160767088	0.0	0	739.0077295713127	239.00772957131267	4.103793659887081	128	56	92	65.46276811286063	1.2513891672079536	0	0	56
380	1.0	87.5	[1]	{2}	3.7056178725333044	2.8816071212625514	2.881607121262552	0.0	0	266.66942797601223	233.33057202398777	0.7697463782853107	113	7	60	41.33242169523239	0.0	0	0	7
442	1.0	87.5	[2]	{0}	2.2138635916982525	1.9779391525531116	1.8870410434881864	0.0	0	261.2229338847101	238.77706611528993	1.9161187980975005	133	5	70	54.21866239669175	1.1607911554276276	0	0	7
70	1.0	87.5	[1]	{1}	3.6795627383779594	3.46452924701277	3.46452924701277	0.0	0	441.77445862442255	58.22554137557745	1.06666344809343	196	40	117	86.17188872783632	0.0	0	0	38
8	1.0	87.5	[2]	{2}	0.6607688549397484	0.5720731337173244	0.5592441298561154	0.0	0	693.0450196377933	193.0450196377933	0.9027075674773932	47	5	26	18.95500956796855	0.2953157232941093	0	0	5
257	1.0	87.5	[3]	{1}	1.5994906993611198	1.4137214035718062	1.3351581244480524	0.0	0	816.8439040891826	316.8439040891826	1.633028972716343	74	18	46	29.729682877324525	1.3322765849316944	0	0	18
195	1.0	87.5	[1]	{1}	3.6994292196807557	3.414794393605746	3.414794393605746	0.0	0	621.6552925761789	121.65529257617891	0.2239933955376136	175	5	89	65.60917061135731	0.0	0	0	3
319	1.0	87.5	[1]	{2}	2.2922896415981637	1.7080298734296164	1.708029873429616	0.0	0	421.3618934154511	78.6381065845489	0.14748135604316145	66	0	34	25.21161893415451	0.0	0	0	2
133	1.0	87.5	[3]	{1}	2.930402473367161	2.4227052496965222	2.405185166770993	0.0	0	321.89656398259103	178.10343601740897	4.665424864680052	167	79	122	83.85662132709471	1.7574367630473602	0	0	77
381	1.0	87.5	[1]	{2}	1.5924550377635969	1.5332153697049078	1.5332153697049078	0.0	0	378.06366244331	121.93633755668998	0.10228428509895356	123	17	70	50.875819746598616	0.0	0	0	17
443	1.0	87.5	[1]	{2}	3.2531813445545987	2.41789453574102	2.417894535741019	0.0	0	477.9072403907776	22.092759609222412	0.28949874578229834	65	3	34	25.567371038436892	0.0	0	0	3
71	1.0	87.5	[1]	{2}	1.546444430222429	1.2549943325543813	1.2549943325543813	0.0	0	979.8324792645872	479.83247926458716	0.6675573372931909	67	25	46	24.246370912358163	0.0	0	0	25
9	1.0	87.5	[1]	{1}	1.589750522938456	1.2122149852870425	1.2122149852870427	0.0	0	665.1871637441218	165.1871637441218	nan	2	2	2	1.7293743274882436	0.0	0	0	2
196	1.0	87.5	[3]	{0}	1.2923268575308837	0.9648374517911402	1.0671205364527563	0.0	0	200.89028542861345	299.1097145713866	2.6403036105377238	77	59	68	40.844294842287916	1.1249615639631867	0	0	59
258	1.0	87.5	[2]	{2}	1.305321390500995	1.1216772025706516	1.0768775214252237	0.0	0	224.71739281900227	275.28260718099773	1.9476284124565408	68	8	38	26.749391355846083	0.5869575151132473	0	0	8
320	1.0	87.5	[1]	{2}	1.6208740183397543	1.3481594210440035	1.3481594210440035	0.0	0	781.2730211298913	281.2730211298913	0.8942589775048697	80	0	41	30.312450725311415	0.0	0	0	2
134	1.0	87.5	[1]	{0}	0.8075466447013996	0.5906842817129146	0.5906842817129146	0.0	0	904.4185890816152	404.4185890816152	1.0327955589886444	9	3	6	3.282488465510309	0.0	0	0	3
382	1.0	87.5	[1]	{0}	2.2322883146235446	1.7035140697176177	1.7035140697176172	0.0	0	623.5451467800885	123.54514678008854	0.7118732378475164	76	6	41	28.683642211178313	0.0	0	0	6
444	1.0	87.5	[3]	{1}	4.396127967747236	3.7819732943064297	3.69870425897006	0.0	0	209.03281355276704	290.96718644723296	4.559551538053584	204	94	148	102.85562508422139	3.499046423091764	0	0	92
72	1.0	87.5	[2]	{1}	2.702035235718176	2.3526105487480686	2.4906374767488075	0.0	0	47.77148272842169	452.2285172715783	0.30782484570531915	186	156	170	90.67006613291802	1.4448348613258644	0	0	154
197	1.0	87.5	[3]	{2}	1.1156957205754692	0.9529774666250712	0.9502575184730528	0.0	0	575.3066428005695	75.30664280056953	3.4509912574998878	64	34	49	37.308919928401714	0.9440041274568887	0	0	34
10	1.0	87.5	[2]	{2}	2.5562503436904667	2.184286580237993	2.183078154267628	0.0	0	829.3174628634006	329.3174628634006	0.6302765090951632	136	54	95	57.736380730884136	0.9086224688804073	0	0	54
321	1.0	87.5	[1]	{1}	1.42704777583294	1.1477838880967615	1.1477838880967615	0.0	0	654.8831292893738	154.88312928937376	2.0523907260333476	25	9	17	12.036584353553133	0.0	0	0	9
259	1.0	87.5	[2]	{1}	2.0079589297290377	1.6403898180150356	1.632167267547355	0.0	0	439.8485766723752	60.1514233276248	1.1215880322560796	113	9	61	44.50957419656964	0.7648853239184501	0	0	9
135	1.0	87.5	[1]	{1}	1.8865581835914105	1.53125466204223	1.53125466204223	0.0	0	285.5290088336915	214.47099116630852	1.4477340275303623	45	11	28	18.627406123671683	0.0	0	0	11
383	1.0	87.5	[1]	{1}	2.502730692316929	1.9428134139944517	1.942813413994452	0.0	0	435.1542037911713	64.84579620882869	0.6546536707079772	29	3	16	11.134691592417656	0.0	0	0	3
445	1.0	87.5	[2]	{2}	2.0766219972207858	1.8804400779788928	1.9298300176573298	0.0	0	967.4762834329158	467.4762834329158	0.8218363294936094	113	89	101	49.55184794014134	0.9971713086470452	0	0	89
73	1.0	87.5	[3]	{2}	1.981758357931393	1.727792161242069	1.6738982522649573	0.0	0	39.7152747027576	460.2847252972424	1.1231181737137634	109	51	80	43.622360877409555	1.6177240683686431	0	0	51
11	1.0	87.5	[3]	{0}	2.1282404668014583	1.7140333365243474	1.7883020442962796	0.0	0	944.5979068987072	444.59790689870715	1.554887714679701	111	61	86	47.04636326190083	1.7040204663326095	0	0	61
198	1.0	87.5	[1]	{2}	2.159180163938945	1.5626865783640422	1.5626865783640422	0.0	0	152.49166171997786	347.50833828002214	0.7011695914588867	22	6	14	9.312899940639735	0.0	0	0	6
260	1.0	87.5	[3]	{2}	1.762079995927788	1.6149757564927618	1.575661516220131	0.0	0	286.4065628964454	213.5934371035546	4.65930285412466	122	76	99	70.50529533034003	2.2168732414906045	0	0	76
322	1.0	87.5	[1]	{1}	1.3173943010473994	1.0359716190060562	1.0359716190060562	0.0	0	489.80536917224526	10.194630827754736	1.2535663410560174	20	4	12	8.549999999999999	0.0	0	0	4
136	1.0	87.5	[2]	{2}	0.6279263114472227	0.4921776457618549	0.4886998737480904	0.0	0	630.0986465066671	130.09864650666714	0.1649572197684645	20	6	13	11.160295939520003	0.20146852582684802	0	0	6
446	1.0	87.5	[3]	{1}	2.4380590014942776	2.187647901259601	2.2031280267927906	0.0	0	357.9824802000076	142.01751979999239	8.198937128607442	134	114	124	88.64329920800031	3.1056717254355286	0	0	114
384	1.0	87.5	[2]	{1}	2.0864801340400523	1.603852192421094	1.634190923091328	0.0	0	6.83473632670939	493.1652636732906	0.5268697244472061	87	27	57	25.339579970622435	0.6524692412962857	0	0	27
74	1.0	87.5	[1]	{0}	4.405328645640047	3.797235730586626	3.797235730586626	0.0	0	221.93964663892984	278.06035336107016	1.6397831834998458	8	2	5	2.3838189399167895	0.0	0	0	2
12	1.0	87.5	[2]	{2}	2.05337477885733	1.8263928614548286	1.8081830240823802	0.0	0	284.4507519621402	215.5492480378598	1.2178577790914085	127	31	79	53.111904893236236	0.8659767336981903	0	0	31
199	1.0	87.5	[2]	{2}	1.511566877346386	1.26385009026492	1.2845034414729288	0.0	0	825.3846487496048	325.3846487496048	1.552317086153937	94	38	66	40.616998265020555	0.5921936524859652	0	0	38
261	1.0	87.5	[2]	{1}	3.319344932898587	3.2067128447563036	3.1525751278089533	0.0	0	776.9376148935407	276.93761489354074	1.1189118249740526	215	99	157	94.74554492128826	1.6883897098350418	0	0	99
323	1.0	87.5	[2]	{1}	1.672855641629568	1.3864319431200003	1.3810852686548798	0.0	0	144.4091636221856	355.5908363778144	1.9587980224070818	78	36	57	34.09450399922021	0.5596934777884032	0	0	36
137	1.0	87.5	[2]	{2}	1.6778734339228425	1.427597830297635	1.3843820023727105	0.0	0	642.5707696471363	142.57076964713633	3.095569296415912	87	15	51	38.6692784661185	0.848563715871363	0	0	15
385	1.0	87.5	[3]	{2}	3.6827849661891596	3.1536520838155226	2.9564386481936795	0.0	0	819.2087430506945	319.20874305069447	2.757740348537111	178	22	100	65.48914536136387	2.1726190437818875	0	0	22
75	1.0	87.5	[1]	{1}	1.846666867507649	1.3682458633382637	1.3682458633382637	0.0	0	943.1057900656016	443.1057900656016	0.21320071635561044	21	9	15	11.049047889409586	0.0	0	0	9
447	1.0	87.5	[2]	{2}	3.2245493269424403	2.6846228009121895	2.6833662651834524	0.0	0	339.31487146764994	160.68512853235006	1.5083567346276077	173	5	88	61.82315177392959	1.0789114649454628	0	0	3
200	1.0	87.5	[2]	{1}	2.481717042494811	1.9366183742916032	1.9595078650146172	0.0	0	681.2233123928308	181.22331239283085	0.09516619028617729	105	19	62	45.260407378643755	0.8449547865978646	0	0	19
13	1.0	87.5	[1]	{2}	2.6761047352745884	2.324325692179317	2.324325692179317	0.0	0	909.7866823431104	409.78668234311044	0.9165269472424938	139	37	89	48.51013200083562	0.0	0	0	39
262	1.0	87.5	[2]	{1}	2.9479570421245427	2.776794666456378	2.71167874424497	0.0	0	263.45952693372965	236.54047306627035	1.1758354071442856	184	48	116	74.7724670165777	1.5129847077671377	0	0	48
324	1.0	87.5	[2]	{0}	2.8099219229591927	2.4660566062310383	2.3899265410404156	0.0	0	350.2853447571397	149.71465524286032	4.7282618080643966	140	22	81	60.34971982864292	1.493466668296108	0	0	22
138	1.0	87.5	[2]	{0}	2.342552491255043	2.047103806658005	2.1064333691685153	0.0	0	310.1275663357228	189.8724336642772	3.864073677935269	155	67	111	73.31635340387932	1.2476277722051057	0	0	67
386	1.0	87.5	[3]	{1}	3.0948538607078215	2.9350224582556304	2.926780045563915	0.0	0	540.9723757766187	40.97237577661872	10.280672646375422	195	171	183	136.00091712732984	5.046287196767723	0	0	171
76	1.0	87.5	[3]	{0}	1.7062203722324791	1.4429420794987555	1.4253481857863592	0.0	0	377.4400483816862	122.55995161831379	3.258102236704222	93	45	69	52.32772062896192	1.309016619881558	0	0	45
448	1.0	87.5	[3]	{1}	3.5842361281727486	3.0453575271244357	2.9457351414891058	0.0	0	214.09992477856576	285.90007522143424	5.427599089208303	179	83	131	91.48669646459263	2.408916127214543	0	0	83
14	1.0	87.5	[3]	{0}	3.278749150048282	2.719376998195061	2.7231221533618766	0.0	0	119.1725772805512	380.8274227194488	3.497273072944397	152	82	116	70.29584164612743	2.1223165847059366	0	0	80
201	1.0	87.5	[1]	{2}	1.541461012736142	1.1593072568730236	1.1593072568730236	0.0	0	28.58755085617304	471.41244914382696	1.0899810770850915	53	7	30	14.779451423972843	0.0	0	0	7
263	1.0	87.5	[3]	{0}	0.9334608834816782	0.8103630174597318	0.8078346087759098	0.0	0	445.1378835365176	54.86211646348238	3.742560669237674	72	34	53	39.835759048171326	0.9079981741878952	0	0	34
325	1.0	87.5	[3]	{1}	5.707094315965285	4.948848065016719	4.884279899099526	0.0	0	666.5026368573308	166.5026368573308	7.250324124037456	242	138	190	136.58083651484546	5.219463947866802	0	0	138
77	1.0	87.5	[3]	{2}	1.238264218809539	1.089890799871748	1.0057238098672467	0.0	0	226.25653725117445	273.74346274882555	3.361196261172865	63	23	43	30.831308835260565	0.923671832715732	0	0	23
449	1.0	87.5	[3]	{0}	3.0394885133659058	2.6056608716928844	2.6276173697324587	0.0	0	809.1553112026304	309.1553112026304	4.358848952487552	190	112	151	100.49386668056063	2.8550288087107143	0	0	112
15	1.0	87.5	[1]	{0}	1.9846200301606751	1.8626484981193827	1.8626484981193827	0.0	0	717.2005122993141	217.20051229931414	0.7715167498104595	13	3	8	5.888197950802744	0.0	0	0	3
450	1.0	87.5	[1]	{0}	3.674033100397462	2.7197027515785823	2.7197027515785823	0.0	0	635.3965946473181	135.39659464731812	0.48000170667576897	98	2	50	36.76965448564292	0.0	0	0	2
387	1.0	87.5	[1]	{2}	1.0121566862836207	0.8166012508521745	0.8166012508521745	0.0	0	32.02014183625579	467.9798581637442	nan	0	0	0	0.0	0.0	0	0	0
139	1.0	87.5	[1]	{0}	2.9284415901337937	2.6637411524175545	2.6637411524175545	0.0	0	412.7784797456116	87.2215202543884	0.008919864872206609	161	23	92	65.9609366227016	0.0	0	0	23
202	1.0	87.5	[1]	{2}	0.8137671721433251	0.7007691347533733	0.7007691347533733	0.0	0	429.62967697530985	70.37032302469015	0.1543033499620919	26	0	13	9.54762967697531	0.0	0	0	0
264	1.0	87.5	[1]	{2}	1.357032337866241	1.1041545757863316	1.1041545757863316	0.0	0	223.77572720870376	276.22427279129624	0.4472135954999579	8	0	4	2.587551454417407	0.0	0	0	0
326	1.0	87.5	[1]	{1}	1.5677581208442992	1.1517304938641633	1.1517304938641635	0.0	0	31.988225877285004	468.011774122715	0.26590179450463586	46	8	27	14.491705646932123	0.0	0	0	8
78	1.0	87.5	[1]	{0}	6.501063234639777	5.532450274968276	5.532450274968276	0.0	0	0.733599066734314	499.2664009332657	0.15134578047097608	273	129	201	104.72145341241362	0.0	0	0	129
140	1.0	87.5	[1]	{0}	1.9109560262550613	1.6487348271023192	1.6487348271023192	0.0	0	731.3147543463856	231.3147543463856	2.6668462583203483	57	17	37	23.665649176111444	0.0	0	0	17
388	1.0	87.5	[1]	{1}	1.4884036297732157	1.3650459160982271	1.3650459160982271	0.0	0	265.7743326853961	234.22566731460392	0.1889822365046136	11	1	6	3.8466459961123767	0.0	0	0	1
16	1.0	87.5	[2]	{2}	0.7618853241420325	0.7034662402947064	0.7159360101644153	0.0	0	321.46696373820305	178.53303626179695	2.270911058812528	53	31	42	28.171810694575317	0.4048390759811134	0	0	31
203	1.0	87.5	[2]	{2}	2.3681405615924747	1.8404373465994448	1.9326313737808554	0.0	0	281.466816784814	218.533183215186	2.859438561831481	104	48	76	51.2025399385318	1.1704376511576098	0	0	48
265	1.0	87.5	[1]	{1}	2.895571280639505	2.4702257286931033	2.4702257286931033	0.0	0	560.7772981747985	60.77729817479849	1.7566201313073597	9	3	6	3.9125545963495965	0.0	0	0	3
451	1.0	87.5	[1]	{2}	1.2945353329231528	0.967385509885675	0.967385509885675	0.0	0	826.8059911206365	326.80599112063646	0.5669467095138409	11	1	6	3.8987760355174546	0.0	0	0	1
327	1.0	87.5	[3]	{0}	3.133706536602337	2.8547875396961278	2.8514154963745835	0.0	0	571.9748483970761	71.97484839707613	9.401672232267655	204	152	178	132.53070424488186	4.05593505251758	0	0	152
141	1.0	87.5	[3]	{0}	2.7337243105446993	2.0739582979494826	2.114518232016831	0.0	0	182.21450271084905	317.78549728915095	1.1839940324271068	125	21	73	45.735081627409905	0.6414330485387315	0	0	21
389	1.0	87.5	[3]	{2}	2.0798271212547763	1.9496361557004067	1.97141620225666	0.0	0	171.75019159913063	328.24980840086937	6.866282504251363	129	119	124	79.22401456153399	3.3587189370417496	0	0	119
79	1.0	87.5	[1]	{1}	0.6759326862752824	0.5741663216235656	0.5741663216235656	0.0	0	880.6608617305756	380.66086173057556	nan	0	0	0	0.0	0.0	0	0	0
17	1.0	87.5	[3]	{1}	2.1096860992858812	1.7177436673818958	1.8587491371463687	0.0	0	916.2042220123112	416.2042220123112	3.741340600527425	131	117	124	74.24294402267039	2.5506656398327867	0	0	117
204	1.0	87.5	[1]	{1}	2.2744868979638064	1.6184094737925165	1.6184094737925165	0.0	0	471.1211938410997	28.878806158900318	0.0	27	5	16	12.728000000000002	0.0	0	0	5
266	1.0	87.5	[1]	{0}	3.3452969543432527	2.7422446893900245	2.7422446893900245	0.0	0	37.32653870247304	462.67346129752696	1.1406289123896363	130	8	69	38.899918860850846	0.0	0	0	8
452	1.0	87.5	[3]	{2}	1.0813491307351126	0.8864354201792266	0.9616224615776764	0.0	0	65.2219990734011	434.7780009265989	3.6707732524886962	58	58	58	36.202655955523255	1.3778169361381178	0	0	58
142	1.0	87.5	[3]	{1}	1.5001120334656555	1.3437115287931427	1.3657951329525446	0.0	0	40.20437877625227	459.79562122374773	1.4883622190001937	96	72	84	44.74153278699518	1.97371803739887	0	0	72
328	1.0	87.5	[1]	{0}	3.4048411901051923	3.0844354275300283	3.0844354275300283	0.0	0	601.3433781918138	101.34337819181383	0.4840705778337745	199	31	116	84.5164092063531	0.0	0	0	33
390	1.0	87.5	[1]	{2}	1.726039409394557	1.6836149636854483	1.6836149636854483	0.0	0	409.3760449904949	90.6239550095051	0.3647582326206156	42	2	22	16.36925626994297	0.0	0	0	2
80	1.0	87.5	[3]	{2}	1.9050984553171424	1.7420129384830811	1.7345946777246912	0.0	0	440.00761583447456	59.992384165525436	7.030125986054588	117	89	103	78.49593145748972	2.569820064595074	0	0	89
18	1.0	87.5	[3]	{2}	2.059748339837409	2.009256307684846	1.9876566186507643	0.0	0	286.1764000263065	213.8235999736935	6.458901316029428	122	100	111	78.34434920139425	3.6437793042407813	0	0	100
205	1.0	87.5	[2]	{2}	2.9063961274400527	2.1958714898969727	2.321029056776092	0.0	0	13.204806949943304	486.7951930500567	0.5872136281630904	150	80	116	57.72434799229356	1.1249361754119844	0	0	82
267	1.0	87.5	[2]	{0}	2.986276518122626	2.3339920031612165	2.3251930252006923	0.0	0	325.5853122100234	174.4146877899766	0.917974889467231	130	4	66	46.74672999072074	0.8825033726874694	0	0	2
453	1.0	87.5	[2]	{0}	3.688865825216095	3.3985038246770816	3.3899823787296883	0.0	0	481.8310393020511	18.168960697948876	4.768078184799471	219	57	138	102.43723399119075	2.014560659940504	0	0	57
143	1.0	87.5	[1]	{1}	1.8129877065687061	1.4475131333361022	1.4475131333361022	0.0	0	873.478569323197	373.478569323197	0.33866700533384136	30	4	17	9.499821460152047	0.0	0	0	4
329	1.0	87.5	[1]	{0}	1.1304137403798478	0.9047141987561913	0.9047141987561913	0.0	0	909.9007602781056	409.9007602781056	0.7821433703281335	24	2	13	6.424290116384627	0.0	0	0	2
81	1.0	87.5	[3]	{1}	1.4771843382403615	1.450992732100786	1.4438153901851445	0.0	0	765.3100264724344	265.3100264724344	6.884778897299214	109	101	105	72.43418864990583	2.714469751944349	0	0	101
391	1.0	87.5	[2]	{1}	1.1846028606549057	0.9574054807504466	0.9820299737462257	0.0	0	584.897056221962	84.89705622196198	3.084353944988697	67	31	49	34.70377948200703	0.6797797429727219	0	0	31
19	1.0	87.5	[3]	{0}	2.6392176863644057	1.9653695846835422	2.190260525028094	0.0	0	124.66206797398628	375.33793202601373	2.4405413747434936	124	102	114	67.14120679739858	2.2859473136974406	0	0	104
206	1.0	87.5	[1]	{0}	2.0455259413902356	1.9246154715336525	1.9246154715336525	0.0	0	677.2189794573933	177.2189794573933	0.2917793347457718	134	28	81	55.684394088758154	0.0	0	0	28
268	1.0	87.5	[1]	{1}	2.283264524404253	1.7737386955032548	1.7737386955032552	0.0	0	307.8383775427937	192.1616224572063	1.2018504251546631	12	2	7	4.115868642799556	0.0	0	0	2
144	1.0	87.5	[3]	{2}	2.2350194461260937	2.009867058276332	2.01789520847253	0.0	0	568.3480377774686	68.34803777746856	6.777648029299251	122	90	106	75.70364709334078	2.85050484001505	0	0	90
454	1.0	87.5	[3]	{0}	2.8186470439568545	2.379022295644909	2.3858629375943305	0.0	0	593.0135280359536	93.01352803595364	5.8766848508833025	149	75	112	81.71267532713713	2.24856582879351	0	0	75
330	1.0	87.5	[1]	{2}	3.2957531406176885	2.8284254962862505	2.8284254962862505	0.0	0	47.49422147870064	452.50577852129936	1.3882600623586052	104	10	57	30.10721685245633	0.0	0	0	10
392	1.0	87.5	[3]	{0}	3.5356397356511917	2.8038086993618294	2.8795297988919057	0.0	0	218.19779300130904	281.80220699869096	3.885684386048844	162	78	120	78.41503226809945	2.091102981141856	0	0	78
82	1.0	87.5	[2]	{1}	3.518523474888425	2.8005160620489606	2.8026023020154334	0.0	0	464.6263786125928	35.373621387407184	0.6880847749588955	172	4	88	65.59629687282818	1.1023178443816346	0	0	4
20	1.0	87.5	[3]	{0}	1.1215918724968479	0.8601016178799858	0.8755773703610295	0.0	0	293.9794729463756	206.0205270536244	1.2635708425057255	53	17	36	25.687712621249254	0.35018525479812235	0	0	19
207	1.0	87.5	[1]	{2}	3.503525415429465	2.936149265537006	2.936149265537006	0.0	0	879.2599977459759	379.25999774597585	0.48304589153964794	34	2	18	8.933360031556337	0.0	0	0	2
269	1.0	87.5	[2]	{2}	2.308660268361246	1.9523266941290627	1.9427399896882722	0.0	0	90.44959489256144	409.55040510743856	1.0574183510877617	113	43	78	41.861068401619804	0.8118177299017078	0	0	43
455	1.0	87.5	[1]	{0}	1.6550160610279487	1.432970955963043	1.432970955963043	0.0	0	946.9222547486424	446.92225474864244	0.0	34	2	18	9.95424392402172	0.0	0	0	2
145	1.0	87.5	[3]	{1}	2.0552310037214516	1.8231667062230696	1.7695783796374265	0.0	0	382.4570297729224	117.5429702270776	6.090429880924153	124	74	100	76.06457029772922	2.281145153334817	0	0	76
393	1.0	87.5	[3]	{1}	1.034547481702623	0.7668276757759703	0.8068853881700058	0.0	0	825.2050466835499	325.2050466835499	1.7004187941595676	40	18	29	14.884283926278352	0.37097500099847747	0	0	18
331	1.0	87.5	[1]	{1}	0.9534520432418456	0.69568331904832	0.69568331904832	0.0	0	540.2717180550098	40.27171805500984	nan	1	1	1	0.7862717180550098	0.0	0	0	1
83	1.0	87.5	[3]	{2}	1.5426316464206742	1.4217633754568397	1.4358624315119763	0.0	0	573.5684791579843	73.56847915798426	6.94509719154455	95	81	88	64.67935650020839	2.422754911582077	0	0	81
21	1.0	87.5	[1]	{2}	0.9917408162319625	0.8123191362161774	0.8123191362161774	0.0	0	113.5751735419035	386.4248264580965	0.296078262731896	27	3	15	9.462627603128553	0.0	0	0	3
208	1.0	87.5	[1]	{1}	1.190288726005108	1.0295563716326086	1.0295563716326086	0.0	0	612.2110751457512	112.21107514575124	0.5251050315105037	16	6	11	8.78678892485425	0.0	0	0	6
146	1.0	87.5	[3]	{1}	2.605107003410613	2.196119205093749	2.1920930768681828	0.0	0	883.2413002382964	383.2413002382964	0.3184564788004076	140	62	101	61.730006879268224	1.9166080598976007	0	0	62
270	1.0	87.5	[3]	{2}	1.6643776079469448	1.251412499714409	1.3049571681388823	0.0	0	906.3730363268404	406.3730363268404	0.7941225539113158	73	23	47	24.798959437945864	0.5851540527973964	0	0	21
394	1.0	87.5	[1]	{2}	2.5660477840786324	1.868360703078429	1.868360703078429	0.0	0	948.8621004857124	448.8621004857124	1.1194147895586115	34	2	18	9.886206392228601	0.0	0	0	2
456	1.0	87.5	[2]	{2}	1.5489014253859574	1.235914141179561	1.2470463440356214	0.0	0	575.776512734592	75.77651273459196	0.6616390509683008	69	7	38	28.239681847184894	0.6195039866406883	0	0	7
332	1.0	87.5	[3]	{0}	0.9969675161245477	0.9172722809708178	0.9038553286844506	0.0	0	654.831996653229	154.831996653229	4.622948769865203	62	48	55	40.19686407697575	1.3356924398300896	0	0	48
84	1.0	87.5	[1]	{1}	3.5954739417568757	3.0561525485569456	3.0561525485569456	0.0	0	250.53335120901465	249.46664879098535	1.217583879739577	152	30	91	58.189201447930195	0.0	0	0	30
22	1.0	87.5	[1]	{2}	5.986042588898685	4.199930897293915	4.199930897293915	0.0	0	332.32572209089994	167.67427790910006	0.2729152956884052	59	3	31	24.1466286104545	0.0	0	0	3
209	1.0	87.5	[2]	{0}	0.569028302393627	0.5226422001841583	0.4964085616649177	0.0	0	952.140634180978	452.14063418097805	1.8107925918440047	54	18	36	21.140937169484786	0.26991538123699116	0	0	18
147	1.0	87.5	[1]	{1}	4.429431532347469	3.181744182102095	3.1817441821020944	0.0	0	827.2439301945269	327.2439301945269	0.6443886931971916	92	6	49	31.312998862024394	0.0	0	0	6
457	1.0	87.5	[3]	{1}	3.203215870365163	2.639610829545536	2.6349125102344404	0.0	0	207.37905846908689	292.6209415309131	4.545375464288756	148	72	110	73.80498539120703	1.8760608510517889	0	0	72
271	1.0	87.5	[2]	{1}	3.310541812626256	2.5745575102258336	2.624254393108224	0.0	0	399.0704556927085	100.92954430729151	2.79151609963169	143	51	98	71.52424096186459	1.4613753154065738	0	0	53
395	1.0	87.5	[1]	{0}	2.715261335472084	2.4296497687363905	2.4296497687363905	0.0	0	538.2558803539723	38.255880353972316	1.2694778745902089	47	11	29	22.42376764106191	0.0	0	0	11
333	1.0	87.5	[1]	{0}	2.8702231644113567	2.2261251752031237	2.2261251752031237	0.0	0	937.721295049414	437.72129504941404	0.24635200565311152	83	9	46	26.971705607924612	0.0	0	0	9
85	1.0	87.5	[1]	{1}	1.4418268056941903	1.4106945686399484	1.4106945686399484	0.0	0	762.8075163811445	262.8075163811445	2.3498113637860705	99	29	65	43.13974150075017	0.0	0	0	31
23	1.0	87.5	[2]	{2}	6.3672478673672455	5.520726685465084	5.644301121486194	0.0	0	192.51742120832205	307.48257879167795	1.8068343731102543	333	175	254	152.21200687791404	2.862568041283521	0	0	175
210	1.0	87.5	[3]	{0}	1.678199299510133	1.290573323550152	1.32451574142992	0.0	0	172.0670333597809	327.9329666402191	1.8419068797599205	77	17	47	29.149078034153202	0.6304342688592128	0	0	17
458	1.0	87.5	[1]	{2}	1.7741224299937828	1.2685837570171705	1.2685837570171705	0.0	0	418.9717094413936	81.02829055860639	0.29277002188455997	9	1	5	3.385915128324181	0.0	0	0	1
148	1.0	87.5	[1]	{2}	1.5260632147607867	1.1659280702531156	1.1659280702531158	0.0	0	830.0256598740816	330.0256598740816	0.7807200583588266	17	5	11	7.2928203808814285	0.0	0	0	5
272	1.0	87.5	[3]	{0}	4.7901070594728665	4.433350194541521	4.2968199023611735	0.0	0	245.99017156288028	254.00982843711972	6.163631868741746	264	144	205	147.59516458284486	6.1714168990405	0	0	146
334	1.0	87.5	[3]	{1}	2.162295176776116	1.829286795701533	1.8267489601864402	0.0	0	733.5028385277838	233.50283852778375	5.894152812410688	113	67	90	62.744892135944205	1.6510891632949274	0	0	67
396	1.0	87.5	[2]	{0}	2.4717213235203523	2.1171596840916873	2.1754939272532403	0.0	0	898.2919990085065	398.29199900850654	2.0359742084426338	124	72	98	53.50272008923442	1.0860942622159921	0	0	72
86	1.0	87.5	[1]	{0}	6.306367004242795	5.629585862224485	5.629585862224485	0.0	0	236.90610169433057	263.0938983056694	1.1371242417995697	286	116	201	123.90831898295322	0.0	0	0	116
24	1.0	87.5	[1]	{1}	1.24169772450779	1.1772588657392085	1.1772588657392085	0.0	0	277.8971679508686	222.1028320491314	0.6601724504999379	83	21	52	33.234681053936484	0.0	0	0	21
211	1.0	87.5	[1]	{1}	3.3463515071144685	2.347588623560104	2.347588623560104	0.0	0	955.80199547112	455.80199547112	0.2886751345948129	8	0	4	2.10679201811552	0.0	0	0	0
149	1.0	87.5	[1]	{2}	2.0198943654253534	1.7653989641595589	1.7653989641595589	0.0	0	551.5119445044547	51.51194450445473	1.1323586754655983	116	20	68	49.75954610883074	0.0	0	0	20
459	1.0	87.5	[1]	{0}	5.329365309056227	4.788158427802563	4.788158427802563	0.0	0	558.1672010011971	58.1672010011971	0.11134654353282727	274	16	146	109.82428310588753	0.0	0	0	18
273	1.0	87.5	[1]	{0}	3.0327889249540427	2.384111005338377	2.384111005338377	0.0	0	592.1724068466574	92.1724068466574	0.3375209208106782	110	6	58	42.80889667676016	0.0	0	0	6
335	1.0	87.5	[2]	{0}	1.4678159600335645	1.2330169821023516	1.1785086953521224	0.0	0	938.3807671256365	438.38076712563645	0.23094644374201817	66	2	34	19.05857698623091	0.5689407658982956	0	0	2
397	1.0	87.5	[2]	{2}	3.351880991641742	2.469459151647037	2.7986680416080785	0.0	0	970.2016117516904	470.2016117516904	2.593623088823958	161	139	150	75.2149679077566	1.8228716578726716	0	0	139
87	1.0	87.5	[3]	{2}	1.7725361333161318	1.5722871842031236	1.5445791934900475	0.0	0	835.3673864621669	335.3673864621669	2.738560859602124	108	58	83	52.65385465288349	1.8040365608961864	0	0	58
25	1.0	87.5	[1]	{1}	4.141983053137326	3.255565071904925	3.2555650719049254	0.0	0	671.6980002820492	171.69800028204918	1.0606601717798212	7	3	5	3.0256980002820493	0.0	0	0	3
212	1.0	87.5	[2]	{0}	5.075453717298149	3.9920406372619297	3.965375283220239	0.0	0	457.6776472385973	42.322352761402726	4.123752011693318	187	63	125	96.03612470246664	2.0577021031088307	0	0	63
150	1.0	87.5	[1]	{2}	3.5371578299387014	2.7678882257802147	2.7678882257802147	0.0	0	184.7182321362197	315.28176786378026	1.0606601717798212	44	2	23	13.998900553498418	0.0	0	0	2
460	1.0	87.5	[1]	{0}	5.207893253662435	3.632249729322134	3.632249729322135	0.0	0	869.5793538354337	369.5793538354337	1.7232808737106582	43	3	23	14.39462710781023	0.0	0	0	3
274	1.0	87.5	[2]	{1}	1.614251269950825	1.2465289253887506	1.244102654848649	0.0	0	425.7039886433631	74.29601135663688	0.05710402407201607	63	1	32	24.392999999999997	0.46963382736260556	0	0	1
336	1.0	87.5	[1]	{2}	2.331112351877361	1.6798266650715359	1.6798266650715359	0.0	0	460.74821613729	39.25178386271	0.8720983634634086	44	10	27	20.316755351588128	0.0	0	0	10
398	1.0	87.5	[3]	{2}	3.759133412324908	3.007499756886407	3.1866291016970383	0.0	0	84.31678893975914	415.68321106024086	2.1687314178504593	182	114	149	88.72849935110844	3.3691598826318896	0	0	116
88	1.0	87.5	[2]	{2}	1.7788501432218338	1.412706370787001	1.4223648800573296	0.0	0	369.3779830355197	130.62201696448028	0.06837042661456096	95	11	53	39.305693609816956	0.6068822378682077	0	0	11
26	1.0	87.5	[3]	{1}	1.511944042646113	1.2843174850617831	1.2813576740274324	0.0	0	539.2223231028765	39.222323102876544	4.413297678142229	80	42	61	45.20433303069138	1.2546595465265775	0	0	42
213	1.0	87.5	[1]	{1}	2.5211924424478136	1.979160124529877	1.9791601245298769	0.0	0	363.18566324189305	136.81433675810695	1.0264046441372396	65	9	37	26.472042295660827	0.0	0	0	9
151	1.0	87.5	[2]	{2}	2.8690166191306865	2.3541844981118416	2.333717598094698	0.0	0	730.44175026007	230.44175026006997	0.20011120378952102	123	23	73	48.03258723621629	0.9880252257197524	0	0	23
275	1.0	87.5	[1]	{1}	2.993890875053242	2.4162500334499017	2.4162500334499017	0.0	0	488.7191755697131	11.280824430286884	0.8401680504168059	16	4	10	7.542561648860573	0.0	0	0	4
337	1.0	87.5	[1]	{1}	1.5827171997626528	1.2129424356483285	1.2129424356483285	0.0	0	967.5537552684546	467.55375526845455	0.6405126152203485	12	0	6	2.897677468389273	0.0	0	0	0
461	1.0	87.5	[2]	{0}	3.0435111700537143	2.3005446259294757	2.515822869556445	0.0	0	32.376357121393085	467.6236428786069	1.1322421406320788	142	98	120	66.18064656911046	1.4544337499669542	0	0	98
399	1.0	87.5	[3]	{2}	1.2999922509714716	1.02040024688384	1.0173656431957152	0.0	0	481.220081448555	18.779918551445007	2.4406035021169363	65	13	39	27.640019266962998	0.5005593313880472	0	0	13
89	1.0	87.5	[2]	{1}	0.9127613203420734	0.7480946868974191	0.7656455914215402	0.0	0	719.0662606153637	219.06626061536372	0.3698169029387781	52	12	32	21.667277224000546	0.38938180764589264	0	0	12
27	1.0	87.5	[2]	{0}	2.8083963512898222	2.1975966582126842	2.1508321020010075	0.0	0	847.7160835172981	347.7160835172981	0.25485368647828693	131	11	70	44.886331490065906	0.8811245594571974	0	0	9
214	1.0	87.5	[1]	{1}	1.4230989083578298	1.2689383628910358	1.2689383628910358	0.0	0	13.217018451541662	486.78298154845834	0.3423683940087303	62	6	33	16.873161608900876	0.0	0	0	4
276	1.0	87.5	[2]	{0}	1.027049743652824	0.9470467362904746	0.9267345377530083	0.0	0	25.516243651509285	474.4837563484907	0.3108947062827684	59	29	44	19.136714720666415	0.45601871526852517	0	0	29
400	1.0	87.5	[3]	{1}	1.7156786138647653	1.4921817999405727	1.4908944605714052	0.0	0	495.6305488012731	4.3694511987268925	5.105192876220488	104	62	83	62.60206396318599	1.9277066692230278	0	0	62
152	1.0	87.5	[1]	{2}	2.271313274168932	1.8387864360018384	1.8387864360018384	0.0	0	596.6059709899127	96.60597098991275	0.9611570140088157	99	3	52	37.0891522320807	0.0	0	0	5
462	1.0	87.5	[1]	{1}	4.9675961626468155	3.61245127813195	3.61245127813195	0.0	0	2.7226628735661507	497.27733712643385	1.9902599873400415	68	10	38	20.04946118919551	0.0	0	0	8
338	1.0	87.5	[1]	{0}	5.566576246714565	5.001424920636497	5.001424920636497	0.0	0	70.8671398460865	429.1328601539135	0.44597502979184217	292	142	216	119.46236508798597	0.0	0	0	140
90	1.0	87.5	[3]	{1}	2.6742559906889705	2.390639906230013	2.4120276802622875	0.0	0	277.1703277248889	222.82967227511108	7.671326662418532	161	125	144	99.48562621799113	3.346668110216712	0	0	127
28	1.0	87.5	[3]	{2}	3.6979221549688384	3.185146068266023	3.236420665212542	0.0	0	280.61337769031525	219.38662230968475	7.60754628813801	213	151	182	127.8809772367477	3.9375503661498388	0	0	151
215	1.0	87.5	[3]	{2}	4.654614656461906	3.6662814423113703	3.612982475166601	0.0	0	171.38431873172522	328.6156812682748	0.9438232984827595	171	33	102	65.52567094868422	1.1383642659764075	0	0	33
401	1.0	87.5	[2]	{1}	2.6904304770978777	2.1328059132466364	2.1398513838644515	0.0	0	575.2133149653673	75.21331496536732	1.1300304705931006	103	27	66	49.20730707076193	0.8883093283291851	0	0	29
339	1.0	87.5	[3]	{2}	1.8887209567335872	1.4279123302695136	1.4677292960086707	0.0	0	890.5491612385958	390.54916123859584	0.5698028822981897	76	24	50	31.34013187293335	0.5114598535080978	0	0	24
277	1.0	87.5	[2]	{2}	1.8306331632736355	1.5682517757627696	1.56635770208146	0.0	0	301.6459699720144	198.35403002798557	1.1340788514187714	120	22	71	50.09652834846079	0.6605900753161025	0	0	22
153	1.0	87.5	[2]	{2}	2.735090034869808	2.134989181239888	2.229376569045167	0.0	0	230.38573865778744	269.61426134221256	1.3367810108893603	143	69	105	69.99847335396521	1.2119146196771855	0	0	67
463	1.0	87.5	[2]	{1}	2.350681070859955	2.1119530782655396	2.0797346620297983	0.0	0	302.62112244963646	197.37887755036354	0.7358888519570452	161	25	94	60.23844755107162	1.067625454265674	0	0	27
91	1.0	87.5	[1]	{1}	2.8294112319867524	2.114384157538939	2.114384157538939	0.0	0	220.1251951046288	279.8748048953712	1.3138371819987007	81	3	42	23.887255072720343	0.0	0	0	3
29	1.0	87.5	[1]	{0}	3.026352398151382	2.4767887753986555	2.4767887753986555	0.0	0	593.0343470536172	93.03434705361724	0.0	5	1	3	2.5569656529463827	0.0	0	0	1
216	1.0	87.5	[2]	{1}	2.2277511379760764	2.103857796759457	2.039868860499734	0.0	0	177.47994721867144	322.52005278132856	2.1594505203317986	145	39	92	56.27015514411775	1.1243962612120275	0	0	39
278	1.0	87.5	[3]	{0}	1.9186936700861053	1.55881762132795	1.6256793716743838	0.0	0	64.4279180560261	435.5720819439739	0.589541152374947	104	56	79	42.464238018089915	1.6467762491595659	0	0	54
340	1.0	87.5	[3]	{1}	2.9223102867107507	2.6155381261175066	2.6048637095429386	0.0	0	417.6120071206242	82.38799287937582	7.544441498977957	181	113	148	111.9953440854475	3.434610726107837	0	0	115
154	1.0	87.5	[1]	{0}	5.072045683011499	3.927961462107594	3.927961462107594	0.0	0	282.3014361783862	217.6985638216138	0.1545366589109795	63	5	35	24.269918670319022	0.0	0	0	7
402	1.0	87.5	[2]	{1}	2.5995861542258942	2.1988066460077227	2.2116986059697	0.0	0	430.3245085757226	69.67549142427742	0.6677880076317774	154	14	84	61.558523463089	1.0969341479370835	0	0	14
464	1.0	87.5	[2]	{1}	1.4439826381407186	1.3488226441393283	1.3254956906864814	0.0	0	267.0488436706364	232.95115632936358	2.552897748591962	97	29	62	43.89293062023817	0.7036410432704391	0	0	27
92	1.0	87.5	[1]	{1}	2.1455951107816036	1.7756667517926508	1.775666751792651	0.0	0	171.16220574826002	328.83779425174	0.4898979485566356	9	1	5	3.15948661724478	0.0	0	0	1
30	1.0	87.5	[1]	{1}	3.532351468002942	2.579770553282547	2.5797705532825463	0.0	0	423.3203525654972	76.67964743450278	0.5995922527561688	63	9	36	25.939125641047955	0.0	0	0	9
217	1.0	87.5	[1]	{0}	2.169376126872017	1.8997840597690523	1.8997840597690523	0.0	0	857.2838534601033	357.2838534601033	1.0963225241337866	29	3	16	8.42445834463835	0.0	0	0	3
279	1.0	87.5	[1]	{1}	2.766009509642448	2.159978571149697	2.1599785711496975	0.0	0	57.18093644827604	442.81906355172396	1.2175118067502997	73	13	44	22.498237457931044	0.0	0	0	15
341	1.0	87.5	[2]	{1}	1.711502099853139	1.3530017691438245	1.3469033730162798	0.0	0	531.8461847491562	31.846184749156237	2.608584518397607	67	31	49	36.54600040173903	0.6826476678407418	0	0	31
155	1.0	87.5	[1]	{2}	1.6838750440367174	1.4161654948203926	1.4161654948203926	0.0	0	975.5597391631454	475.5597391631454	0.37038926633581065	35	7	21	10.000245477573948	0.0	0	0	7
403	1.0	87.5	[1]	{0}	1.9798473213067407	1.628507094054783	1.628507094054783	0.0	0	538.1793284323066	38.17932843230665	0.6366624736381951	69	9	39	30.00789664216154	0.0	0	0	9
465	1.0	87.5	[3]	{0}	2.0180286976922557	1.6292925527850044	1.6400009606249712	0.0	0	240.8292053733021	259.1707946266979	2.8141120514335656	97	35	66	43.85653457194567	1.053153456200927	0	0	35
93	1.0	87.5	[3]	{1}	3.1111408238288227	2.360602097685182	2.6495108847060918	0.0	0	134.22201294451952	365.7779870554805	4.353679395116688	167	141	154	92.8875296051204	3.3190895209185625	0	0	141
31	1.0	87.5	[3]	{2}	1.2819067243696767	1.0050046939684665	1.032500052647611	0.0	0	749.749958049506	249.74995804950595	2.003190488577372	79	45	62	44.75300151021781	0.6786516196977166	0	0	45
280	1.0	87.5	[3]	{2}	0.6398197758096085	0.5128547491921351	0.5112694237769774	0.0	0	516.5741541422904	16.574154142290354	2.9953810596162374	25	13	19	13.92857415414229	0.34688719218074365	0	0	13
218	1.0	87.5	[1]	{2}	2.593557190024029	1.9743141791939083	1.9743141791939087	0.0	0	806.810568086803	306.81056808680296	0.4151682458530185	51	3	27	18.23908375104517	0.0	0	0	3
156	1.0	87.5	[1]	{1}	1.22673701228925	0.928423053679184	0.928423053679184	0.0	0	83.24347413145006	416.75652586854994	0.8596339850397343	66	4	35	19.313573801549147	0.0	0	0	4
342	1.0	87.5	[2]	{1}	1.1492818160106322	0.9042038439498379	0.9046934952002392	0.0	0	495.4337235540152	4.5662764459847835	1.6292605520020849	58	12	35	25.897168617770078	0.43728465169948005	0	0	12
466	1.0	87.5	[1]	{1}	5.211551646577563	4.245739259253842	4.245739259253842	0.0	0	313.06615145877004	186.93384854122996	0.5061804420422159	67	9	38	26.832190726257867	0.0	0	0	9
404	1.0	87.5	[2]	{2}	2.1545968328296996	1.745485282110886	1.7201226034949126	0.0	0	612.7249533310533	112.72495333105326	1.629301030730508	103	9	56	42.299699439972656	0.8678203202919124	0	0	9
94	1.0	87.5	[1]	{0}	0.6699210069593127	0.4743776563516091	0.4743776563516091	0.0	0	268.69980804622173	231.30019195377827	nan	0	0	0	0.0	0.0	0	0	0
32	1.0	87.5	[1]	{2}	3.9807970192246187	3.4454906506934466	3.4454906506934466	0.0	0	264.1469892114401	235.8530107885599	1.142378714922683	175	19	97	65.22649644978344	0.0	0	0	19
281	1.0	87.5	[1]	{1}	1.2374261801288982	1.0150628877237797	1.0150628877237797	0.0	0	519.8325293604285	19.832529360428452	0.43502841291666555	46	2	24	17.956665058720855	0.0	0	0	2
219	1.0	87.5	[3]	{0}	3.0577337390726997	2.4364200604325656	2.4196450955009974	0.0	0	536.5454831626266	36.545483162626624	3.1547483108560868	152	48	100	76.96881869692724	1.4697744234874028	0	0	48
467	1.0	87.5	[3]	{1}	1.1627127981787828	0.9439870524526497	0.9343246125759357	0.0	0	287.73125959560275	212.26874040439725	1.429499755607552	63	21	42	29.797087711103263	0.5438399551929074	0	0	21
343	1.0	87.5	[2]	{1}	2.311638173992973	1.8468832907270616	1.9009939250999899	0.0	0	725.9536006022245	225.95360060222447	2.9041586403701283	106	38	72	47.47185597591103	0.9846515900946629	0	0	38
157	1.0	87.5	[1]	{1}	3.679911767525141	2.758190703746938	2.758190703746938	0.0	0	155.23518668487668	344.7648133151233	0.10994987428338561	46	4	25	14.8719981736429	0.0	0	0	4
405	1.0	87.5	[2]	{0}	1.5642071916562865	1.2825421126160874	1.2793923813429258	0.0	0	486.690073274076	13.309926725924015	2.7031865220127047	83	19	51	38.9692687543407	0.7339340607308058	0	0	19
95	1.0	87.5	[1]	{1}	4.233371452440151	3.9306902915331294	3.9306902915331294	0.0	0	284.08455895259976	215.91544104740024	1.6277639216469275	79	7	43	28.9864375021942	0.0	0	0	7
33	1.0	87.5	[1]	{2}	2.404551110696606	2.0937084349475703	2.0937084349475703	0.0	0	764.4463153555989	264.4463153555989	2.02837021134844	13	7	10	7.012322107866407	0.0	0	0	7
282	1.0	87.5	[3]	{2}	1.5702950529956077	1.3041080388809152	1.2904739251992583	0.0	0	862.0212497189641	362.0212497189641	1.469291833895052	72	30	51	31.738171260960396	0.9396821703445862	0	0	30
220	1.0	87.5	[1]	{2}	1.801973395958959	1.3353184680679175	1.3353184680679175	0.0	0	568.8761565834284	68.87615658342838	0.5773502691896258	5	3	4	3.174	0.0	0	0	3
344	1.0	87.5	[3]	{2}	1.3154410629305844	1.1937799982945634	1.1941550487557802	0.0	0	514.4346782471985	14.434678247198462	6.874649261535879	80	68	74	54.132914504539194	1.6865766117832042	0	0	68
468	1.0	87.5	[2]	{1}	1.0360999326071003	0.8089190488805713	0.8619640183043598	0.0	0	232.72113292478025	267.27886707521975	0.9975674982216793	48	20	34	21.41019172189385	0.542377065572549	0	0	20
158	1.0	87.5	[2]	{2}	2.8740658205728655	2.372476289840206	2.341226413193665	0.0	0	553.039240418002	53.03924041800201	3.354896989644421	131	41	85	65.81798101045005	1.4933775937852474	0	0	39
406	1.0	87.5	[1]	{0}	4.0239542691693	3.4063294320364843	3.4063294320364843	0.0	0	203.46123725175855	296.5387627482414	0.23178258426489945	95	3	49	34.55468598228694	0.0	0	0	3
96	1.0	87.5	[1]	{1}	0.9616850884463157	0.8932207826053551	0.8932207826053551	0.0	0	432.41885979659855	67.58114020340145	0.45733756229700734	56	10	33	23.19714693410136	0.0	0	0	10
34	1.0	87.5	[3]	{2}	1.0110261980064426	0.860695988076304	0.8357365126847064	0.0	0	687.1755290776491	187.17552907764912	2.165349779925056	54	22	38	27.20119153475762	0.753082875721198	0	0	22
221	1.0	87.5	[3]	{2}	1.074554593644735	0.8656362642508819	0.853554537594325	0.0	0	9.445579955354331	490.55442004464567	0.29116161578269606	50	18	34	16.542149718482047	0.4057374572564312	0	0	18
283	1.0	87.5	[2]	{0}	0.8454121267714534	0.6712620513609473	0.7016565009844264	0.0	0	371.40052602626383	128.59947397373617	2.8675636059626974	62	38	50	34.844617884892976	0.5153001572692983	0	0	38
469	1.0	87.5	[3]	{0}	3.034157337335005	2.4191389534169048	2.390372421797429	0.0	0	888.0073591135442	388.0073591135442	1.91622366840851	123	29	76	44.91063204432279	0.9921744895991258	0	0	29
97	1.0	87.5	[3]	{0}	1.5241493323638078	1.2288955650028113	1.2281993835353802	0.0	0	522.6906072348356	22.690607234835625	2.373969532278117	77	25	51	37.29692817829549	0.7113805565402995	0	0	25
407	1.0	87.5	[3]	{0}	3.4048833423610163	3.197921647909962	3.215197373889682	0.0	0	384.6279229037464	115.37207709625358	9.786472269184905	217	183	200	146.64141952841726	5.442018166880513	0	0	183
345	1.0	87.5	[1]	{2}	8.508175500615515	6.701887035644029	6.701887035644029	0.0	0	135.50732983276248	364.4926701672375	0.02950978288503027	264	38	150	89.94490889926259	0.0	0	0	36
159	1.0	87.5	[1]	{2}	3.6431595158194687	3.092937567752508	3.092937567752508	0.0	0	248.0196773540229	251.9803226459771	0.9590767288534175	174	48	110	69.21069225244597	0.0	0	0	46
35	1.0	87.5	[1]	{0}	2.526070275398496	2.3124968542367776	2.3124968542367776	0.0	0	759.2185304965824	259.2185304965824	1.4193112570695845	119	11	66	44.38319935318455	0.0	0	0	13
284	1.0	87.5	[1]	{0}	1.0247373101996984	0.9295881813009054	0.9295881813009054	0.0	0	826.26524544321	326.26524544321	2.866949248471454	64	6	35	22.044246900374066	0.0	0	0	6
222	1.0	87.5	[1]	{1}	3.4333041113292353	2.4877582332748043	2.487758233274805	0.0	0	586.6910866461694	86.69108664616942	1.3611140947574412	37	11	24	17.352146519877017	0.0	0	0	11
470	1.0	87.5	[1]	{2}	2.1737529621375637	1.9235256350855348	1.9235256350855348	0.0	0	829.8281205352396	329.8281205352396	0.621966321647047	18	0	9	5.271546915182843	0.0	0	0	0
98	1.0	87.5	[3]	{0}	3.6557626374237397	3.195841496185687	3.1489706205361676	0.0	0	371.1830833926797	128.8169166073203	6.219949647409772	179	95	137	99.1354785844609	3.62104566483668	0	0	95
346	1.0	87.5	[1]	{2}	3.176927991145257	3.0590298070172603	3.0590298070172603	0.0	0	202.06356793642044	297.93643206357956	0.5417140777308952	129	11	70	50.04716130983828	0.0	0	0	11
408	1.0	87.5	[1]	{1}	1.3040696974762138	0.9869339174437523	0.9869339174437524	0.0	0	432.5811504386365	67.41884956136352	0.6735753140545634	17	1	9	6.258230353947728	0.0	0	0	1
160	1.0	87.5	[2]	{2}	2.698751839577375	2.2153186884683596	2.230489560747805	0.0	0	686.4698783028871	186.46987830288708	0.223994940314325	127	27	77	53.35615669334121	0.9624719408492636	0	0	27
36	1.0	87.5	[1]	{1}	1.956598511353744	1.7921918495791693	1.7921918495791693	0.0	0	713.4399046190083	213.4399046190083	0.6852380668682859	109	39	74	50.03236534133552	0.0	0	0	39
223	1.0	87.5	[1]	{2}	2.4432386244609394	2.1215617960511586	2.1215617960511586	0.0	0	26.846412336453795	473.1535876635462	0.7468055114982657	77	5	41	22.242010081121702	0.0	0	0	5
285	1.0	87.5	[1]	{2}	3.076128191470831	2.6885969377688257	2.6885969377688257	0.0	0	799.8223684262484	299.82236842624843	0.9332664218806804	91	5	48	31.433039473507556	0.0	0	0	5
471	1.0	87.5	[1]	{2}	2.284599446913064	1.8191580799942202	1.8191580799942202	0.0	0	607.9412470571697	107.94124705716968	nan	0	0	0	0.0	0.0	0	0	0
99	1.0	87.5	[1]	{2}	3.6893812062115536	3.303284106931839	3.303284106931839	0.0	0	634.5140507910401	134.51405079104006	0.7623668093691359	197	45	121	84.38433378434365	0.0	0	0	45
409	1.0	87.5	[3]	{2}	2.006764459875541	1.6079172572693599	1.5889183557510098	0.0	0	818.7685541342944	318.7685541342944	1.5743790458930824	86	20	53	33.59417482183687	0.7303610143618424	0	0	20
347	1.0	87.5	[2]	{0}	3.9394972744123047	2.884588614393248	3.066177483954526	0.0	0	931.3385428395122	431.33854283951223	0.15069288487377414	169	63	116	57.41043737333269	1.517418050184437	0	0	63
161	1.0	87.5	[2]	{2}	3.3485267334391557	2.453910666582359	2.6815737807174065	0.0	0	956.90191606991	456.90191606991004	1.0175678519516922	145	83	114	62.8477892323099	1.505586096650499	0	0	83
37	1.0	87.5	[1]	{1}	4.381741170527436	3.2551024430665327	3.2551024430665327	0.0	0	460.19950695335865	39.80049304664135	0.8021152468288587	61	3	32	24.039798027813443	0.0	0	0	3
224	1.0	87.5	[3]	{2}	1.3185744406699198	1.1573701288425764	1.1573123821788642	0.0	0	498.8695022184402	1.130497781559825	5.21246375262354	78	58	68	49.14208796450494	1.3981331538198711	0	0	58
286	1.0	87.5	[1]	{2}	1.5957110649173682	1.1699699114203932	1.1699699114203932	0.0	0	797.9478102643043	297.9478102643043	0.6384423980690614	47	9	28	19.477730656299737	0.0	0	0	9
472	1.0	87.5	[1]	{1}	2.943852721016282	2.0834519770607653	2.083451977060766	0.0	0	939.1274927183986	439.12749271839857	1.9364916731037083	14	4	9	5.4911075509712095	0.0	0	0	4
410	1.0	87.5	[2]	{0}	1.6285657780185303	1.3205658596106484	1.4076572263268932	0.0	0	81.26696804538369	418.7330319546163	0.25873117251307715	92	58	75	39.77548866731301	0.8013621483334158	0	0	58
100	1.0	87.5	[1]	{2}	2.233969049808395	1.6031989832896556	1.6031989832896556	0.0	0	441.7378250509501	58.26217494904989	1.10377696422087	18	4	11	7.707213475152851	0.0	0	0	4
348	1.0	87.5	[3]	{0}	2.0570701930446944	1.684512709676273	1.7685564190765803	0.0	0	285.3272380307317	214.67276196926832	5.885778001514719	100	80	90	63.62501637759803	2.1975270411234753	0	0	80
162	1.0	87.5	[1]	{2}	0.681668851899196	0.6452373930361635	0.6452373930361635	0.0	0	700.8150340989232	200.8150340989232	0.7460470969529908	48	18	33	22.732733942933383	0.0	0	0	18
38	1.0	87.5	[2]	{2}	6.27564709194522	5.017254024919989	5.003054577143401	0.0	0	89.22928129322827	410.77071870677173	0.27394356400255704	229	47	138	80.1275966300145	1.8997988499804943	0	0	47
225	1.0	87.5	[2]	{1}	2.915826580742782	2.261539793369997	2.259714401816405	0.0	0	182.04757873900235	317.95242126099765	0.2183687111790502	142	6	75	51.654045885777116	0.807542195429696	0	0	8
287	1.0	87.5	[1]	{0}	1.8809760726435747	1.3130364534757875	1.3130364534757875	0.0	0	157.23072830587626	342.76927169412374	nan	2	2	2	0.9104614566117525	0.0	0	0	2
473	1.0	87.5	[1]	{2}	1.167268229562607	0.9265673765328838	0.9265673765328838	0.0	0	316.2828544154763	183.71714558452368	1.0567654889711946	60	12	36	26.11039425298572	0.0	0	0	12
349	1.0	87.5	[1]	{0}	2.468640121969303	2.0302251799797992	2.0302251799797992	0.0	0	829.4698111712933	329.46981117129326	1.5102990841682271	115	27	71	45.819401896208525	0.0	0	0	27
411	1.0	87.5	[2]	{2}	1.6039358273247692	1.3382718303293955	1.3842553734150107	0.0	0	166.02044831961393	333.97955168038607	0.08048436365855337	94	46	70	43.4733086924553	0.7199711677947912	0	0	46
101	1.0	87.5	[2]	{0}	2.254681162824154	1.956153710588291	1.8995124550901976	0.0	0	646.1719686631113	146.17196866311133	0.5995728584689375	127	9	68	47.3880576295182	1.1596692578628887	0	0	9
163	1.0	87.5	[3]	{1}	2.9130690943409707	2.538255895847633	2.5562632875897906	0.0	0	146.00149891339242	353.9985010866076	4.36546222071466	165	115	140	91.33014089785893	3.0225602883157583	0	0	115
39	1.0	87.5	[1]	{2}	0.7469536751166579	0.6423549648276696	0.6423549648276696	0.0	0	956.5745340660214	456.57453406602144	1.224744871391589	3	1	2	0.9778509318679571	0.0	0	0	1
226	1.0	87.5	[2]	{1}	1.1682109683949344	1.0257593023644753	1.0037356283706405	0.0	0	159.03253643773496	340.96746356226504	0.3578132236660672	71	35	53	32.197464139698084	0.48422186141135815	0	0	35
288	1.0	87.5	[3]	{1}	1.8866710474438193	1.7854156267770396	1.7426952036510914	0.0	0	178.9051319938153	321.0948680061847	5.864859806072436	121	83	102	66.78606686367841	2.7545814545357286	0	0	83
474	1.0	87.5	[2]	{2}	2.1012180134066885	1.744905166728999	1.6828111597754418	0.0	0	862.5963355880231	362.59633558802307	1.4595128530639008	104	6	56	36.11318322059884	0.8034504555483463	0	0	8
412	1.0	87.5	[1]	{1}	3.3921210940844695	2.4769207940000246	2.4769207940000246	0.0	0	758.8801295496523	258.88012954965234	0.4811252243246881	17	1	9	6.008839093152434	0.0	0	0	1
350	1.0	87.5	[1]	{1}	1.8792954024155466	1.677558936091427	1.677558936091427	0.0	0	244.9083006940782	255.0916993059218	1.574226310982153	116	16	65	44.68095653817431	0.0	0	0	14
102	1.0	87.5	[2]	{2}	1.3200372053158138	1.100308065980013	1.091452535764863	0.0	0	723.7871380057186	223.7871380057186	1.3334574787649078	68	26	47	30.642301617776976	0.4710051537502267	0	0	26
164	1.0	87.5	[2]	{2}	2.395834143548889	2.091285000407914	2.066117781343651	0.0	0	204.742792295292	295.257207704708	1.6198168811261118	128	28	78	49.692481045261026	0.9534389981106113	0	0	28
40	1.0	87.5	[1]	{1}	1.3661748665039783	1.0656102951438426	1.0656102951438426	0.0	0	33.94395555369556	466.05604444630444	2.0743354076697784	30	6	18	10.786991199966522	0.0	0	0	6
227	1.0	87.5	[1]	{0}	1.3621475107689458	1.2464783974670635	1.2464783974670635	0.0	0	959.1413394082338	459.14133940823376	0.582551728035463	25	11	18	10.91873856946826	0.0	0	0	11
289	1.0	87.5	[1]	{2}	1.95272398133824	1.7659832356108807	1.7659832356108807	0.0	0	373.5924458596856	126.4075541403144	1.3343572305094384	66	18	42	30.645109350316226	0.0	0	0	18
475	1.0	87.5	[2]	{2}	1.0647559693686286	0.8573310653770169	0.8477750486532125	0.0	0	832.0766750257462	332.0766750257462	1.103722695797854	46	12	29	17.843236474407842	0.34417360096314337	0	0	12
103	1.0	87.5	[1]	{0}	6.880512042248604	4.762355909457575	4.762355909457575	0.0	0	222.65686839818957	277.34313160181046	1.4621327318693966	68	6	37	23.967166762769228	0.0	0	0	6
351	1.0	87.5	[1]	{0}	4.66330199692044	4.092016921661064	4.092016921661064	0.0	0	950.274605769664	450.27460576966405	0.9400193421607683	10	0	5	1.5796269711516797	0.0	0	0	0
413	1.0	87.5	[1]	{1}	6.148734475870835	5.681372008612072	5.681372008612072	0.0	0	912.2983103152364	412.29831031523645	0.846212656265697	223	35	129	76.04429093437828	0.0	0	0	35
165	1.0	87.5	[1]	{1}	4.117134227961782	3.7146454331591814	3.7146454331591814	0.0	0	506.1548622325063	6.154862232506275	1.0303098861694289	38	6	22	17.287070826604964	0.0	0	0	6
41	1.0	87.5	[2]	{1}	1.4836746327757533	1.3634102919840052	1.3570956260358558	0.0	0	26.41817089170217	473.5818291082978	0.7761935175392314	92	68	80	41.89845367133617	0.6285921530516405	0	0	68
228	1.0	87.5	[3]	{0}	2.8900923320091243	2.314403699708688	2.3528091326795146	0.0	0	373.86108469218016	126.13891530781984	4.129814084492137	113	57	85	64.68936060915144	1.7863884147622537	0	0	57
290	1.0	87.5	[1]	{0}	1.12837990662644	1.0449439328191867	1.0449439328191867	0.0	0	65.98254316486418	434.0174568351358	0.20396053881284565	75	37	56	29.955022417232392	0.0	0	0	37
414	1.0	87.5	[3]	{1}	1.9568171639478131	1.6155178599688909	1.6173638365918395	0.0	0	481.4255991950631	18.574400804936886	3.3533833271133933	84	38	61	45.55512799597531	1.2973905447222909	0	0	38
352	1.0	87.5	[3]	{0}	2.13475010114736	1.5850042312689034	1.6706164807816628	0.0	0	886.6026219911873	386.60262199118733	0.16023809419140314	90	34	62	36.494458412475886	0.7778789084817159	0	0	34
476	1.0	87.5	[2]	{2}	1.9059203807402392	1.491089770115985	1.615948385413221	0.0	0	869.9056548066437	369.9056548066437	1.0264046441372396	111	79	95	57.824208031822	1.0005299808330537	0	0	79
104	1.0	87.5	[1]	{0}	0.959431579151044	0.8456828290986805	0.8456828290986805	0.0	0	145.83300007507205	354.16699992492795	1.2475948739058667	44	4	24	14.241326001651588	0.0	0	0	4
166	1.0	87.5	[3]	{1}	2.9201342950432885	2.1908541003166393	2.1922366206645343	0.0	0	88.9939577318728	411.0060422681272	0.18046112594282548	97	3	50	29.119758309274914	0.020450942071709055	0	0	3
42	1.0	87.5	[1]	{2}	2.074833748438599	1.9238295045538651	1.9238295045538651	0.0	0	61.190243577584624	438.8097564224154	1.5654572161436038	120	72	96	52.49626338344811	0.0	0	0	72
229	1.0	87.5	[1]	{1}	3.258614678188093	2.2592240514859334	2.2592240514859334	0.0	0	591.5075330995023	91.50753309950233	0.8451542547285166	13	5	9	7.501462334502489	0.0	0	0	5
415	1.0	87.5	[3]	{1}	2.4202157267925495	1.906963213335061	1.9237353063902112	0.0	0	92.9822251200676	407.0177748799324	1.1268186806501201	112	42	77	42.67684463280439	0.9097953645698291	0	0	42
477	1.0	87.5	[3]	{1}	2.605905138913397	2.465618572826753	2.4484517244000887	0.0	0	925.0374585390092	425.0374585390092	3.28393737611461	146	134	140	80.9794300582409	3.99257198645634	0	0	134
291	1.0	87.5	[2]	{1}	4.074116072765692	3.5270984754993933	3.589931727922962	0.0	0	261.95391779765487	238.04608220234513	1.3024685519501793	243	93	168	110.80745632726699	1.8168278463081782	0	0	93
353	1.0	87.5	[2]	{0}	0.9250068736646002	0.7849853217169237	0.8299502608900896	0.0	0	853.7813236471266	353.78132364712656	0.2655273953168417	50	32	41	25.937528377762067	0.4945449385360299	0	0	32
105	1.0	87.5	[1]	{1}	3.8276554876555124	2.8790762229435387	2.8790762229435383	0.0	0	528.6173457279801	28.617345727980137	0.6578504638344741	87	9	48	38.162173457279806	0.0	0	0	9
167	1.0	87.5	[1]	{1}	2.2946958881839894	1.7655172366037981	1.7655172366037981	0.0	0	772.0851439516991	272.08514395169914	1.432523176605509	72	6	38	25.58695654515922	0.0	0	0	4
43	1.0	87.5	[2]	{2}	3.213750228560275	2.667131369241621	2.619771220073569	0.0	0	726.1906180065125	226.19061800651252	0.18492945894891943	147	15	81	53.847753537615766	1.2222776866275586	0	0	15
230	1.0	87.5	[2]	{0}	1.509696753783319	1.2502743337097886	1.248691827897477	0.0	0	604.9533081240952	104.9533081240952	0.2993924754260479	83	7	45	32.834887145642185	0.5089216399700023	0	0	7
416	1.0	87.5	[1]	{2}	1.9940074843044981	1.6929023824916025	1.6929023824916025	0.0	0	897.6284691598266	397.62846915982664	1.7748014692306893	98	46	72	43.54500715881215	0.0	0	0	46
292	1.0	87.5	[1]	{1}	1.6597014592557646	1.2311272630208538	1.2311272630208534	0.0	0	435.97797444090247	64.02202555909753	0.8076214552089273	52	8	30	23.121176204472782	0.0	0	0	8
478	1.0	87.5	[1]	{2}	1.6166000296420748	1.297324348348732	1.297324348348732	0.0	0	780.6388128083199	280.6388128083199	0.5892556509887896	15	7	11	8.9208059359584	0.0	0	0	7
354	1.0	87.5	[1]	{0}	1.1078359167774545	0.9846086225025312	0.9846086225025312	0.0	0	161.6057399660349	338.3942600339651	0.2927700218845599	24	6	15	10.648663139626384	0.0	0	0	6
106	1.0	87.5	[1]	{2}	0.7635807462201074	0.6363313939751639	0.6363313939751639	0.0	0	969.53760785982	469.53760785982	0.8042946923566697	37	7	22	10.810172627083958	0.0	0	0	7
168	1.0	87.5	[1]	{2}	1.4882997384348324	1.4224335431402981	1.4224335431402981	0.0	0	10.398453567177055	489.60154643282294	0.637308767385162	86	14	49	25.38152422479167	0.0	0	0	12
44	1.0	87.5	[2]	{0}	2.7103431664639954	2.058017734053708	2.0527929232475817	0.0	0	725.1208268571645	225.1208268571645	0.7700529972181834	117	3	60	40.479891886856436	0.7208302579956248	0	0	3
231	1.0	87.5	[3]	{2}	1.140154228506623	0.9005284637109563	0.8858272684159816	0.0	0	849.2368049919605	349.2368049919605	1.1927107455535573	53	13	33	22.57760626521707	0.2877879824199938	0	0	13
417	1.0	87.5	[1]	{0}	5.168192959591824	3.7225018536858867	3.7225018536858867	0.0	0	876.145236659795	376.14523665979505	0.6352231633187456	97	7	52	32.58777148024736	0.0	0	0	7
293	1.0	87.5	[1]	{1}	1.1149500141685778	0.8211352454871383	0.8211352454871383	0.0	0	948.8706719130278	448.87067191302776	0.3333333333333333	8	4	6	3.0647759685218334	0.0	0	0	4
355	1.0	87.5	[1]	{0}	0.9423818843371103	0.7075891516215415	0.7075891516215415	0.0	0	505.7682115584612	5.768211558461189	1.224744871391589	3	1	2	1.867	0.0	0	0	1
479	1.0	87.5	[1]	{1}	2.1553747336814513	1.6075198586957413	1.6075198586957415	0.0	0	874.1954665165395	374.19546651653945	0.5817881551749294	74	8	41	26.37415867192112	0.0	0	0	8
107	1.0	87.5	[1]	{1}	2.6472425892895375	1.8936687948819333	1.8936687948819333	0.0	0	930.5444224737583	430.54442247375835	0.9882117688026185	31	1	16	9.037378085367383	0.0	0	0	1
169	1.0	87.5	[3]	{2}	2.7111556456743964	2.2886637151602196	2.382363608104666	0.0	0	810.2172170765698	310.2172170765698	5.495800831306672	165	139	152	100.08810612157735	3.0940210662069383	0	0	139
45	1.0	87.5	[3]	{1}	2.163147009968618	1.947485411781558	1.905287896032271	0.0	0	767.2857479192317	267.28574791923165	4.698980852550005	124	70	97	69.21085583114998	2.4212952789841204	0	0	70
232	1.0	87.5	[1]	{2}	1.7478850493860205	1.5714761071310042	1.5714761071310042	0.0	0	712.2348470147699	212.2348470147699	1.4919503797928133	88	8	48	32.5486515298523	0.0	0	0	8
356	1.0	87.5	[1]	{2}	2.874410495608679	2.2641292876369725	2.2641292876369725	0.0	0	177.13401932269335	322.86598067730665	0.14907119849998599	8	0	4	2.7452680386453867	0.0	0	0	0
294	1.0	87.5	[2]	{0}	0.8841152678292257	0.7975766204389292	0.7868030609339678	0.0	0	647.9638644959778	147.96386449597776	0.9016492346711703	50	2	26	17.522794981088495	0.4175575257142643	0	0	2
418	1.0	87.5	[1]	{1}	1.4312744950994136	1.0863402649605454	1.0863402649605454	0.0	0	809.7690562717617	309.76905627176166	0.6748015581318281	31	7	19	14.448078493554144	0.0	0	0	7
480	1.0	87.5	[2]	{0}	1.5684882229387418	1.431729497514389	1.462461243082363	0.0	0	19.26144608296454	480.73855391703546	1.5533443880475404	103	91	97	48.97936027004757	0.7421432413821654	0	0	91
170	1.0	87.5	[1]	{2}	1.2175591072281844	0.9588989006477435	0.9588989006477435	0.0	0	197.98814691603184	302.01185308396816	0.659380473395787	22	0	11	6.7299407345801585	0.0	0	0	0
108	1.0	87.5	[1]	{0}	2.8836214567733673	2.8390094066186937	2.8390094066186937	0.0	0	841.7329560033977	341.7329560033977	0.005613844795025704	162	92	127	70.38738049957527	0.0	0	0	92
46	1.0	87.5	[1]	{1}	0.740959300695696	0.6126114512668488	0.6126114512668487	0.0	0	494.6483755484224	5.351624451577607	0.9182827686738129	36	6	21	15.772538628838957	0.0	0	0	6
233	1.0	87.5	[1]	{2}	0.8118819558476458	0.6614736609598595	0.6614736609598595	0.0	0	943.664394551888	443.664394551888	0.40233712465438964	38	14	26	15.989725741650915	0.0	0	0	14
357	1.0	87.5	[1]	{1}	4.0823303663330215	2.838777563689681	2.838777563689681	0.0	0	220.94619600102305	279.05380399897695	0.7242068243779014	24	2	13	7.774515764009206	0.0	0	0	2
295	1.0	87.5	[3]	{1}	2.9979235966209834	2.7119819721043585	2.5701487630742017	0.0	0	893.4625911060721	393.46259110607207	3.0384569106271098	144	54	99	61.37985676031747	2.934122969544771	0	0	54
481	1.0	87.5	[3]	{2}	3.476542859176597	2.92384892140051	3.00036350100958	0.0	0	27.50857430510223	472.49142569489777	0.6328776187861073	186	118	152	82.72821755132455	3.305589409884078	0	0	118
419	1.0	87.5	[1]	{2}	2.156835387867738	2.0639902138091086	2.0639902138091086	0.0	0	788.9650035649538	288.9650035649538	1.7371980724307585	23	5	14	9.131489950090646	0.0	0	0	5
171	1.0	87.5	[1]	{1}	2.0298387694994817	1.651871089647325	1.651871089647325	0.0	0	836.3341144286096	336.3341144286096	0.8333224371369446	66	4	35	21.611978910427545	0.0	0	0	4
109	1.0	87.5	[2]	{0}	1.6615160520263828	1.2931401484101628	1.377730385655138	0.0	0	828.0265047214925	328.02650472149253	2.2118255614216347	93	55	74	47.89130369782448	0.8048485861889307	0	0	55
47	1.0	87.5	[3]	{2}	2.3067971212880938	2.05750039237828	1.9231867729276773	0.0	0	682.8957139514387	182.89571395143867	5.172696561421887	119	47	83	63.353061425562935	2.2790841566642146	0	0	47
234	1.0	87.5	[1]	{1}	2.4901226016069433	2.3497081259923305	2.3497081259923305	0.0	0	296.81268497370183	203.18731502629817	1.029252150967962	151	3	76	55.81412389015778	0.0	0	0	1
482	1.0	87.5	[2]	{0}	2.3252099249133638	1.7863436131072896	1.7809707359652978	0.0	0	780.7869554962963	280.7869554962963	0.5729877455842146	88	12	50	34.16653915709628	0.63750084028013	0	0	12
296	1.0	87.5	[2]	{2}	1.6337930773335456	1.4946011882260926	1.4963247334151584	0.0	0	341.9359826948494	158.06401730515063	0.5337944980793836	122	34	78	52.44151878863947	0.6903322905600114	0	0	34
358	1.0	87.5	[2]	{1}	3.4042491014748326	2.9212907628664517	2.9334324225448265	0.0	0	961.0892275813968	461.0892275813968	1.9269134041446558	179	93	136	70.45904350409282	1.257640431650681	0	0	93
420	1.0	87.5	[2]	{0}	4.082984284966779	3.174001022585665	3.278055391903569	0.0	0	2.0174237433820963	497.9825762566179	0.16506979038262518	182	78	130	64.42226508663971	1.4455150768115932	0	0	78
172	1.0	87.5	[2]	{1}	2.3129116520001705	1.8814133871183278	1.9875184073020793	0.0	0	178.367858286947	321.632141713053	0.5960085323047112	112	50	80	49.10148579666018	1.1609581558506774	0	0	48
110	1.0	87.5	[2]	{2}	4.141177463679081	3.563942747758916	3.6238121677579933	0.0	0	42.57117980159819	457.4288201984018	0.9409044840428522	209	129	168	81.87467348746213	1.684105919390111	0	0	127
48	1.0	87.5	[3]	{2}	0.2686865992525736	0.2187419203204662	0.2154738143447439	0.0	0	99.40982423722744	400.59017576277256	0.35208939510976517	21	7	14	8.29627859389782	0.11982914721078004	0	0	7
235	1.0	87.5	[1]	{0}	1.28099373870711	1.0119334229485495	1.0119334229485495	0.0	0	756.0036312788725	256.0036312788725	0.1849197681166982	50	2	26	17.655949162095787	0.0	0	0	2
297	1.0	87.5	[1]	{1}	1.2703833620266423	1.2014014681513085	1.2014014681513085	0.0	0	642.814060440287	142.814060440287	0.8909487916515206	54	2	28	18.915487516477704	0.0	0	0	2
483	1.0	87.5	[1]	{0}	2.9386707688801503	2.7133706943122404	2.7133706943122404	0.0	0	608.5976688191295	108.59766881912947	0.46237415993067305	97	13	55	40.07403496771305	0.0	0	0	13
359	1.0	87.5	[2]	{0}	2.3972583962285596	2.119368985619536	2.0886258468381023	0.0	0	360.757328569889	139.242671430111	2.116313948208246	126	0	63	44.71668238562348	1.1107848486749001	0	0	0
421	1.0	87.5	[1]	{2}	2.826669098394088	2.4991373269913324	2.4991373269913324	0.0	0	839.7113524843007	339.71135248430073	0.14813386123474898	152	70	111	67.94557610405423	0.0	0	0	70
173	1.0	87.5	[1]	{0}	2.3701090350669443	2.024337842327047	2.024337842327047	0.0	0	891.3462581112981	391.3462581112981	0.1895706621211097	116	20	68	36.492146964654324	0.0	0	0	20
111	1.0	87.5	[1]	{2}	2.875287640032516	2.228611918138274	2.228611918138274	0.0	0	298.55651082471013	201.44348917528987	0.7027642214999339	14	0	7	5.162782554123551	0.0	0	0	0
49	1.0	87.5	[1]	{1}	2.113102443582462	1.8293365246834972	1.8293365246834974	0.0	0	84.4695596024394	415.5304403975606	nan	1	1	1	0.6624695596024395	0.0	0	0	1
236	1.0	87.5	[2]	{0}	2.2850139468111945	1.782442129486396	1.8051130616577913	0.0	0	755.2838765550405	255.28387655504048	0.979111688739262	106	18	62	41.96094167846813	0.751412841257245	0	0	18
484	1.0	87.5	[3]	{1}	1.2919362356616504	1.1389567587900495	1.1465535818175359	0.0	0	380.2677164785564	119.7322835214436	5.329663743109686	85	59	72	53.28149606139959	1.484259650673794	0	0	59
298	1.0	87.5	[1]	{0}	2.6283980543243293	2.057639365853926	2.057639365853926	0.0	0	452.1450505126268	47.854949487373176	1.3397876906064712	41	9	25	19.292854949487374	0.0	0	0	9
422	1.0	87.5	[3]	{2}	2.677421530183173	2.2175549844603655	2.2655049807626733	0.0	0	87.45573693886399	412.544263061136	2.263817704766459	137	85	111	65.65847206143663	2.1757406082974313	0	0	85
360	1.0	87.5	[1]	{0}	5.013872952039952	4.630521973061391	4.630521973061391	0.0	0	632.6253127772361	132.6253127772361	1.784869326850537	33	13	23	15.928625312777235	0.0	0	0	13
174	1.0	87.5	[1]	{0}	3.0306229065484445	2.602706069413533	2.602706069413533	0.0	0	924.2317143362015	424.23171433620155	1.6398893966834716	67	3	35	18.90435342690535	0.0	0	0	3
112	1.0	87.5	[1]	{0}	0.7214109517484661	0.5407905740263435	0.5407905740263435	0.0	0	326.74902211874723	173.25097788125277	0.7071067811865475	7	3	5	3.6177490221187476	0.0	0	0	3
50	1.0	87.5	[1]	{0}	5.124742192852231	3.537531394499955	3.537531394499955	0.0	0	269.8997207917273	230.1002792082727	0.3296902366978935	22	2	12	8.116197766333817	0.0	0	0	2
485	1.0	87.5	[1]	{1}	2.2128131470709596	1.7398915033023905	1.7398915033023905	0.0	0	710.0755195133388	210.0755195133388	0.37953605763829484	34	4	19	12.952018246326595	0.0	0	0	4
237	1.0	87.5	[1]	{1}	2.112134001478366	1.873460668920224	1.873460668920224	0.0	0	520.5930550582707	20.593055058270693	1.0977995092139707	112	6	59	43.484684742610895	0.0	0	0	6
299	1.0	87.5	[3]	{0}	2.290337842430362	2.0815944102308244	2.1045970275190933	0.0	0	773.6169071868062	273.6169071868062	5.163314050675103	147	117	132	91.12147835318746	3.1788178641198384	0	0	117
423	1.0	87.5	[2]	{1}	2.2088591897296337	1.741958481909478	1.7467016908166442	0.0	0	556.5605845768005	56.560584576800466	0.2640362521109281	91	3	47	34.187985385579985	0.7261327728287663	0	0	3
361	1.0	87.5	[1]	{0}	4.437438226994422	2.9730810383325554	2.9730810383325554	0.0	0	321.87651190906763	178.12348809093237	nan	1	1	1	0.9358765119090676	0.0	0	0	1
175	1.0	87.5	[3]	{0}	1.366626629466943	1.0583120685530838	1.0692342850066512	0.0	0	362.5800698064268	137.41993019357318	1.706062458015272	64	18	41	29.383701047096398	0.4335950883324943	0	0	18
113	1.0	87.5	[1]	{2}	2.4584146766461696	1.8164234283131635	1.816423428313163	0.0	0	667.2109104692936	167.2109104692936	1.1109401577889035	38	6	22	16.63531271624565	0.0	0	0	6
51	1.0	87.5	[3]	{1}	0.8889124107053026	0.7797581898277992	0.7159694627501099	0.0	0	859.6527841873467	359.6527841873467	1.4052729228421585	58	10	34	22.658555453002457	0.5716432098773107	0	0	10
486	1.0	87.5	[3]	{2}	3.4889430806805874	2.8889510762790733	2.893679412177617	0.0	0	638.1312611047179	138.13126110471785	4.38176756969601	157	77	117	85.17909325028765	2.250007557780977	0	0	77
238	1.0	87.5	[1]	{2}	3.3357967126678076	2.6352239697350033	2.6352239697350033	0.0	0	395.3311645891517	104.66883541084832	1.2704325919402106	133	13	73	53.91834417705425	0.0	0	0	13
362	1.0	87.5	[3]	{0}	1.339379980499001	1.056337756569338	1.162125865494975	0.0	0	964.3229320645332	464.32293206453323	1.9664205760333866	83	71	77	39.93842595928907	1.4885600890887227	0	0	71
300	1.0	87.5	[1]	{1}	2.6045504213011994	2.3518708039812575	2.3518708039812575	0.0	0	530.2296956069767	30.229695606976748	0.4789207443461594	39	3	21	15.091851521965118	0.0	0	0	3
424	1.0	87.5	[1]	{0}	2.7604802150424854	2.3461524417834725	2.3461524417834725	0.0	0	611.2359203398228	111.23592033982277	0.27037594993860004	118	4	61	44.500573832184074	0.0	0	0	4
176	1.0	87.5	[1]	{0}	3.1542299145611983	2.4991121523006	2.4991121523006	0.0	0	960.7422696426512	460.7422696426512	1.240141499164889	87	3	44	23.706309214293952	0.0	0	0	1
114	1.0	87.5	[1]	{0}	1.5629933590986373	1.298567168768841	1.2985671687688412	0.0	0	9.36491903848946	490.63508096151054	0.7423074889580903	20	8	14	6.355108866538853	0.0	0	0	8
52	1.0	87.5	[1]	{1}	1.0900752159291107	0.8467558256053264	0.8467558256053264	0.0	0	99.79421948082744	400.20578051917255	0.22075539284417398	18	2	10	6.7651768779233095	0.0	0	0	2
363	1.0	87.5	[3]	{1}	1.4864572644450469	1.180909156079267	1.1787340311438392	0.0	0	400.4534012638032	99.54659873619681	2.303210572654668	69	29	49	36.653521426539875	0.5329789814570948	0	0	29
239	1.0	87.5	[1]	{2}	4.178182732007456	4.0890499345345175	4.089049934534518	0.0	0	416.326311416924	83.673688583076	0.08944271909999159	24	4	14	11.358957868501543	0.0	0	0	4
301	1.0	87.5	[3]	{1}	1.4260049442564227	1.1867289301646615	1.18059441993029	0.0	0	354.2161271907389	145.78387280926108	2.9751034481768674	77	27	52	38.13272901752591	0.9308051785282434	0	0	27
487	1.0	87.5	[2]	{0}	1.6485241661012031	1.2479105767106462	1.253504275686944	0.0	0	710.1430343464017	210.1430343464017	1.2029375808949572	81	11	46	31.682567175686355	0.4558607241222685	0	0	11
425	1.0	87.5	[3]	{0}	4.592079311161468	3.4826845493148713	3.5669298083055607	0.0	0	224.7801965568215	275.21980344317853	2.675007710560226	175	55	115	80.6443504175115	1.2890643332053215	0	0	55
115	1.0	87.5	[3]	{1}	1.3146728228067812	1.0988184215973378	1.057004999670083	0.0	0	48.89320628717542	451.1067937128246	2.2993697939381916	71	25	48	20.64530107663571	0.6606937991876666	0	0	25
177	1.0	87.5	[2]	{1}	0.7900083748959708	0.772302159526437	0.7372956188704174	0.0	0	886.1458979081362	386.14589790813625	0.8857142857142857	49	27	38	21.965455879490822	0.4329476855627977	0	0	27
53	1.0	87.5	[3]	{0}	1.2788602706750807	1.0014584228421568	1.0281900040226923	0.0	0	661.3899725489318	161.38997254893184	0.8367493957846411	58	16	37	26.95993035686389	0.7179918781561568	0	0	16
302	1.0	87.5	[1]	{2}	0.9784619004469672	0.7538960140570055	0.7538960140570055	0.0	0	30.99590283818543	469.00409716181457	0.06388765649999399	14	0	7	4.339979514190927	0.0	0	0	0
364	1.0	87.5	[1]	{1}	2.262360853070792	1.8701651388969331	1.8701651388969331	0.0	0	992.7997379563748	492.79973795637477	0.10958598431576479	116	40	79	41.03342017735915	0.0	0	0	42
488	1.0	87.5	[2]	{1}	2.9621714902765532	2.452732136453554	2.4638860588034324	0.0	0	747.1482143737376	247.14821437373757	0.5656127944379378	154	24	89	59.345366065707076	1.0279308131030807	0	0	24
240	1.0	87.5	[1]	{1}	3.1478405015751716	2.634769630020892	2.634769630020892	0.0	0	737.5913464929909	237.59134649299085	0.5787216685949977	137	9	73	53.02612017975932	0.0	0	0	9
426	1.0	87.5	[2]	{0}	0.723345791588414	0.5885456719097117	0.585652884910328	0.0	0	745.7391386851668	245.73913868516684	0.6092717958449424	32	8	20	10.515695503666997	0.23575176879623927	0	0	8
116	1.0	87.5	[3]	{1}	4.031844269180775	3.7267461108481608	3.7695067484251887	0.0	0	251.09493522904813	248.90506477095187	10.449205406967645	235	211	223	155.01896819905002	6.13678334007445	0	0	211
54	1.0	87.5	[3]	{0}	2.707228573588621	2.195061089948622	2.178404137229955	0.0	0	595.7915834151208	95.79158341512084	3.215545852733697	133	35	84	62.15766733267903	1.3577490911411223	0	0	35
178	1.0	87.5	[2]	{1}	3.1405991076378905	2.8814741115795384	2.7609870608516016	0.0	0	261.0870467033237	238.91295329667628	2.31752435225222	184	2	93	60.176573063189174	1.6950011035345534	0	0	2
365	1.0	87.5	[1]	{1}	1.295262642118738	1.191220345581744	1.191220345581744	0.0	0	168.91629854217172	331.0837014578283	0.7614386637230658	77	21	49	27.76306603148207	0.0	0	0	21
303	1.0	87.5	[1]	{1}	1.8951163971701621	1.482314045377069	1.482314045377069	0.0	0	774.8285953421146	274.82859534211457	0.850236349033396	73	5	39	27.341913879184055	0.0	0	0	5
489	1.0	87.5	[1]	{0}	1.5222260361715643	1.360363760471595	1.360363760471595	0.0	0	759.350091451779	259.350091451779	0.26144349280800105	41	7	24	17.17049908548221	0.0	0	0	7
427	1.0	87.5	[3]	{1}	3.417874405373391	2.998268106333913	2.9605022754387464	0.0	0	222.40954311564565	277.59045688435435	2.9165341844366344	169	81	125	87.2672584749796	3.3128205076672934	0	0	81
241	1.0	87.5	[2]	{1}	2.8194244537092654	2.177438084753386	2.1953103660670372	0.0	0	946.180820465088	446.180820465088	1.1225291973765776	108	28	67	35.482969951629634	0.8256542789967681	0	0	26
117	1.0	87.5	[3]	{0}	1.200578526088747	1.0054803858827845	1.069228086173069	0.0	0	990.714767947793	490.714767947793	0.978967326676436	76	60	69	31.927681011602278	1.480261382491246	0	0	62
55	1.0	87.5	[3]	{2}	4.047773903956419	3.5389067928457685	3.406491768692355	0.0	0	60.29797252267599	439.702027477324	2.9617443887954615	189	81	135	73.85326684010772	3.2664379024761097	0	0	81
179	1.0	87.5	[2]	{0}	3.2435480258160765	2.950932954843329	3.0089691280247783	0.0	0	934.187141014263	434.18714101426303	0.8463983729489395	205	157	181	89.13912747641837	1.5208613794972943	0	0	157
490	1.0	87.5	[1]	{0}	0.6851857307208515	0.6368442140371464	0.6368442140371464	0.0	0	255.37004927173257	244.62995072826743	2.3713010738977838	44	24	33	21.00377103470638	0.0	0	0	22
242	1.0	87.5	[1]	{2}	1.805303826037788	1.3486893273723364	1.3486893273723364	0.0	0	90.55810421705246	409.44189578294754	0.2182178902359924	6	2	4	3.2791162084341052	0.0	0	0	2
428	1.0	87.5	[3]	{2}	1.3108546100436334	1.1907821528057436	1.2042439878171445	0.0	0	773.7544686533511	273.75446865335107	5.835257383350942	105	89	97	61.811486349452316	1.8179990925622649	0	0	89
304	1.0	87.5	[2]	{1}	1.689268960499866	1.2750060707643698	1.3378919241912626	0.0	0	859.9204896017909	359.9204896017909	0.9320660777137987	89	45	67	41.310373071901495	0.6679789595084717	0	0	45
366	1.0	87.5	[2]	{1}	4.000485162595962	3.5374621037213343	3.697513094729489	0.0	0	147.27788255549967	352.7221174445003	2.1043529526863063	252	194	222	128.7277995715439	2.1510299549083745	0	0	192
118	1.0	87.5	[2]	{1}	4.292561368555477	3.838878734935889	3.98876156078311	0.0	0	781.9887243676931	281.98872436769307	3.1414661158008927	269	153	211	131.15206344071214	2.37400151153539	0	0	153
56	1.0	87.5	[2]	{2}	3.7738839653272716	2.7304421256357276	3.0213583965296844	0.0	0	989.7404126822948	489.74041268229485	2.6589114203975406	170	104	138	77.36782304984328	1.728437783882495	0	0	106
180	1.0	87.5	[1]	{1}	1.71288258285125	1.276277886186028	1.276277886186028	0.0	0	886.5037555806339	386.5037555806339	0.3640432122651277	60	0	30	16.205902354903518	0.0	0	0	0
429	1.0	87.5	[3]	{2}	1.6795998328488766	1.5129534322193496	1.4814792583109462	0.0	0	357.70831536501646	142.29168463498354	2.2079510952547867	102	58	80	58.428499353140595	1.995429821492039	0	0	58
305	1.0	87.5	[1]	{2}	0.7531766492955889	0.6480849724887787	0.6480849724887787	0.0	0	762.5054991804063	262.50549918040633	0.0	8	6	7	4.977472504097968	0.0	0	0	6
367	1.0	87.5	[3]	{0}	5.720759260717749	4.567277788687477	4.485083058737101	0.0	0	260.29563206247985	239.70436793752015	0.921800940339496	221	29	125	90.07285102756127	1.899009331884591	0	0	29
491	1.0	87.5	[1]	{0}	2.605397891555762	2.253733642464723	2.253733642464723	0.0	0	580.1543886773288	80.15438867732882	0.7790546759173944	91	7	49	35.82799294719472	0.0	0	0	7
243	1.0	87.5	[2]	{0}	1.7436661919304373	1.5924279311449467	1.594663513277375	0.0	0	945.9877668414264	445.9877668414264	0.7340529376715984	131	101	116	62.11541904639454	0.7278430707942494	0	0	101
119	1.0	87.5	[1]	{1}	0.9851267736037108	0.7038903870790443	0.7038903870790443	0.0	0	675.164233893156	175.16423389315605	2.0410081542498273	20	10	15	11.36250729832053	0.0	0	0	10
57	1.0	87.5	[2]	{2}	2.0745546739411074	1.8617626709602257	1.7308290989987498	0.0	0	770.4117768444121	270.4117768444121	3.5159826082632675	115	15	65	42.49488202520088	1.1777524632306866	0	0	15
181	1.0	87.5	[1]	{0}	1.4840226139527113	1.0383407224417245	1.0383407224417245	0.0	0	712.4637430533767	212.46374305337667	0.7745966692414834	7	1	4	2.7700725138932465	0.0	0	0	1
492	1.0	87.5	[3]	{0}	2.7788223671705117	2.1827494358436423	2.2100526392351822	0.0	0	173.36886236444116	326.63113763555884	1.4770569139569893	113	31	72	50.99201676984875	1.091077237209955	0	0	31
430	1.0	87.5	[2]	{1}	1.5927220370580804	1.213725052484844	1.2325699132433983	0.0	0	148.1594918295741	351.8405081704259	1.5635174749860952	71	15	43	27.619582214035088	0.48976969945667626	0	0	15
368	1.0	87.5	[1]	{1}	2.260275702029905	1.923234396574223	1.923234396574223	0.0	0	543.1261505000293	43.126150500029325	1.4640035635544768	120	16	68	49.96322468899935	0.0	0	0	16
306	1.0	87.5	[1]	{1}	3.5459370539962087	2.9230463931863806	2.9230463931863806	0.0	0	171.46377614699304	328.53622385300696	0.9442735484956377	121	7	64	40.52040615046769	0.0	0	0	7
244	1.0	87.5	[1]	{1}	3.7589822436264155	3.1046139462863076	3.1046139462863076	0.0	0	631.503039970994	131.503039970994	1.3695247665246517	43	9	27	19.79047872020304	0.0	0	0	11
120	1.0	87.5	[3]	{2}	4.1533848473026715	3.4531755457389353	3.3882780757259563	0.0	0	354.4527115300298	145.54728846997023	5.319546149562975	165	85	125	93.9253177882508	2.6318013278709205	0	0	85
58	1.0	87.5	[1]	{1}	2.084208366613458	1.6372185536165045	1.6372185536165045	0.0	0	226.0295613668859	273.9704386331141	0.22027597548607994	71	9	40	26.23370947280526	0.0	0	0	9
182	1.0	87.5	[1]	{1}	1.6611074419351348	1.2008958778403456	1.2008958778403453	0.0	0	127.19241762533784	372.80758237466216	1.3997262164339894	36	8	22	11.810463517256082	0.0	0	0	8
493	1.0	87.5	[3]	{0}	2.379032241974038	1.93466709992077	1.9586121689796827	0.0	0	620.3063207212836	120.30632072128356	3.104940105899708	124	50	87	63.18072934052536	1.593738073055399	0	0	50
431	1.0	87.5	[1]	{0}	3.0006183222730733	2.3152938748881473	2.3152938748881464	0.0	0	159.42882420495152	340.5711757950485	0.6000570830559754	48	2	26	16.046576484099035	0.0	0	0	4
307	1.0	87.5	[3]	{1}	3.494696201244179	2.949983549845189	3.026660831757077	0.0	0	929.7838585916908	429.7838585916908	1.5976195405062048	180	124	152	80.08782751434669	3.423518384896355	0	0	124
369	1.0	87.5	[1]	{2}	2.3435564066036605	1.7661566533339599	1.7661566533339599	0.0	0	879.4851587153971	379.4851587153971	0.06917144638660747	71	9	40	26.245415555968883	0.0	0	0	9
245	1.0	87.5	[1]	{1}	0.70474478791906	0.4784822091922157	0.4784822091922157	0.0	0	632.1659181267023	132.1659181267023	1.224744871391589	3	1	2	1.7176681637465954	0.0	0	0	1
121	1.0	87.5	[2]	{2}	1.8410910751721996	1.4888292653114399	1.50089992172047	0.0	0	259.5812575891614	240.4187424108386	0.4374786392598071	79	29	54	38.97776275803148	0.6305611870149999	0	0	29
183	1.0	87.5	[3]	{1}	4.463242889871191	4.103064272587945	3.9934520338132784	0.0	0	120.34530704841018	379.6546929515898	4.532138898422838	229	155	191	117.9363789079227	5.456874547889788	0	0	153
59	1.0	87.5	[2]	{2}	0.7193108318847021	0.585372204679508	0.5969336774103688	0.0	0	998.8167879637332	498.8167879637332	0.8968709856938624	42	26	34	15.559229209233068	0.2604560554192937	0	0	26
494	1.0	87.5	[1]	{2}	2.9404979754008664	2.1933292562107543	2.1933292562107543	0.0	0	423.4900027513504	76.5099972486496	0.2886751345948129	8	2	5	4.078470008254051	0.0	0	0	2
432	1.0	87.5	[1]	{2}	1.0889343393607365	0.8230264607650799	0.8230264607650799	0.0	0	710.4981327429414	210.49813274294138	0.9258200997725514	6	0	3	2.0325056017711756	0.0	0	0	0
308	1.0	87.5	[2]	{0}	1.4052859252934062	1.2398123474262608	1.1881198045696373	0.0	0	101.99954267591238	398.0004573240876	2.3867694934461348	86	12	49	29.663978505767883	0.6153574536291937	0	0	12
370	1.0	87.5	[3]	{2}	2.9680580337516	2.5915163134597394	2.6344857036203857	0.0	0	101.21078230440617	398.78921769559383	2.3941520537515304	163	105	134	77.91460761809346	3.375287055214626	0	0	105
246	1.0	87.5	[1]	{0}	1.7650470200509898	1.2938710605178336	1.2938710605178336	0.0	0	131.87932269647715	368.1206773035228	0.9607689228305227	12	0	6	3.523275936178863	0.0	0	0	0
122	1.0	87.5	[1]	{2}	4.316130504293894	3.1055731362817562	3.1055731362817562	0.0	0	429.0237512905151	70.97624870948488	0.3418817293789138	10	2	6	4.83409500516206	0.0	0	0	2
184	1.0	87.5	[1]	{0}	1.856867880997873	1.5329740977231048	1.5329740977231048	0.0	0	937.7927465829998	437.7927465829998	1.0042908804043535	70	6	38	22.52321760251001	0.0	0	0	6
60	1.0	87.5	[1]	{2}	3.5357225547944235	2.662247207635102	2.662247207635102	0.0	0	679.38093515113	179.38093515112996	2.7467513278676785	62	22	42	29.162666907884194	0.0	0	0	22
495	1.0	87.5	[1]	{0}	2.131639703702675	1.8750269249020373	1.8750269249020373	0.0	0	575.6820729002357	75.68207290023565	2.0493901531919194	24	6	15	10.148317927099765	0.0	0	0	6
433	1.0	87.5	[1]	{1}	5.781562752656564	4.821271850596362	4.821271850596361	0.0	0	163.73871359974146	336.26128640025854	0.7745966692414834	54	4	29	18.556512985594576	0.0	0	0	4
247	1.0	87.5	[3]	{1}	2.790979966453526	2.4556780389898663	2.364666582601706	0.0	0	964.7782407701015	464.77824077010155	0.6526056281508043	142	68	105	58.03962360838057	2.367269809627209	0	0	68
309	1.0	87.5	[1]	{0}	1.7988375913846826	1.4237731277251084	1.4237731277251084	0.0	0	325.1809887588024	174.8190112411976	1.155231069323108	16	4	10	6.779361977517606	0.0	0	0	4
371	1.0	87.5	[1]	{0}	3.8757210158468984	3.426878612278955	3.426878612278955	0.0	0	526.156869949773	26.156869949772954	1.5326278183296747	192	20	106	78.88996105809136	0.0	0	0	20
123	1.0	87.5	[1]	{0}	2.5500938446043206	1.956726773949744	1.9567267739497445	0.0	0	771.5450972318649	271.54509723186493	0.2581988897471611	9	1	5	2.5092745138406753	0.0	0	0	1
185	1.0	87.5	[1]	{0}	2.1156391836577977	1.7531326935506741	1.7531326935506741	0.0	0	744.9186923913658	244.91869239136577	0.2637521893583148	22	0	11	7.825406538043171	0.0	0	0	0
61	1.0	87.5	[1]	{0}	2.426243007638191	1.8331315550430072	1.8331315550430072	0.0	0	454.0318395011127	45.9681604988873	0.8474075451111538	33	1	17	13.482840802494438	0.0	0	0	1
