iter	recomb_rate	mut_rate	recomb_type	recomb_node	ARG_length_1	ARG_length_2	ARG_length_3	ARG_length_4	root_height_change	bp	bp_pos_deviation	rank_stat	info_sites_global	confounding_info_sites	consistent_info_sites	weighted_consistent_info_sites	rf_dist	no_neu_recurr_mut	no_adv_recurr_mut	info_sites_imbalance
372	1.0	50.0	[3]	set()	4.160231152481691	3.5003303020090506	3.570239901644444	0.0	0	[376.2095959391445]	0.6621780107687584	0	0	0	0	0	0.047	0.125	0	0
434	1.0	50.0	[2, 3, 3, 3]	set()	2.617079847128347	2.049144882035282	2.1085830955510807	0.0	0	[58.86126954096271, 59.79633218148184, 525.4877952393144, 937.2916115828492]	1.0681586122709157	0	0	0	0	0	0.259	1.5	0	0
310	1.0	50.0	[3, 3]	set()	3.992389469395689	3.6685250799602023	3.6355802020845847	0.0	0	[290.79961660947794, 405.16384644433856]	0.9161553940546552	0	0	0	0	0	0.17562499999999998	0.625	0	0
124	1.0	50.0	[3]	set()	4.251550278835169	3.8929323225381287	3.8801305709580958	0.0	0	[987.0094351936132]	0.06933075319148231	0	0	0	0	0	0.00325	0.25	0	0
62	1.0	50.0	[2, 3, 3, 3]	set()	5.729341626305865	4.30845255340079	4.308381601247212	0.0	0	[520.4683888072099, 574.4286135304719, 755.3805648349226, 968.747442661426]	1.2446657900879616	0	0	0	0	0	0.15962500000000002	1.0	0	0
496	1.0	50.0	[3, 3]	set()	4.863766068791916	4.609846952811861	4.594972561977473	0.0	0	[177.41043330170214, 490.72102503851056]	1.014050546871439	0	0	0	0	0	0.25	0.75	0	0
0	1.0	50.0	[3, 2, 3, 3, 2, 3]	set()	6.152040705252993	4.279109434309534	4.660536452401255	0.0	0	[73.3319977298379, 389.7445423181498, 574.6191116049886, 792.7510179579258, 847.3333334550261, 964.0161246061324]	1.7289517704262236	0	0	0	0	0	0.10987499999999999	1.25	0	0
186	1.0	50.0	[3, 2, 2, 3, 2, 2]	set()	8.770842997514283	6.199776510605833	6.780189478909584	0.0	0	[310.2900106459856, 349.22047986980306, 439.64520655572414, 604.7297473996878, 967.2367312014104, 980.1671052486678]	1.505978870160247	0	0	0	0	0	0.21325000000000002	1.375	0	0
248	1.0	50.0	[3, 3, 2, 3, 2, 2, 2]	set()	8.592765226949162	5.415024157929733	5.885348870127205	0.0	0	[83.75080015529824, 108.14938950352372, 379.9203783273697, 536.9230825453997, 807.557631702376, 909.2312276432422, 947.7259527965688]	1.8088438075891073	0	0	0	0	0	0.1385	1.25	0	0
373	1.0	50.0	[3, 2, 3, 3]	set()	5.078627089512688	3.9693622565281714	3.9767161188909492	0.0	0	[150.16591176390648, 548.7174135632813, 749.9698416795582, 763.4147219359875]	1.3729597466195478	0	0	0	0	0	0.148625	1.0	0	0
311	1.0	50.0	[3, 2, 3, 2]	set()	7.879943835217509	4.964095270011107	4.990411386399541	0.0	0	[165.19348695874214, 668.831152646407, 782.8583593677228, 875.8546356111765]	1.3703762580095593	0	0	0	0	0	0.16625	0.875	0	0
187	1.0	50.0	[3]	set()	2.6111130492739596	2.5495318427476423	2.539086507018987	0.0	0	[674.7414900455624]	0.6307698177903205	0	0	0	0	0	0.20925000000000002	0.375	0	0
435	1.0	50.0	[3, 2]	set()	4.099248987614654	3.5020449272504193	3.5090676339109654	0.0	0	[307.3694799095392, 984.5152515918016]	0.6911420579726951	0	0	0	0	0	0.25	0.75	0	0
125	1.0	50.0	[3, 3, 3]	set()	4.7684515708384385	3.8976338659516605	3.7969873851612133	0.0	0	[2.039153498101687, 623.3212298247963, 951.6519440803676]	0.820479908309464	0	0	0	0	0	0.141625	0.875	0	0
63	1.0	50.0	[3, 2]	set()	5.288935195895015	4.789987598043291	4.62265892976856	0.0	0	[493.8650586438209, 883.726560510695]	0.9658521374754723	0	0	0	0	0	0.25175	0.875	0	0
1	1.0	50.0	[3]	set()	4.368295521400962	4.271914047929134	4.186783180698754	0.0	0	[852.1132841706276]	0.41902580101315645	0	0	0	0	0	0.037	0.25	0	0
497	1.0	50.0	[3, 2, 3]	set()	6.854012780715194	5.5568176801677565	5.831482752758942	0.0	0	[63.84267844259739, 719.7358459234238, 920.559018900344]	0.9758712472714142	0	0	0	0	0	0.025750000000000002	0.375	0	0
374	1.0	50.0	[3]	set()	4.536731659410831	4.077939222227906	4.078212756509908	0.0	0	[960.6828559190036]	0.16576788995587727	0	0	0	0	0	0.0	0.0	0	0
498	1.0	50.0	[3, 2]	set()	3.0961544843768345	2.5608926529236276	2.623057030356635	0.0	0	[285.22182116284966, 446.8513503670693]	0.9799039397385034	0	0	0	0	0	0.1425	0.5	0	0
126	1.0	50.0	[2, 2, 3, 2]	set()	6.140057135826409	4.735384839880273	5.059946137476776	0.0	0	[506.5636927928288, 524.152692603845, 786.6530595347285, 919.3260185420512]	1.2377452685546964	0	0	0	0	0	0.27675	1.5	0	0
188	1.0	50.0	[2, 3]	set()	2.791491261857394	2.20252538777563	2.2218715920211203	0.0	0	[314.5411948207766, 848.0869876220822]	0.9852620547080801	0	0	0	0	0	0.14400000000000002	0.5	0	0
312	1.0	50.0	[3, 3, 3]	set()	4.247919739530964	3.220455313082239	3.341180739249232	0.0	0	[55.48920342698693, 871.5397177729756, 974.6647304855288]	0.6537387127806141	0	0	0	0	0	0.125875	0.625	0	0
436	1.0	50.0	[3, 3, 2, 3]	set()	4.490909439115391	3.1796567877740425	3.2340192833313606	0.0	0	[92.64822740524536, 546.9951275736094, 670.7524411873094, 831.0034764221185]	1.4312962359699009	0	0	0	0	0	0.2385	1.625	0	0
249	1.0	50.0	[2, 2, 3, 3, 3, 3, 3, 3]	set()	7.886365445642744	4.568499277708307	4.920033423602051	0.0	0	[246.344284868804, 332.2226858016024, 589.7959024476758, 617.7808860669751, 657.0398033949454, 710.4553628101494, 715.7771427663666, 890.3910838998854]	1.8639302234033917	0	0	0	0	0	0.10450000000000001	1.25	0	0
64	1.0	50.0	[3, 3, 2, 2]	set()	5.856954712940401	4.712022593652828	4.9494172204393445	0.0	0	[226.67312808334827, 315.64089491958566, 414.80968380346894, 675.1602683216333]	1.4964848704179579	0	0	0	0	0	0.113875	0.5	0	0
2	1.0	50.0	[3, 2, 3, 3, 3]	set()	6.43322114560305	5.489028867016579	5.476031835868279	0.0	0	[77.8930416621475, 301.3610405706899, 601.6098037362099, 695.1003888393585, 695.9554835899758]	1.4845151781947725	0	0	0	0	0	0.32287499999999997	2.125	0	0
313	1.0	50.0	[2, 3]	set()	2.7766505194921525	2.440506706807267	2.3649572041186984	0.0	0	[671.6756550595164, 981.2090629711748]	0.7049821190520299	0	0	0	0	0	0.002375	0.125	0	0
499	1.0	50.0	[3, 2]	set()	3.9930226103533513	3.480435590588261	3.511898696406212	0.0	0	[676.4496217947453, 853.8383394479752]	0.8522754888532189	0	0	0	0	0	0.25	0.75	0	0
65	1.0	50.0	[3, 3]	set()	2.519879163988471	1.9390267197781572	2.005794094375425	0.0	0	[390.7574806362391, 764.9570717476308]	1.0753469544712217	0	0	0	0	0	0.29874999999999996	0.875	0	0
189	1.0	50.0	[3, 3, 2, 3, 2]	set()	12.230010101675978	7.767817024988852	9.0048754709933	0.0	0	[313.5436938609928, 478.0907160855983, 684.6903101541102, 770.8147323142009, 927.7844371606944]	1.6780145970034825	0	0	0	0	0	0.08587499999999999	0.625	0	0
437	1.0	50.0	[2, 3, 3]	set()	6.25709393593508	4.9699427022974145	4.896909582286812	0.0	0	[201.8598315771669, 353.5195756703615, 896.5657576918602]	1.175296620494534	0	0	0	0	0	0.16912500000000003	0.75	0	0
250	1.0	50.0	[3, 3, 3, 3]	set()	4.038657066217407	3.406918308086476	3.41263778120517	0.0	0	[216.3096840136549, 425.3641813993454, 457.6821681112051, 746.6959132654836]	1.4758785398839505	0	0	0	0	0	0.202125	1.125	0	0
3	1.0	50.0	[3, 3, 3]	set()	4.49260288328256	3.973022891955194	3.9859801111895288	0.0	0	[372.7448166207572, 726.510550826788, 931.041160965054]	1.2444632224713297	0	0	0	0	0	0.305125	1.25	0	0
127	1.0	50.0	[2, 2, 3, 2, 3]	set()	6.3388766547092255	4.647090587425014	4.674707876597207	0.0	0	[316.07940714177937, 628.5628885962069, 707.9267306253314, 823.8198527457542, 983.1703761592508]	1.539788519142409	0	0	0	0	0	0.125	0.75	0	0
375	1.0	50.0	[2, 2, 3, 3, 3, 3, 3, 3]	set()	8.183595006711206	5.831434541686092	6.183002718129683	0.0	0	[56.668119970709085, 99.51977268792687, 150.19051865329124, 230.75856594368813, 482.41145797419273, 526.9968680140646, 720.3695723916337, 852.5010700717295]	2.005047468882651	0	0	0	0	0	0.40199999999999997	4.0	0	0
314	1.0	50.0	[3, 3]	set()	4.164880665543632	3.260440566094494	3.280113042534298	0.0	0	[480.2682604640722, 694.5520250824699]	1.0445819851447373	0	0	0	0	0	0.12	0.25	0	0
190	1.0	50.0	[3]	set()	3.1966793877832145	2.8351290819491948	2.8941311363998508	0.0	0	[214.9151875637472]	0.5203965271835874	0	0	0	0	0	0.02675	0.125	0	0
438	1.0	50.0	[2, 3, 3]	set()	4.5432423722100825	3.628780273730448	3.64064471126237	0.0	0	[7.312664296478033, 198.91115836799145, 322.309551741613]	0.874409613189983	0	0	0	0	0	0.10525	1.0	0	0
66	1.0	50.0	[3, 3, 3]	set()	5.938577460434922	4.578947483397564	4.559864074448617	0.0	0	[77.4751678109169, 533.1111932173371, 541.1488716490567]	0.9525527274836809	0	0	0	0	0	0.125	0.5	0	0
4	1.0	50.0	[3, 3, 3, 3]	set()	5.150051327940251	3.6366559923602795	3.983300494510264	0.0	0	[92.98484772443771, 288.37698441930115, 401.5557530801743, 687.89928779006]	1.507996790851319	0	0	0	0	0	0.139125	0.75	0	0
128	1.0	50.0	[3]	set()	2.71973918911002	2.655393119312161	2.646245760883317	0.0	0	[40.71062011644244]	0.17019599843107797	0	0	0	0	0	0.005	0.125	0	0
251	1.0	50.0	[2, 2, 2, 2]	set()	9.614821249048777	5.666372337735807	6.601741157778819	0.0	0	[362.6139997504652, 398.137039039284, 440.8426273759081, 889.955613296479]	1.2234313676922244	0	0	0	0	0	0.0	0.0	0	0
315	1.0	50.0	[3]	set()	3.251633541753744	3.1134645794477813	3.068287629794938	0.0	0	[877.2231731563807]	0.3724213558974453	0	0	0	0	0	0.15575	0.5	0	0
129	1.0	50.0	[2]	set()	2.1538111068939605	2.051404875148327	2.0516542196814935	0.0	0	[669.089415576309]	0.6348216237802884	0	0	0	0	0	0.125	0.25	0	0
439	1.0	50.0	[3]	set()	3.9852668559709965	3.846884115728308	3.8489524803735753	0.0	0	[454.9707097467035]	0.6890864069878891	0	0	0	0	0	0.05675	0.125	0	0
376	1.0	50.0	[2, 3, 3, 3, 2, 3, 2, 3, 2, 3]	set()	11.065409922913481	6.32145983815756	7.190631521889992	0.0	0	[61.13580203815832, 167.20857857795068, 339.7076976234565, 370.2991172841132, 389.2832533456385, 417.5129424034831, 428.51474252406587, 782.0873250014797, 828.4050864167511, 853.3102618518107]	1.927660183853206	0	0	0	0	0	0.42425	4.5	0	0
67	1.0	50.0	[3, 2, 3, 2, 2]	set()	6.081461489531437	4.03891796019357	4.19548954789283	0.0	0	[332.2819867171347, 507.83646083436906, 829.5312476259551, 844.5379032921543, 874.2447083978412]	1.4646007398278367	0	0	0	0	0	0.0415	0.125	0	0
191	1.0	50.0	[3, 3, 3, 3, 3, 2, 3]	set()	12.13360061929597	7.138640752369298	7.974069445265023	0.0	0	[106.36006078741578, 140.2618432005882, 492.9736981721835, 726.1145124211365, 943.7281305436044, 949.1002184132772, 981.6940303365424]	1.6048884049663823	0	0	0	0	0	0.05275	1.375	0	0
252	1.0	50.0	[2, 3, 3]	set()	4.051815050533046	3.3066798878697337	3.353702509301335	0.0	0	[306.00254354067147, 434.9952940829098, 755.5027105845511]	1.3356098112835793	0	0	0	0	0	0.389125	1.625	0	0
5	1.0	50.0	[2, 3, 3, 3]	set()	6.55935794793119	4.466496219791875	4.562637548815626	0.0	0	[10.239427988571135, 309.1194814844682, 427.7043365873397, 706.8188143894076]	1.3766214295398853	0	0	0	0	0	0.228	1.25	0	0
316	1.0	50.0	[3, 3]	set()	4.394739213443411	3.845665185308203	3.79724643346834	0.0	0	[376.2478977441788, 582.6950043280399]	1.0581975122687353	0	0	0	0	0	0.203	0.625	0	0
130	1.0	50.0	[3, 3]	set()	5.906723394471337	5.273029701323933	5.316147747237277	0.0	0	[454.7769641503692, 664.6782168773613]	1.0524155803028852	0	0	0	0	0	0.11025	0.375	0	0
440	1.0	50.0	[2, 3, 3]	set()	3.677121762200748	3.3090950504796943	3.320045744891327	0.0	0	[407.6218130066991, 644.0362585708499, 688.3217566646636]	1.2081473909411093	0	0	0	0	0	0.4165	1.625	0	0
68	1.0	50.0	[2]	set()	2.624242245633435	2.390170193249065	2.3829814811686028	0.0	0	[35.25311080738902]	0.1525530456972754	0	0	0	0	0	0.0	0.0	0	0
377	1.0	50.0	[3]	set()	2.737767654154911	2.435604455577793	2.4302569765126933	0.0	0	[522.4310343619436]	0.6921405401345069	0	0	0	0	0	0.05975	0.125	0	0
253	1.0	50.0	[2, 3]	set()	2.9967708517329474	2.6276948188831537	2.5600013384237634	0.0	0	[286.2056448906307, 797.075690003112]	1.0248253196622443	0	0	0	0	0	0.125	0.375	0	0
6	1.0	50.0	[3]	set()	3.62620208817934	3.600723061878754	3.5711881289784206	0.0	0	[986.9053568691016]	0.06978103851837336	0	0	0	0	0	0.00525	0.375	0	0
192	1.0	50.0	[3, 3]	set()	5.645141590382971	5.29321509148993	5.263903698526944	0.0	0	[579.070454929024, 871.5744556393474]	0.939513987654625	0	0	0	0	0	0.141125	0.5	0	0
69	1.0	50.0	[3, 3, 3]	set()	4.420219550635845	3.631256522130598	3.7320600025462562	0.0	0	[159.33386841788888, 840.135357496476, 938.832259271294]	0.9538781983990867	0	0	0	0	0	0.099625	0.875	0	0
378	1.0	50.0	[3]	set()	3.7679997191603873	3.397718337765205	3.414801864928448	0.0	0	[40.85218766704202]	0.17064305365079524	0	0	0	0	0	0.125	0.25	0	0
441	1.0	50.0	[3, 3, 3, 3]	set()	5.943335070599043	4.470282079559324	4.543779430447504	0.0	0	[140.7203441613807, 449.85819961961846, 562.6928107813001, 625.8051670156419]	1.4272488070784597	0	0	0	0	0	0.377	1.875	0	0
131	1.0	50.0	[3, 3, 3, 3, 3, 3]	set()	9.11595029613572	5.850056560755555	6.397152073567338	0.0	0	[291.3576096761972, 340.3123626485467, 653.951401822269, 665.5133999884129, 672.1407026052475, 819.5628145763231]	1.5466831490704747	0	0	0	0	0	0.16499999999999998	1.25	0	0
317	1.0	50.0	[2, 3, 2, 3, 3, 3, 2, 2]	set()	10.258908958175526	7.1608782875764705	7.364761618338561	0.0	0	[26.36333741247654, 105.45469073257908, 310.557818040252, 488.79079846665263, 560.5226522311568, 702.0410986151546, 946.5351011604072, 968.7166942604704]	1.931808589884402	0	0	0	0	0	0.3855	3.5	0	0
254	1.0	50.0	[2, 3]	set()	6.259553477306151	5.350742014864396	5.4289314577422925	0.0	0	[174.3861220398406, 186.8613227270544]	0.5274545645175326	0	0	0	0	0	0.06975	0.75	0	0
7	1.0	50.0	[3, 2, 3]	set()	6.0944892665194965	5.220419889699715	5.367993899848984	0.0	0	[341.194138629362, 506.5988192800432, 693.9971945074599]	1.3406685507571776	0	0	0	0	0	0.2855	1.25	0	0
70	1.0	50.0	[3]	set()	3.00710606975579	2.595825040021438	2.610934253153834	0.0	0	[652.0210774615407]	0.6461865273480994	0	0	0	0	0	0.0	0.0	0	0
193	1.0	50.0	[2]	set()	2.9448360326916303	2.8295132213864136	2.7933463811923573	0.0	0	[104.99342903494836]	0.3359181334495659	0	0	0	0	0	0.0	0.0	0	0
379	1.0	50.0	[3, 3]	set()	2.780716542996929	2.5141448990317805	2.446264552939142	0.0	0	[504.2494535446167, 718.4000462293625]	1.0321364832792441	0	0	0	0	0	0.2585	0.75	0	0
132	1.0	50.0	[3]	set()	2.625853048634932	2.513793983360447	2.526239272730696	0.0	0	[825.7999792695045]	0.46248377503152704	0	0	0	0	0	0.14687499999999998	0.375	0	0
442	1.0	50.0	[3, 2, 3]	set()	2.348242327857332	1.8820485587751712	1.8964990362210918	0.0	0	[99.7735295612916, 550.4146856255829, 844.1605935804546]	1.238707034351009	0	0	0	0	0	0.201125	1.125	0	0
194	1.0	50.0	[3]	set()	2.512919993943196	2.3893133494002634	2.4151859669086115	0.0	0	[850.3929977305233]	0.4220267874163005	0	0	0	0	0	0.05625	0.375	0	0
318	1.0	50.0	[3, 2, 3, 3, 3]	set()	7.310894002259532	5.291306127476311	5.598785006819057	0.0	0	[14.33657668530941, 231.14227317273617, 321.82567613199376, 388.55658285319817, 476.734483035986]	1.3436540672527304	0	0	0	0	0	0.06125	0.75	0	0
8	1.0	50.0	[3, 3]	set()	2.887883338924236	2.5993262478946297	2.638022672154236	0.0	0	[473.2482956243138, 826.5115835238248]	1.0255288391450046	0	0	0	0	0	0.36	1.125	0	0
255	1.0	50.0	[2, 3, 2, 3]	set()	8.407600751667477	5.729601774382058	6.176170432730553	0.0	0	[114.27167859514786, 342.2162402421236, 597.5938801492238, 755.6570647284389]	1.569432340217706	0	0	0	0	0	0.030625	0.125	0	0
380	1.0	50.0	[3, 2, 3]	set()	5.245711379204104	3.8231095752863338	3.7792389061586498	0.0	0	[304.3388021178544, 582.9330547712743, 925.047564026725]	1.2792384973099762	0	0	0	0	0	0.125	0.5	0	0
71	1.0	50.0	[3, 3, 3, 3, 3, 3, 2]	set()	6.226642087363231	4.460606605044957	4.412319211700842	0.0	0	[24.305690055743234, 66.5566734969616, 235.4282895103097, 246.6475379356368, 342.46850945055485, 837.6671969890594, 923.1570380452348]	1.554945156044158	0	0	0	0	0	0.5735	5.125	0	0
443	1.0	50.0	[3, 3, 2]	set()	4.1664434092234295	3.253903504480776	3.288688364284529	0.0	0	[361.66139552369714, 489.72183745354414, 651.3426028855927]	1.2929457362005228	0	0	0	0	0	0.289625	1.125	0	0
133	1.0	50.0	[3, 3]	set()	5.049375849944307	4.468788156808009	4.0192895238317705	0.0	0	[482.3891188502772, 995.1743737328798]	0.7198909972546501	0	0	0	0	0	0.066	0.5	0	0
195	1.0	50.0	[3]	set()	1.2989196527414184	1.179076419015144	1.2109149474176082	0.0	0	[3.436816856265068]	0.02292868649779769	0	0	0	0	0	0.000375	0.125	0	0
9	1.0	50.0	[3]	set()	3.7007889165921473	3.4328673726226135	3.492663045159511	0.0	0	[164.84743636101484]	0.44762132120432924	0	0	0	0	0	0.1045	0.125	0	0
444	1.0	50.0	[3, 3, 3, 3]	set()	4.152686734725253	3.096152423670236	3.2898942126582504	0.0	0	[238.06674871593717, 241.6862329311178, 521.4961860328913, 670.2385116368532]	1.3676665858870207	0	0	0	0	0	0.298375	1.5	0	0
72	1.0	50.0	[3, 3]	set()	3.1674088945177328	2.718065607480707	2.7915578799900134	0.0	0	[76.427998021245, 506.70955376699567]	0.9079777485932959	0	0	0	0	0	0.136	0.625	0	0
319	1.0	50.0	[3, 3, 3, 2, 2]	set()	5.719187613476743	4.345660078704387	4.453043301711837	0.0	0	[206.49465010501444, 399.1259124595672, 606.0169129632413, 769.827630603686, 847.2277204103884]	1.7503897039046588	0	0	0	0	0	0.20075	1.125	0	0
381	1.0	50.0	[2, 3, 2]	set()	6.108646021190625	5.162261055519345	5.110747884861093	0.0	0	[200.17602248117328, 221.1577193811536, 465.8447471447289]	1.0824866798523056	0	0	0	0	0	0.125	0.5	0	0
256	1.0	50.0	[3, 3]	set()	5.0973508902110005	4.708542833657516	4.639695141524344	0.0	0	[108.2687593032996, 438.7491077650338]	0.9307783334443924	0	0	0	0	0	0.19325	0.75	0	0
196	1.0	50.0	[3, 3]	set()	4.177291567344357	3.7024010064673534	3.7295032255614915	0.0	0	[622.350987046957, 898.6035170964897]	0.8826007233234793	0	0	0	0	0	0.2755	1.0	0	0
10	1.0	50.0	[3, 3]	set()	1.7653105817498633	1.5875854662287265	1.5865664632880554	0.0	0	[44.52326591126621, 942.1662366949022]	0.4003118270964775	0	0	0	0	0	0.13425	0.625	0	0
134	1.0	50.0	[3, 3, 3, 3]	set()	6.211801074051522	5.368160865614554	5.4107084231885905	0.0	0	[286.9805982710778, 730.884755961597, 731.7437463880711, 870.4294215422124]	1.2635901937642129	0	0	0	0	0	0.22812500000000002	1.375	0	0
320	1.0	50.0	[3, 3, 3]	set()	3.6644880154980823	3.1606483583515566	3.2065562338744016	0.0	0	[332.8956674909513, 425.01847026869655, 653.5345404408872]	1.2904071520678024	0	0	0	0	0	0.2915	1.125	0	0
73	1.0	50.0	[2, 3, 3]	set()	5.755260595347507	4.533879740074695	4.559179758521902	0.0	0	[77.22175819799304, 452.557805692777, 811.750684864819]	1.2477251909944047	0	0	0	0	0	0.023625	0.125	0	0
382	1.0	50.0	[3, 2, 3]	set()	4.136140694560005	3.4673416396271217	3.454914213402423	0.0	0	[63.42155946415628, 289.23867642879486, 481.4723776653409]	1.168487138915468	0	0	0	0	0	0.193	1.0	0	0
257	1.0	50.0	[3, 2]	set()	5.283520221308511	3.850848774366437	4.464636332629857	0.0	0	[828.7652451545, 990.839544788056]	0.493572712258019	0	0	0	0	0	0.1035	0.125	0	0
445	1.0	50.0	[2, 2, 2, 3]	set()	8.584574120202728	6.603492817993771	6.663359834284285	0.0	0	[137.4765122309327, 364.9980314075947, 433.3315521944314, 595.6292415503412]	1.4542422722204116	0	0	0	0	0	0.22625	0.875	0	0
197	1.0	50.0	[3, 2]	set()	5.238358508574818	4.523672217349753	4.526104076341499	0.0	0	[442.3188562504947, 474.6857066638768]	0.8100241672887782	0	0	0	0	0	0.31975	1.0	0	0
135	1.0	50.0	[3, 3, 3]	set()	4.462755621413351	3.698786673182317	3.5396862006139482	0.0	0	[10.356920266152423, 535.333503736183, 677.0813875551553]	1.0275741687010493	0	0	0	0	0	0.14275	0.625	0	0
11	1.0	50.0	[3, 3, 3]	set()	4.492767705946493	4.031847941756876	3.712390368849615	0.0	0	[48.176482785493135, 89.91247741505504, 867.9224862717092]	0.7413496926564858	0	0	0	0	0	0.08962500000000001	1.0	0	0
321	1.0	50.0	[3]	set()	1.2268899856372855	1.1813488290810357	1.1578958984455503	0.0	0	[9.94150247424841]	0.05573255805222134	0	0	0	0	0	0.00225	0.25	0	0
74	1.0	50.0	[2, 3, 3]	set()	4.457587125692077	3.620062462187557	3.6266301060989865	0.0	0	[311.36475037783384, 685.3766953572631, 720.8230821415782]	1.2057119620704602	0	0	0	0	0	0.155625	0.5	0	0
446	1.0	50.0	[3]	set()	2.861853684610299	2.805621387290552	2.7749924672007547	0.0	0	[857.4188817292452]	0.40962143734744555	0	0	0	0	0	0.142875	0.375	0	0
383	1.0	50.0	[2, 3, 3, 3, 3]	set()	4.55283228949428	3.3447764846789405	3.387140112271935	0.0	0	[129.35403594747186, 649.9899935221775, 671.1492952890694, 860.8672296053151, 957.0947641592072]	1.3616830299115847	0	0	0	0	0	0.305875	2.0	0	0
12	1.0	50.0	[3, 3]	set()	3.6825553885091735	3.412302432843411	3.422347242692316	0.0	0	[676.2750968337059, 929.704390000552]	0.7990415806493465	0	0	0	0	0	0.174375	0.75	0	0
198	1.0	50.0	[2, 3, 2, 3]	set()	4.590864874299817	3.4483147804789236	3.6761716425925104	0.0	0	[247.86335829646157, 329.0218462918153, 991.1566011141986, 992.5474068149924]	0.8682057921364632	0	0	0	0	0	0.418125	2.375	0	0
322	1.0	50.0	[2]	set()	2.2539418205069266	2.156393962913894	2.1584871673793202	0.0	0	[173.92704891972244]	0.4620587312870463	0	0	0	0	0	0.0	0.0	0	0
136	1.0	50.0	[2, 3, 2, 3]	set()	6.240768574840305	5.264959955643143	5.132621450749059	0.0	0	[3.650838820655977, 22.03548327088356, 490.45917112380266, 615.829449146986]	1.0770582665021269	0	0	0	0	0	0.30362500000000003	1.875	0	0
258	1.0	50.0	[3, 2, 2, 2, 3, 3]	set()	8.095062698100365	5.3911227246010185	5.512388907009245	0.0	0	[294.9723512865603, 525.3915851743365, 773.4761791194949, 875.2758190967143, 876.3464959338307, 982.9231279045318]	1.592198590880494	0	0	0	0	0	0.24425	2.125	0	0
447	1.0	50.0	[3]	set()	3.749019687880459	3.6513874435892557	3.649621095439855	0.0	0	[455.87193919345737]	0.6892475373446385	0	0	0	0	0	0.25	0.5	0	0
384	1.0	50.0	[3, 3]	set()	3.2482587273026056	2.6557587258444997	2.779871082047932	0.0	0	[49.873211381172176, 920.992288272828]	0.4702656132017554	0	0	0	0	0	0.28	1.125	0	0
199	1.0	50.0	[3]	set()	4.004819677813358	3.7378203773584557	3.7542947338882326	0.0	0	[683.3239782135934]	0.6243385017013574	0	0	0	0	0	0.085375	0.125	0	0
13	1.0	50.0	[3, 3, 3, 3, 3]	set()	6.777520427563182	4.5746601475751145	4.596846119887454	0.0	0	[21.3682217690776, 421.8391629371392, 530.2654709666967, 733.8700016649593, 972.782083015244]	1.4537275503849034	0	0	0	0	0	0.39349999999999996	2.375	0	0
75	1.0	50.0	[3, 2, 3, 2, 3, 2]	set()	10.378028024001226	7.34489457446341	7.385511649241903	0.0	0	[0.8806805126369, 108.25969315985716, 208.30363989807665, 280.8269217563466, 302.0770458970219, 718.9567554742098]	1.46971356612203	0	0	0	0	0	0.0875	0.5	0	0
137	1.0	50.0	[3, 3, 3]	set()	4.497204619928136	3.72982951513096	3.713758427954238	0.0	0	[628.4988969564438, 719.7971581481397, 901.7446376383303]	1.0484376939718836	0	0	0	0	0	0.193125	0.625	0	0
323	1.0	50.0	[2, 2, 3]	set()	6.367834155578758	5.381502228159763	5.4819215572329005	0.0	0	[551.5765910968184, 805.0442058593035, 987.2927421238272]	1.04179477525228	0	0	0	0	0	0.0065	0.5	0	0
448	1.0	50.0	[3]	set()	2.352748393005724	2.287336897959122	2.2140420890939216	0.0	0	[914.4923542626202]	0.2920190534693866	0	0	0	0	0	0.043	0.5	0	0
259	1.0	50.0	[3, 2, 2, 3]	set()	10.581980856036514	7.673733807325668	7.602132552651696	0.0	0	[424.3816597807219, 764.9368778802454, 840.9423572011292, 846.4033517520875]	1.2426520950967508	0	0	0	0	0	0.10575	0.5	0	0
200	1.0	50.0	[3, 3, 3]	set()	5.530762294261839	4.60124822993736	4.6547990309073155	0.0	0	[147.81659515574574, 708.9040009304881, 948.892614000826]	1.1013211952580984	0	0	0	0	0	0.23837500000000003	1.0	0	0
14	1.0	50.0	[3, 3, 3]	set()	4.091674166780312	3.2580976970434397	3.262541813355798	0.0	0	[309.98444148053414, 407.0663220987497, 650.089449249208]	1.3006919408491888	0	0	0	0	0	0.21137499999999998	0.875	0	0
76	1.0	50.0	[3, 3]	set()	2.7360692250826246	2.432276197099766	2.33747456441479	0.0	0	[84.35859298333526, 823.9249483185957]	0.7375274648315555	0	0	0	0	0	0.05475	0.375	0	0
138	1.0	50.0	[2, 2]	set()	5.7530059372268205	4.768109182196487	4.702293629161803	0.0	0	[853.5250695422292, 940.774665446952]	0.5153766698969069	0	0	0	0	0	0.0	0.0	0	0
385	1.0	50.0	[2, 3, 3, 3, 2, 2, 3]	set()	9.630308411363497	6.315956819404801	6.675424826865166	0.0	0	[18.30539350200344, 98.43147359788418, 719.3814478814602, 784.2518986281659, 789.5951799645519, 804.9246455683958, 903.9123137372966]	1.2948335549050205	0	0	0	0	0	0.12325	2.25	0	0
449	1.0	50.0	[3, 3, 2]	set()	3.5513272887671823	3.149848038118816	3.0609536917383027	0.0	0	[153.18030706089058, 154.68732733279467, 921.0897312117908]	0.701467646150002	0	0	0	0	0	0.05775	0.75	0	0
324	1.0	50.0	[2, 3, 2, 3, 3, 2, 3]	set()	7.845757569244377	5.005322600845519	5.398367509398684	0.0	0	[18.378578049828008, 20.422672039944523, 87.26852988242173, 104.33076667813744, 422.4925893358886, 515.6113570556045, 778.7746440153569]	1.6068735607431899	0	0	0	0	0	0.50475	4.125	0	0
201	1.0	50.0	[2]	set()	2.8317230997833707	2.516692925137438	2.5318644228794756	0.0	0	[699.0936668589711]	0.6116302815003535	0	0	0	0	0	0.0	0.0	0	0
15	1.0	50.0	[3, 3, 3]	set()	3.50770959301977	2.732589031744118	2.763390515251337	0.0	0	[272.3487694747746, 859.9444543942809, 968.793589854613]	1.0162720188933065	0	0	0	0	0	0.051625000000000004	0.375	0	0
260	1.0	50.0	[3, 3, 3]	set()	6.939224765593698	6.545077887127652	6.620217141856957	0.0	0	[114.67109736986458, 475.3752199467272, 928.0255280616644]	1.1643341757835266	0	0	0	0	0	0.35312499999999997	1.625	0	0
139	1.0	50.0	[2, 3]	set()	3.033923516917347	2.7936035692562076	2.712815588395271	0.0	0	[92.51553635335696, 946.7545482330024]	0.510963000992896	0	0	0	0	0	0.0135	0.25	0	0
450	1.0	50.0	[3]	set()	2.590024257104039	2.366241574021238	2.394066180698012	0.0	0	[674.8671648092568]	0.6306780757535115	0	0	0	0	0	0.20925000000000002	0.375	0	0
77	1.0	50.0	[2, 2, 3, 2, 3]	set()	11.675344680770849	8.168930517014878	8.594873482422841	0.0	0	[29.72380381864914, 176.74778771679777, 753.7060263566673, 760.0329624514694, 788.3145520463586]	1.1652365729894445	0	0	0	0	0	0.182375	1.25	0	0
386	1.0	50.0	[3, 3, 2, 3, 3, 3]	set()	6.092114589057704	4.623786037148202	4.755193847694612	0.0	0	[136.0962635680343, 489.62060175836086, 844.4195484280073, 938.5173537302762, 948.2906218926664, 964.684891121851]	1.4597615880728547	0	0	0	0	0	0.188	2.5	0	0
202	1.0	50.0	[3, 3]	set()	4.300798701175969	3.692860168648413	3.5666152159389872	0.0	0	[510.5099682696164, 907.1005422156304]	0.9307771774900314	0	0	0	0	0	0.15075	0.5	0	0
16	1.0	50.0	[3]	set()	5.0367443952491415	4.593785552871906	4.590493499964044	0.0	0	[397.30055816471577]	0.6719019448389698	0	0	0	0	0	0.174625	0.375	0	0
325	1.0	50.0	[3]	set()	5.611196499306611	5.273521917629255	5.3896916042696095	0.0	0	[209.95707996189597]	0.5138997992157341	0	0	0	0	0	0.05225	0.25	0	0
261	1.0	50.0	[2, 2]	set()	5.517329576387437	3.7869011977337146	4.0729357058531654	0.0	0	[141.52642339468002, 143.23781803250313]	0.4200756176115512	0	0	0	0	0	0.0	0.0	0	0
140	1.0	50.0	[2, 2]	set()	4.713822863257828	3.804987942882863	3.813230925464071	0.0	0	[260.6839146465063, 853.1297077424824]	0.9423459559992031	0	0	0	0	0	0.125	0.375	0	0
451	1.0	50.0	[3, 3, 3, 3]	set()	2.7126271102728414	2.137172296320608	2.155421966291844	0.0	0	[80.60663472861052, 215.79025778919456, 577.850230038166, 969.4350459612906]	1.315072661717027	0	0	0	0	0	0.43124999999999997	2.5	0	0
387	1.0	50.0	[2]	set()	5.075664234698108	4.587111367557531	4.575434642319426	0.0	0	[972.436707932502]	0.1261671201158736	0	0	0	0	0	0.0	0.0	0	0
78	1.0	50.0	[3, 3, 3]	set()	6.967539438443972	5.326063239977778	5.439978931341136	0.0	0	[44.83313260810262, 99.5549438521266, 372.9147824924439]	0.9453742201222985	0	0	0	0	0	0.0895	0.375	0	0
203	1.0	50.0	[3]	set()	3.5843694615956383	3.361681459247196	3.3951406500219767	0.0	0	[936.5392494946718]	0.23638558006545998	0	0	0	0	0	0.14100000000000001	0.5	0	0
326	1.0	50.0	[3, 3, 3]	set()	3.289489670499589	2.7759081723026853	2.758808096374872	0.0	0	[801.0207959450781, 966.525620315224, 967.9544931277632]	0.5950398731665614	0	0	0	0	0	0.22449999999999998	2.0	0	0
17	1.0	50.0	[3]	set()	3.528294737431636	3.2373116470259036	3.2735504255572723	0.0	0	[702.687855809927]	0.6085696566936764	0	0	0	0	0	0.0745	0.25	0	0
141	1.0	50.0	[3]	set()	3.4362437500292833	3.1378176560488518	3.107807024302036	0.0	0	[145.52423101849854]	0.41486620173660405	0	0	0	0	0	0.018125	0.125	0	0
262	1.0	50.0	[2, 3, 3]	set()	8.177274964057435	7.183989168053914	7.304798768528713	0.0	0	[546.0485167225681, 625.7151770405471, 788.1006835959852]	1.1559080506607757	0	0	0	0	0	0.0265	0.125	0	0
452	1.0	50.0	[3, 2, 2, 3, 3, 3]	set()	9.59382817613292	7.714264280488026	7.987008264137446	0.0	0	[140.84955990455495, 384.1640961842709, 590.1067797094584, 755.8337021619081, 828.4259845968336, 888.0015313625336]	1.84690693962937	0	0	0	0	0	0.24412499999999998	2.125	0	0
388	1.0	50.0	[3, 3, 3, 2, 3, 3]	set()	6.9489907786172544	4.87481871278767	5.012776644763016	0.0	0	[197.97652278679632, 201.9137923898437, 216.30933973938227, 506.30727635849127, 508.6510162800551, 545.6964876502752]	1.2572000038402384	0	0	0	0	0	0.17925	2.0	0	0
142	1.0	50.0	[3, 3]	set()	2.4737662640701	2.0698707746608633	2.086332216925268	0.0	0	[331.7156315315515, 910.4436095803976]	0.8986495535838585	0	0	0	0	0	0.262125	0.875	0	0
18	1.0	50.0	[3]	set()	3.861618182204701	3.8009501095430602	3.760148587591388	0.0	0	[924.155524931848]	0.2685009206232279	0	0	0	0	0	0.0095	0.125	0	0
79	1.0	50.0	[2]	set()	4.329562900625285	4.006636159829783	3.927609646147554	0.0	0	[949.066799832508]	0.20125388084927132	0	0	0	0	0	0.125	0.25	0	0
204	1.0	50.0	[3]	set()	4.107564885609584	4.04223514783719	4.07033253299968	0.0	0	[974.3885269854218]	0.11913940868610799	0	0	0	0	0	0.0065	0.25	0	0
327	1.0	50.0	[2, 3, 2]	set()	4.577783215615227	3.6272925908908205	3.6793843147758043	0.0	0	[497.77620448730886, 591.4495771285146, 651.7110106638486]	1.1056905329919022	0	0	0	0	0	0.073875	0.25	0	0
453	1.0	50.0	[3, 3, 3]	set()	4.3893901707677445	3.5873217024581097	3.732099085051359	0.0	0	[200.0816917884557, 201.4521488454193, 300.5123529583216]	0.8100040400233391	0	0	0	0	0	0.262625	1.0	0	0
389	1.0	50.0	[3]	set()	3.40870261862489	3.2808075708877675	3.2821012729701335	0.0	0	[507.7386144548655]	0.6930274034703231	0	0	0	0	0	0.061625	0.125	0	0
263	1.0	50.0	[3, 3, 3, 3, 3, 3]	set()	8.505554497649872	6.122407542130871	6.247756611293362	0.0	0	[29.55990237164663, 95.91177757829428, 140.2312859427184, 353.9854343980551, 491.3631996683465, 735.4317982681096]	1.7207041331321624	0	0	0	0	0	0.242875	1.75	0	0
143	1.0	50.0	[2, 3, 3]	set()	7.053921519995949	5.635453046369432	5.642826732759861	0.0	0	[213.60277105122805, 231.46057687699795, 381.40198681503534]	0.9832362902261951	0	0	0	0	0	0.15387499999999998	0.75	0	0
328	1.0	50.0	[3]	set()	2.6350583665603278	2.4990383190930325	2.5019757387180412	0.0	0	[57.88458930328488]	0.22110677924628047	0	0	0	0	0	0.021375	0.375	0	0
19	1.0	50.0	[2, 3, 3, 3]	set()	7.372144776223593	5.745405670847063	5.803725740489857	0.0	0	[79.06506140716374, 354.6090964227915, 357.8570724930614, 557.3707306757569]	1.2567582739098504	0	0	0	0	0	0.180375	0.75	0	0
205	1.0	50.0	[3, 2, 2]	set()	6.9531396982632065	4.7961934868792575	5.238980492434802	0.0	0	[142.20459666103125, 465.34107299521565, 848.6630041152239]	1.2957306743040988	0	0	0	0	0	0.10725	0.375	0	0
80	1.0	50.0	[3, 3, 3, 3]	set()	5.153157167097046	4.044841266262181	4.10175392399803	0.0	0	[351.0276647284627, 547.9348238465731, 598.7025648283428, 701.8908482934321]	1.433940455220364	0	0	0	0	0	0.3685	1.875	0	0
454	1.0	50.0	[3]	set()	5.815477643908388	5.558232151631357	5.496530265610348	0.0	0	[16.68811123818159]	0.0848535027341206	0	0	0	0	0	0.0	0.0	0	0
390	1.0	50.0	[3, 3, 3, 3]	set()	6.014010974445172	4.69592874827687	4.7818612644051814	0.0	0	[96.82370722293854, 104.9658302217722, 180.79019547889877, 507.840761002873]	1.175258662741754	0	0	0	0	0	0.134125	1.25	0	0
264	1.0	50.0	[3]	set()	4.933687155890828	4.855073971843232	4.853848731503609	0.0	0	[743.0283613502979]	0.569865452856945	0	0	0	0	0	0.160625	0.625	0	0
329	1.0	50.0	[3]	set()	3.120866504937182	2.6886533591470254	2.6941850003495	0.0	0	[110.72103213518858]	0.3480201783076397	0	0	0	0	0	0.01375	0.125	0	0
144	1.0	50.0	[3, 3, 2]	set()	5.882827253653658	4.916640193972672	4.908439199634196	0.0	0	[459.20759974978864, 476.8663784489036, 654.6881305985153]	1.1029257993046764	0	0	0	0	0	0.131	0.5	0	0
206	1.0	50.0	[3]	set()	3.5707379868123486	3.3312469565831107	3.3622228130154452	0.0	0	[678.0323870480061]	0.6283437024328533	0	0	0	0	0	0.0805	0.25	0	0
20	1.0	50.0	[3]	set()	3.215097333846551	3.0030457631535685	3.0387648323103007	0.0	0	[137.63368874788284]	0.4006445798973718	0	0	0	0	0	0.142125	0.375	0	0
455	1.0	50.0	[3, 2, 2]	set()	4.451660302276322	3.110880743004526	3.170890541522371	0.0	0	[401.2375115416944, 620.6145786926206, 902.3046009242536]	1.2833141659949572	0	0	0	0	0	0.17512500000000003	0.625	0	0
81	1.0	50.0	[3, 3]	set()	5.243437104961087	4.6036862035061965	4.585592687559899	0.0	0	[554.7242257744074, 851.6063903722721]	0.9705480801541568	0	0	0	0	0	0.16212500000000002	0.5	0	0
265	1.0	50.0	[3]	set()	5.07946572978861	4.610981868901074	4.445355568331235	0.0	0	[104.34523411095142]	0.33452685529931697	0	0	0	0	0	0.0	0.0	0	0
391	1.0	50.0	[3, 2, 2, 3]	set()	5.627491982619373	4.0716761762788725	4.416717894468029	0.0	0	[232.62562090530992, 519.9497556705217, 644.2184555344284, 781.2151098623872]	1.5615188470585744	0	0	0	0	0	0.12337499999999998	0.625	0	0
145	1.0	50.0	[2, 2]	set()	4.162092942232183	3.228035001477503	3.4639714625081868	0.0	0	[621.3246728293598, 814.7085050319724]	0.9258031713147454	0	0	0	0	0	0.0	0.0	0	0
456	1.0	50.0	[3, 3, 3]	set()	2.750328300213005	2.419317337785643	2.3035210997658564	0.0	0	[191.38985639438036, 497.0543236885403, 846.7246283860051]	1.3336383332125599	0	0	0	0	0	0.37349999999999994	1.5	0	0
330	1.0	50.0	[3, 2, 3, 3, 3, 2]	set()	7.246171315887709	4.883200390799567	5.439667019601638	0.0	0	[78.77807353853983, 233.6012556115561, 414.7538875297962, 761.6817355155945, 812.4396800994873, 927.2441071797828]	1.7562159478593975	0	0	0	0	0	0.01275	0.25	0	0
21	1.0	50.0	[2]	set()	5.513221452192226	5.225526360910878	5.2244461134572155	0.0	0	[480.2872561849654]	0.692369794558623	0	0	0	0	0	0.125	0.25	0	0
207	1.0	50.0	[3, 3, 3]	set()	6.9105551440969055	5.62972097665474	5.480573717932371	0.0	0	[159.85209587961435, 351.6196570984278, 382.5445677673249]	1.0149945461228986	0	0	0	0	0	0.027875	0.25	0	0
82	1.0	50.0	[3, 3, 2]	set()	4.652474536599563	3.4692849740865266	3.641003353566923	0.0	0	[330.9886854585895, 375.01687416806817, 830.291406254295]	1.1627037136450138	0	0	0	0	0	0.41187500000000005	1.625	0	0
266	1.0	50.0	[3]	set()	3.5605199847963043	3.206992101043464	3.206805344094156	0.0	0	[624.7325306758285]	0.6616997157385205	0	0	0	0	0	0.0	0.0	0	0
457	1.0	50.0	[3]	set()	4.987630054625846	4.86271664629328	4.857155705599239	0.0	0	[283.9265987277031]	0.5966237079603065	0	0	0	0	0	0.33962499999999995	0.625	0	0
146	1.0	50.0	[3, 3, 3, 3]	set()	7.361188124654522	5.186198442390062	5.461089758219702	0.0	0	[370.6289646215737, 731.6064024344087, 963.2331500761212, 973.6557403298488]	1.2178346904081079	0	0	0	0	0	0.127375	0.75	0	0
208	1.0	50.0	[2, 3]	set()	5.386869919340755	4.9244722332530415	4.987081054090863	0.0	0	[263.8711165636778, 942.2367494553328]	0.7795128865064175	0	0	0	0	0	0.00725	0.125	0	0
83	1.0	50.0	[3, 2, 3, 3]	set()	5.217428022322116	3.940751500733516	4.071149284582672	0.0	0	[278.6442561586715, 428.41577902436256, 492.07296244937294, 492.72823659703135]	1.1648403047584854	0	0	0	0	0	0.15	1.25	0	0
392	1.0	50.0	[3, 3, 2, 2, 3, 3]	set()	10.0317879516937	7.240856540597978	7.062254528477448	0.0	0	[5.906369537115097, 187.3619449324906, 401.7192921601236, 558.4405898116529, 634.6052684624289, 698.6337503924531]	1.6941498672783761	0	0	0	0	0	0.187375	1.5	0	0
331	1.0	50.0	[2, 3, 3, 2]	set()	6.65650071784998	5.9221236242613475	5.9864583513696354	0.0	0	[31.65024296481977, 419.61071034893394, 705.4000713396817, 987.2555249759848]	1.2471114197590514	0	0	0	0	0	0.5368750000000001	2.75	0	0
267	1.0	50.0	[3, 2, 3, 2]	set()	4.94320417795782	3.3720405456722395	3.6496262321813266	0.0	0	[106.34735319763422, 255.53960318326708, 630.2067534998059, 768.2093627851987]	1.5021588560039771	0	0	0	0	0	0.0595	0.375	0	0
147	1.0	50.0	[3, 3]	set()	2.5754899425677027	2.033757445171242	1.9843514289501987	0.0	0	[99.80695554986596, 761.4877051559272]	0.8451304301968784	0	0	0	0	0	0.262375	0.875	0	0
22	1.0	50.0	[2, 2, 2]	set()	8.406783236690611	6.9735134979144044	7.214137140179615	0.0	0	[540.7698014751077, 681.8852000869811, 684.7616489976645]	0.9895235794354291	0	0	0	0	0	0.0	0.0	0	0
458	1.0	50.0	[3, 3, 3]	set()	6.305309075985991	5.535039306334913	5.500652236510422	0.0	0	[266.61067456007004, 463.0655962973833, 694.6955346502364]	1.3731581139830007	0	0	0	0	0	0.2015	0.75	0	0
209	1.0	50.0	[3]	set()	2.7730118376744968	2.6103156963322816	2.6143731065619353	0.0	0	[545.5206874758005]	0.6889971705378558	0	0	0	0	0	0.11375	0.25	0	0
393	1.0	50.0	[3, 3, 2, 3]	set()	6.445114445251737	5.385271188283855	5.301653790651067	0.0	0	[81.5912971065329, 266.7715810239315, 489.14265848054384, 712.3374030925333]	1.5442232339905972	0	0	0	0	0	0.207125	1.0	0	0
332	1.0	50.0	[2, 3, 3]	set()	5.814256391958059	4.776152374317394	4.636816084671042	0.0	0	[38.900446126800325, 505.66794350743294, 915.4913416132332]	1.0563282568221397	0	0	0	0	0	0.061875	0.25	0	0
84	1.0	50.0	[3, 2, 3]	set()	6.864721326331621	6.083160358772446	5.812553383051968	0.0	0	[189.06159373000264, 266.4886043902221, 353.7973230704665]	1.0080519181265668	0	0	0	0	0	0.169125	0.875	0	0
148	1.0	50.0	[3, 2]	set()	6.122688085595467	4.632884936056335	4.718728270743957	0.0	0	[117.88370460271835, 755.6449195835739]	0.8832302876043834	0	0	0	0	0	0.0	0.0	0	0
23	1.0	50.0	[3, 2, 2, 3, 3, 3]	set()	7.964459397119008	5.679161811851799	6.0597096088182525	0.0	0	[207.29698846116665, 353.1198214052882, 470.4942667471528, 527.3256558306789, 930.1496557418972, 962.977127578004]	1.621860009311032	0	0	0	0	0	0.378375	2.625	0	0
268	1.0	50.0	[2, 3, 2, 3, 3, 3, 2, 2]	set()	8.936701031505429	5.437774906582493	6.063354229667563	0.0	0	[34.526142327755416, 204.31023789569736, 283.3502035224562, 363.0132316524106, 475.25249421596527, 697.7034005374749, 709.3851773368982, 813.7893644619178]	2.0001265553854726	0	0	0	0	0	0.36262500000000003	3.25	0	0
210	1.0	50.0	[3]	set()	4.307434825208947	4.107930887355877	4.08192196904637	0.0	0	[233.63125091418624]	0.5436269313450584	0	0	0	0	0	0.154125	0.375	0	0
85	1.0	50.0	[3]	set()	2.970949439371756	2.561199653193847	2.5675303925725697	0.0	0	[531.8299212958664]	0.6911195219430948	0	0	0	0	0	0.19137500000000002	0.375	0	0
459	1.0	50.0	[3, 3]	set()	6.162980328674429	5.362507456827147	5.517714143258851	0.0	0	[394.9841787107289, 806.6480290144682]	1.0500003618215095	0	0	0	0	0	0.35075	1.0	0	0
333	1.0	50.0	[3, 2, 3]	set()	5.376649526763802	3.9755000250459824	3.9164943856628054	0.0	0	[263.5690523311496, 584.2168610543013, 899.6318662539124]	1.310846147529974	0	0	0	0	0	0.223625	0.875	0	0
394	1.0	50.0	[3, 3]	set()	7.751247402169113	7.07340654382273	6.840847123305858	0.0	0	[857.3608740698546, 868.5823380947113]	0.449023957400014	0	0	0	0	0	0.3915	1.25	0	0
149	1.0	50.0	[2, 3, 3, 2]	set()	6.073363322351908	4.533227145822299	4.5832813024583015	0.0	0	[136.25303729628135, 150.32440074308172, 390.7954900059849, 771.4230543933809]	1.3793025003971222	0	0	0	0	0	0.35625000000000007	1.625	0	0
269	1.0	50.0	[3]	set()	4.020795244912099	3.805171468991863	3.693203392028414	0.0	0	[184.9081078544259]	0.47875485040473154	0	0	0	0	0	0.069	0.375	0	0
24	1.0	50.0	[3]	set()	4.647534305716793	4.314159492064294	4.372371734942051	0.0	0	[111.47535033524036]	0.3495888390149526	0	0	0	0	0	0.125	0.25	0	0
211	1.0	50.0	[3, 3, 2, 3]	set()	5.298511564245662	3.7841596670738795	3.7713750048349723	0.0	0	[266.6357613001957, 367.8908268375012, 657.4681101690647, 777.8535489924252]	1.5322904886101076	0	0	0	0	0	0.101625	0.5	0	0
86	1.0	50.0	[3, 2, 2]	set()	3.6194986026218996	2.892868743348672	2.9990301108647848	0.0	0	[634.8284743726254, 825.8068275172263, 928.8819173816592]	1.0268609606796084	0	0	0	0	0	0.21649999999999997	1.25	0	0
460	1.0	50.0	[3]	set()	2.7573733654234984	2.6521318831946803	2.6725495495206517	0.0	0	[277.4106855504215]	0.590491149504675	0	0	0	0	0	0.125	0.25	0	0
334	1.0	50.0	[3, 3, 3, 3]	set()	4.207135543972583	3.223509420622595	3.2566379677739303	0.0	0	[28.053830172296568, 388.3771486580372, 509.3395073223408, 663.9548263734864]	1.3786599091214353	0	0	0	0	0	0.3255	1.5	0	0
150	1.0	50.0	[3, 2, 3]	set()	2.5141814170638677	1.9802535806666184	2.0095536447748987	0.0	0	[219.6535209618777, 752.8509728104458, 773.2614004053175]	1.0841399835611467	0	0	0	0	0	0.18075000000000002	0.75	0	0
395	1.0	50.0	[3, 3, 2]	set()	5.203804039093359	4.102862544343436	4.268007755008023	0.0	0	[30.585608445107937, 581.6647638566792, 806.7424637265503]	1.0883582693023075	0	0	0	0	0	0.11225	0.75	0	0
270	1.0	50.0	[3]	set()	5.728043839516497	5.23729871061394	5.269739769492064	0.0	0	[422.5149741396308]	0.6810907914702375	0	0	0	0	0	0.05275	0.125	0	0
212	1.0	50.0	[3]	set()	2.8228376952531886	2.4166663617861146	2.585764934636901	0.0	0	[69.83970105648041]	0.2532241058571494	0	0	0	0	0	0.258625	0.625	0	0
87	1.0	50.0	[3]	set()	2.8603759535773907	2.7042286279338628	2.7111170993048326	0.0	0	[629.886646522209]	0.6590159817498451	0	0	0	0	0	0.203625	0.375	0	0
25	1.0	50.0	[3, 3, 3]	set()	6.095033447171558	5.1552709951845355	5.243509879531208	0.0	0	[164.94819446344098, 337.30343310162425, 549.6046697454719]	1.2885539179028838	0	0	0	0	0	0.179375	1.0	0	0
151	1.0	50.0	[3]	set()	4.306410508776629	4.165561450618467	4.158555581782899	0.0	0	[678.2992444932461]	0.6281447987979041	0	0	0	0	0	0.2945	0.5	0	0
461	1.0	50.0	[3, 3, 3, 2, 2, 2]	set()	7.828402501595914	5.096890002961429	5.374180829459113	0.0	0	[284.13872901890926, 463.3117732591927, 595.7800547343579, 694.5675266208244, 709.3179793069999, 999.197157969962]	1.5889170242668174	0	0	0	0	0	0.24275	2.0	0	0
213	1.0	50.0	[3]	set()	5.933060237533031	5.566150935326181	5.648819867864634	0.0	0	[838.1524842698127]	0.44272082284402736	0	0	0	0	0	0.02025	0.125	0	0
396	1.0	50.0	[3, 3, 3]	set()	4.36035677429516	3.911516101541298	3.9061142509524127	0.0	0	[496.3288239669055, 707.6540570706129, 720.0164850990074]	1.086896623587592	0	0	0	0	0	0.259625	1.25	0	0
335	1.0	50.0	[3, 3, 3, 2, 3, 3]	set()	12.766707872967544	9.329733170399667	10.010730239647376	0.0	0	[171.2090251967311, 248.2156055048108, 415.9051221152397, 565.5518823961617, 583.4918776527047, 681.9940568608915]	1.7480427467443596	0	0	0	0	0	0.250375	1.625	0	0
88	1.0	50.0	[3]	set()	4.6414134553830575	4.272115368529564	4.279716212084865	0.0	0	[522.4367454648018]	0.6921400273011795	0	0	0	0	0	0.19025	0.375	0	0
271	1.0	50.0	[2, 2]	set()	4.434497860702007	4.051066106319523	4.109082862992739	0.0	0	[580.8323668316007, 958.8795038168338]	0.814528143611314	0	0	0	0	0	0.125	0.375	0	0
152	1.0	50.0	[3]	set()	2.1439579906979103	2.0099004464409664	1.9967454494914185	0.0	0	[299.50749687850475]	0.6104464275108274	0	0	0	0	0	0.07475	0.25	0	0
214	1.0	50.0	[3]	set()	2.7405654176120975	2.315989834001897	2.329014708548796	0.0	0	[598.1669938191772]	0.6737478907876333	0	0	0	0	0	0.0	0.0	0	0
89	1.0	50.0	[3]	set()	2.2439934398270793	2.156669419596766	2.152401327254567	0.0	0	[723.2675347477198]	0.5898407127962794	0	0	0	0	0	0.31925000000000003	0.75	0	0
397	1.0	50.0	[3, 3, 3, 3]	set()	6.080647917270379	4.434540310778555	4.863970172773129	0.0	0	[308.00821324778457, 441.32507778704166, 620.9636275033027, 692.4423603340983]	1.490986644413066	0	0	0	0	0	0.14875	0.625	0	0
26	1.0	50.0	[2, 3, 2, 3, 2, 3, 2]	set()	11.179681501916914	7.948808820807551	8.269124862734941	0.0	0	[40.33792320538776, 244.9247699380219, 322.79961463063955, 548.2736187446517, 562.5187670812011, 760.828634724021, 909.471528371796]	1.870989807279716	0	0	0	0	0	0.3365	2.75	0	0
462	1.0	50.0	[2, 3, 3]	set()	5.404100427624616	3.8348069092073636	4.089818584931243	0.0	0	[95.70056158731832, 614.4761175382882, 657.6217897645624]	1.0676171449083476	0	0	0	0	0	0.04825	0.25	0	0
336	1.0	50.0	[3, 2]	set()	2.7197431881509746	2.388539279046452	2.4434723280448645	0.0	0	[645.1622298918664, 877.9966893344375]	0.8787431759031028	0	0	0	0	0	0.133125	0.75	0	0
272	1.0	50.0	[2, 3, 3, 3, 3]	set()	7.161055628417115	5.355461934157379	5.529025804438492	0.0	0	[98.12460746616124, 472.6940356194973, 699.7829019897415, 755.216916010216, 876.8640864868877]	1.6067726179135549	0	0	0	0	0	0.33262499999999995	1.75	0	0
153	1.0	50.0	[2, 3, 2, 2]	set()	4.430183678304774	3.21395109012838	3.3878957399814915	0.0	0	[148.9326562732458, 328.82035337388515, 749.8734514229, 865.5042967293411]	1.475684321934669	0	0	0	0	0	0.166	0.875	0	0
463	1.0	50.0	[2, 3, 2]	set()	4.333154491087664	3.0900255635410936	3.285124331853023	0.0	0	[22.548372857272625, 955.8966550976038, 971.1885489523412]	0.3160053791646143	0	0	0	0	0	0.25562500000000005	1.25	0	0
215	1.0	50.0	[3, 3, 3]	set()	5.968035667112276	4.882051828970424	5.178699146381602	0.0	0	[645.7467493601143, 870.9860406547842, 875.9333002381027]	0.9033397106549845	0	0	0	0	0	0.239375	0.875	0	0
90	1.0	50.0	[3]	set()	5.0523659060049	4.836076907802638	4.802014496950288	0.0	0	[255.5459586437792]	0.5683463816902894	0	0	0	0	0	0.18875	0.5	0	0
398	1.0	50.0	[2, 3, 3]	set()	4.784847922072233	4.093812114691369	4.074496980442095	0.0	0	[238.30608278512955, 300.6166336126625, 866.4557873271406]	1.105811233003838	0	0	0	0	0	0.175	0.5	0	0
27	1.0	50.0	[3]	set()	3.6753044123062124	3.395686243617987	3.3518515399827717	0.0	0	[870.7531504333019]	0.3849524865698062	0	0	0	0	0	0.125	0.25	0	0
337	1.0	50.0	[3, 3, 3]	set()	6.862973839784722	5.002100260904433	5.261008663445548	0.0	0	[215.01066465862093, 276.7321303740111, 923.17387717776]	0.9815644058365065	0	0	0	0	0	0.24775	1.25	0	0
273	1.0	50.0	[3]	set()	3.199453217073396	2.954215259991587	2.987013197279069	0.0	0	[320.2923722565174]	0.6270896431478639	0	0	0	0	0	0.21000000000000002	0.375	0	0
28	1.0	50.0	[3]	set()	2.120503067260861	2.002063926288156	2.0117098834154743	0.0	0	[298.15606912598014]	0.6092938384231787	0	0	0	0	0	0.23675	0.625	0	0
91	1.0	50.0	[3, 3]	set()	2.9792022245044745	2.912759146034114	2.9200559790713596	0.0	0	[451.1985953431577, 829.4524592347443]	1.028474335558075	0	0	0	0	0	0.22725	0.875	0	0
216	1.0	50.0	[3, 3]	set()	3.5468509326765583	3.11093832451885	3.0512272485519754	0.0	0	[281.23746206983924, 283.32430869340897]	0.6083931736895681	0	0	0	0	0	0.035625000000000004	0.375	0	0
399	1.0	50.0	[2, 3]	set()	4.897779797208291	3.7594518496046665	3.7911509946834743	0.0	0	[105.45245920906332, 117.44018830358982]	0.40050402606196583	0	0	0	0	0	0.014624999999999999	0.25	0	0
154	1.0	50.0	[3, 3, 3, 2, 3, 2, 2]	set()	6.5304994834086205	3.9863841758906693	4.213352469623823	0.0	0	[99.63800245895982, 141.0050627309829, 146.55771758407354, 287.3552440128186, 595.4551072185117, 727.3372337222099, 916.0725058976964]	1.8189765949628736	0	0	0	0	0	0.31025	3.0	0	0
464	1.0	50.0	[3, 3, 3, 3]	set()	6.138327668804714	5.2062915583547715	5.3963277135541015	0.0	0	[64.48519383570117, 173.29746345058084, 452.05698860809207, 565.7495614141226]	1.3836433377326538	0	0	0	0	0	0.320625	1.75	0	0
338	1.0	50.0	[3, 3, 3]	set()	2.863196381120014	2.2440124633213325	2.2325788550887413	0.0	0	[80.91747388243675, 85.60126551549007, 969.5299085526148]	0.44400463665438156	0	0	0	0	0	0.12175	0.5	0	0
274	1.0	50.0	[3]	set()	2.364717349064027	2.204973001970576	2.2278899539693633	0.0	0	[719.7237955406308]	0.5932139927849462	0	0	0	0	0	0.07025	0.25	0	0
400	1.0	50.0	[2]	set()	2.57072108871017	2.3766245760395464	2.38550808446972	0.0	0	[659.7492278087884]	0.6412016735203043	0	0	0	0	0	0.125	0.25	0	0
29	1.0	50.0	[3, 3]	set()	4.864046626713753	4.340241850607873	4.319817033678939	0.0	0	[207.21847633831203, 452.2100361064077]	1.0004411188167823	0	0	0	0	0	0.238	0.875	0	0
217	1.0	50.0	[2, 3]	set()	3.4720730802573794	3.1097098195463984	3.1115892579627813	0.0	0	[153.35524529810706, 920.3470535576344]	0.6925357756084887	0	0	0	0	0	0.01	0.125	0	0
92	1.0	50.0	[3, 3]	set()	4.54899325486777	3.796869260117153	3.809455762058729	0.0	0	[199.96503950096667, 859.4590188004076]	0.8721794383558209	0	0	0	0	0	0.11775	0.375	0	0
465	1.0	50.0	[2, 3, 2]	set()	4.546829124213154	3.864123751940261	3.8767963295990304	0.0	0	[298.5866290664053, 419.9045189793198, 708.047709427774]	1.3347783404689988	0	0	0	0	0	0.052375	0.25	0	0
155	1.0	50.0	[3, 3]	set()	4.420011589979868	4.07653030655642	4.014767416793672	0.0	0	[366.53864569962025, 527.9221133495561]	1.0165829073731418	0	0	0	0	0	0.065875	0.25	0	0
339	1.0	50.0	[3, 2, 3]	set()	4.96372273914941	3.7977262377917356	3.7295516634773973	0.0	0	[187.1928221080452, 520.5191681161523, 770.9570536389947]	1.3641830397632573	0	0	0	0	0	0.2005	0.875	0	0
275	1.0	50.0	[3, 2, 3]	set()	4.861972042491595	3.743040378071225	3.91402510831809	0.0	0	[614.3100899644196, 752.5978840421885, 825.051778888535]	1.0680755247441218	0	0	0	0	0	0.026375000000000003	0.25	0	0
401	1.0	50.0	[3, 3]	set()	3.7748869776528493	3.4446879475582723	3.39771881404662	0.0	0	[353.53514226153493, 712.7561238594353]	1.0936876308347223	0	0	0	0	0	0.205125	0.625	0	0
218	1.0	50.0	[3, 3]	set()	3.6967311264718368	3.0086684215930535	3.007529596255059	0.0	0	[475.5388805642724, 597.0604447647929]	0.9758572251025346	0	0	0	0	0	0.14024999999999999	0.5	0	0
30	1.0	50.0	[3, 2, 3]	set()	11.358050359482393	7.501156184944874	7.965448874429644	0.0	0	[51.76200764253736, 62.0746045938042, 535.8055096585304]	0.9106249398196246	0	0	0	0	0	0.0	0.0	0	0
466	1.0	50.0	[3]	set()	3.2008252965671966	3.115998802704092	3.078642740597693	0.0	0	[956.8081451579928]	0.17795863124762637	0	0	0	0	0	0.011	0.25	0	0
93	1.0	50.0	[3, 3, 3, 2]	set()	8.495605789496265	5.441097183664363	5.6187384440691694	0.0	0	[228.9598657624836, 542.8864586006306, 557.1261527948081, 884.5109074988565]	1.376648385153674	0	0	0	0	0	0.001875	0.125	0	0
156	1.0	50.0	[3, 3, 2]	set()	4.3700058705177165	3.464059611376534	3.4773478450729343	0.0	0	[370.8247747272253, 394.13405070081353, 445.99964329972863]	0.936147509756263	0	0	0	0	0	0.0925	0.25	0	0
340	1.0	50.0	[3]	set()	3.5432306100013	3.4458542470093323	3.472210543175135	0.0	0	[949.4461491703988]	0.20014280559459693	0	0	0	0	0	0.01275	0.25	0	0
276	1.0	50.0	[3, 3, 3, 3, 3, 2]	set()	7.071796336722661	5.104043215291309	5.094834750150891	0.0	0	[264.4344948464523, 458.823735687802, 503.4161152794034, 739.4556142865745, 800.8215562440455, 961.3920609314812]	1.7401986616126597	0	0	0	0	0	0.3330000000000001	2.375	0	0
402	1.0	50.0	[3, 2, 2, 3, 3, 3]	set()	9.270931358979041	6.511405164615772	6.716812501492537	0.0	0	[187.88150576291952, 374.57566638477147, 657.8156993428577, 806.4013167264003, 864.0961677301675, 993.5578319153348]	1.7297888556055399	0	0	0	0	0	0.05825	0.875	0	0
31	1.0	50.0	[3, 3, 3]	set()	6.034407967066547	4.62633276292155	4.594515402811965	0.0	0	[563.5379957740731, 613.5410785097735, 707.824720069766]	1.0551321154625644	0	0	0	0	0	0.286625	1.125	0	0
219	1.0	50.0	[3, 3, 3, 3, 3, 3]	set()	9.161738083852548	7.193171451597168	6.84290587283889	0.0	0	[134.8580690100789, 156.09606569457213, 644.7002902075693, 692.2744671108143, 701.1583261191845, 857.0820819586515]	1.4566001249585714	0	0	0	0	0	0.23325	1.75	0	0
94	1.0	50.0	[3, 3]	set()	4.195530994038571	3.8445252651555943	3.836755810308187	0.0	0	[81.47434600287451, 537.3055250383914]	0.9190033770239951	0	0	0	0	0	0.260125	0.875	0	0
341	1.0	50.0	[2, 2, 2, 2, 2]	set()	5.480246482972453	3.3090332264772764	3.6899738073458543	0.0	0	[165.9022991079837, 233.3275353718569, 362.0326514918721, 453.7139343363392, 593.40473312275]	1.6036564748318587	0	0	0	0	0	0.0	0.0	0	0
157	1.0	50.0	[2, 3]	set()	3.9845845065258647	3.7848058296023472	3.7706689866996497	0.0	0	[17.23666675388813, 345.4027883708477]	0.7130233669842969	0	0	0	0	0	0.25	0.75	0	0
467	1.0	50.0	[3, 3, 2, 3, 3]	set()	7.700182846530945	5.902218625562924	5.894517751048332	0.0	0	[113.02762684874112, 363.1982630813637, 543.6074655107112, 685.3368375450373, 815.7894485630095]	1.7562485396381018	0	0	0	0	0	0.23412500000000003	1.5	0	0
277	1.0	50.0	[2, 3, 3, 2]	set()	6.1407231707251	4.7237585453228546	5.136486448724377	0.0	0	[162.18762658536434, 374.6557158883661, 459.5273230224848, 489.92317268325934]	1.2830374458584313	0	0	0	0	0	0.182375	1.0	0	0
403	1.0	50.0	[3]	set()	4.065504525982172	3.543691209611146	3.546980778714165	0.0	0	[480.38588790223]	0.6923775563124135	0	0	0	0	0	0.0	0.0	0	0
32	1.0	50.0	[3]	set()	3.15701959200935	3.110825981176838	3.1110789937226833	0.0	0	[797.542238375172]	0.5037907853792623	0	0	0	0	0	0.201125	0.625	0	0
158	1.0	50.0	[3, 2]	set()	4.156569042265775	3.541383188977871	3.5593522217742852	0.0	0	[91.33620699867606, 232.67031068418743]	0.6983435176361271	0	0	0	0	0	0.011375	0.125	0	0
342	1.0	50.0	[3]	set()	1.749222055833373	1.6046513165046248	1.6031339773179831	0.0	0	[491.3181839510799]	0.6929964251242446	0	0	0	0	0	0.061375	0.125	0	0
220	1.0	50.0	[3]	set()	6.222432497907592	5.105112148121153	5.1320755749161595	0.0	0	[723.1059344485402]	0.5899959014955832	0	0	0	0	0	0.125	0.25	0	0
95	1.0	50.0	[3, 2, 3, 3]	set()	3.198322002732008	2.1892652257213876	2.2495238390476593	0.0	0	[20.7643699279344, 622.0699478244078, 761.9933826054358, 995.2757265418768]	1.0263314878447467	0	0	0	0	0	0.12812500000000002	0.875	0	0
404	1.0	50.0	[3]	set()	5.94627527944427	5.486038122693902	5.152433501505673	0.0	0	[8.756606839597225]	0.050206492679434736	0	0	0	0	0	0.0	0.0	0	0
468	1.0	50.0	[2, 3, 3]	set()	6.258954861637406	4.890212928150447	5.164017708326918	0.0	0	[479.01038949043607, 524.5689656585455, 897.9167089588822]	1.0940764148549087	0	0	0	0	0	0.256	1.0	0	0
33	1.0	50.0	[3, 3]	set()	3.565253369895798	3.2583017548328637	3.173457385578013	0.0	0	[1.1270979482649324, 664.1876888461411]	0.6465344620203872	0	0	0	0	0	0.375	1.125	0	0
343	1.0	50.0	[3]	set()	4.992034419239869	4.7964003788604	4.828765740849031	0.0	0	[79.54949326813221]	0.2776676968384796	0	0	0	0	0	0.029625	0.375	0	0
278	1.0	50.0	[3, 2, 3, 3, 2]	set()	5.459828198973226	3.8844060088401546	3.968710015834339	0.0	0	[74.4617256741511, 113.80445771372338, 428.8327861577272, 655.8002357912746, 785.1320038354561]	1.616112456742026	0	0	0	0	0	0.31275000000000003	2.0	0	0
221	1.0	50.0	[3, 3, 3, 3]	set()	5.555088155469512	4.055789514095148	4.314825583141966	0.0	0	[481.043078835192, 481.5801456570625, 530.1238261163235, 907.1644193027169]	1.0913586857299955	0	0	0	0	0	0.095125	0.625	0	0
96	1.0	50.0	[3]	set()	2.2872594318757873	2.2534858389500894	2.249894488194511	0.0	0	[258.68124747648835]	0.5716730189763135	0	0	0	0	0	0.129	0.5	0	0
159	1.0	50.0	[2, 2, 3, 3]	set()	5.7892737451409735	4.269797281681083	4.2970311581860265	0.0	0	[27.32919596395611, 306.91401148214936, 722.8693687357008, 926.4617591926076]	1.3355389559523627	0	0	0	0	0	0.07875	0.625	0	0
469	1.0	50.0	[3]	set()	2.8922836111327728	2.694972166424993	2.7468303495440263	0.0	0	[851.2007109820843]	0.4206206670415583	0	0	0	0	0	0.28725	0.75	0	0
344	1.0	50.0	[3, 2, 3]	set()	4.788878935078932	3.899719244327847	4.10060315754919	0.0	0	[117.57742241024972, 763.2936093516709, 956.886711591065]	0.9875503910998594	0	0	0	0	0	0.03475	0.375	0	0
97	1.0	50.0	[2]	set()	2.559486867253866	2.163002246784243	2.162163632514675	0.0	0	[666.6420914698392]	0.6365312011643565	0	0	0	0	0	0.25	0.5	0	0
470	1.0	50.0	[3]	set()	2.9695565298659403	2.4317836868034117	2.4472927915550438	0.0	0	[581.6340283490717]	0.6797590969517608	0	0	0	0	0	0.0	0.0	0	0
405	1.0	50.0	[3, 3]	set()	7.1039103826871015	6.083354217091429	6.150206577753764	0.0	0	[330.06282406489794, 743.994228541851]	1.0797977734273057	0	0	0	0	0	0.0	0.0	0	0
34	1.0	50.0	[3, 3, 3]	set()	7.196455793135611	6.440936450999475	6.560921276811225	0.0	0	[450.81328794975707, 654.6198143623769, 895.558167481795]	1.2621893181598518	0	0	0	0	0	0.164375	0.875	0	0
345	1.0	50.0	[3, 3]	set()	3.2149714061150103	2.801247667048996	2.7615266863121986	0.0	0	[725.4955228418112, 829.3870375491679]	0.7697693097722473	0	0	0	0	0	0.15475	0.5	0	0
279	1.0	50.0	[3]	set()	4.082685435936707	3.6222067042742525	3.622938046260158	0.0	0	[435.37211511284113]	0.6847702362273216	0	0	0	0	0	0.195625	0.375	0	0
98	1.0	50.0	[3, 3]	set()	3.033293043915327	2.578224844498952	2.5597872830941713	0.0	0	[218.7030385248363, 513.218940468505]	1.0429138258707225	0	0	0	0	0	0.088125	0.25	0	0
222	1.0	50.0	[2, 2, 3, 3]	set()	7.614000341904482	5.845549757961608	6.158832650654226	0.0	0	[85.08900180459023, 858.9138272218406, 892.2030860558152, 932.8354964964092]	0.8328862675436945	0	0	0	0	0	0.013500000000000002	0.25	0	0
160	1.0	50.0	[3, 3, 3, 3]	set()	5.7578467595043	5.002205108739772	5.033994531807892	0.0	0	[281.8082500619618, 456.1571385711432, 488.22342614078985, 851.7220534849912]	1.4226256790110576	0	0	0	0	0	0.239	1.125	0	0
471	1.0	50.0	[3]	set()	4.682344343591847	3.999569448007469	4.182373306331883	0.0	0	[197.55675084888932]	0.4969966490826806	0	0	0	0	0	0.024625	0.125	0	0
35	1.0	50.0	[3]	set()	2.7764494309980847	2.4241058737600767	2.5058620442807307	0.0	0	[918.7702110502868]	0.28176271653731977	0	0	0	0	0	0.01025	0.125	0	0
406	1.0	50.0	[2, 3, 3, 3, 3, 2]	set()	5.385401695079309	3.4655877538990714	3.414638748975195	0.0	0	[31.881909782718765, 556.7003384123126, 587.1375277638435, 592.7536848090184, 856.7149535589324, 892.0516168437831]	1.2936136440477817	0	0	0	0	0	0.27175	1.625	0	0
280	1.0	50.0	[3]	set()	3.590818424843728	3.5464997632668167	3.541347417142128	0.0	0	[312.90569389238954]	0.6214058639410065	0	0	0	0	0	0.242	0.625	0	0
346	1.0	50.0	[3, 3]	set()	6.143084310486161	5.541182321053556	5.5392217410803415	0.0	0	[695.0781941413879, 953.9518407545984]	0.7444065576671004	0	0	0	0	0	0.25587499999999996	0.875	0	0
223	1.0	50.0	[2, 3, 3, 2]	set()	6.227604188055614	3.9331190447594016	4.409481494103729	0.0	0	[332.5607216814672, 595.1481624506414, 688.6960254050791, 802.036358178674]	1.5063115094286854	0	0	0	0	0	0.35124999999999995	2.0	0	0
99	1.0	50.0	[3, 3, 3, 3, 3]	set()	7.454113968360975	5.513604154770647	5.2612966022510665	0.0	0	[607.6010900809586, 634.8302056760704, 715.057784691453, 966.132144909352, 995.6517918035388]	1.0778742826272885	0	0	0	0	0	0.286875	2.375	0	0
161	1.0	50.0	[3, 2, 3]	set()	7.753224759407142	6.297856093192556	6.518445609192679	0.0	0	[48.15378459170461, 112.81901855398723, 259.7776271868497]	0.8276261144590312	0	0	0	0	0	0.09112500000000001	1.0	0	0
36	1.0	50.0	[2, 3]	set()	5.677594665409376	4.493332732450085	4.5229903172668955	0.0	0	[416.278038173914, 874.4924133643508]	0.9829027379930979	0	0	0	0	0	0.01575	0.125	0	0
472	1.0	50.0	[3, 3, 3, 3, 2, 2]	set()	3.8650907427133614	2.6774408968029366	2.754238080664549	0.0	0	[213.71332886420203, 232.2684656828642, 300.13274401426315, 597.9318347637897, 855.584270786494, 861.256832239507]	1.599859916067701	0	0	0	0	0	0.19637500000000002	1.25	0	0
407	1.0	50.0	[3, 2, 3]	set()	4.0360695771694015	3.2724669682918566	3.1552174718277946	0.0	0	[62.49022716656327, 741.5402614349493, 770.9364256164669]	0.8773637107937496	0	0	0	0	0	0.23675000000000002	1.125	0	0
281	1.0	50.0	[3, 3, 3, 2]	set()	3.5428171189407416	2.892821493006019	3.013773435665183	0.0	0	[38.94056798890233, 204.1028140955392, 300.57963775470853, 995.3501089476048]	0.9274165423713058	0	0	0	0	0	0.1465	1.0	0	0
347	1.0	50.0	[2, 2]	set()	3.7251435768904813	2.998754059046724	3.2639669690696573	0.0	0	[31.82191401720047, 263.671294786036]	0.6739703973460305	0	0	0	0	0	0.125	0.375	0	0
224	1.0	50.0	[3]	set()	6.181679407294326	5.4365877406545495	5.370410910705847	0.0	0	[413.4702568408102]	0.6780967294057576	0	0	0	0	0	0.051625	0.125	0	0
162	1.0	50.0	[3]	set()	6.173590219156435	5.5831077226709285	5.431393149072413	0.0	0	[620.092109311372]	0.664019016608268	0	0	0	0	0	0.21999999999999997	0.5	0	0
348	1.0	50.0	[3]	set()	1.9704948562896354	1.8494109943471686	1.817842445461302	0.0	0	[146.7826315201819]	0.41708740137297917	0	0	0	0	0	0.4115	1.0	0	0
408	1.0	50.0	[2]	set()	6.174325128036461	5.702096231175613	5.580328712618561	0.0	0	[272.6713090669364]	0.585897719612973	0	0	0	0	0	0.0	0.0	0	0
225	1.0	50.0	[3, 3, 3]	set()	4.9055062363941815	4.108620923643473	4.22023684884317	0.0	0	[96.68286563828588, 559.0864485129714, 921.706432942301]	1.1498199389098076	0	0	0	0	0	0.33462500000000006	1.25	0	0
282	1.0	50.0	[3, 3]	set()	2.9611621278737554	2.646770658637164	2.671267458667391	0.0	0	[20.55306825786829, 950.8880656212568]	0.2950297663929292	0	0	0	0	0	0.15125	1.125	0	0
100	1.0	50.0	[3, 2, 2, 3]	set()	4.61177994628169	3.399090258001155	3.604680051244343	0.0	0	[157.59293478913605, 420.9575797431171, 438.49170743487775, 630.456396844238]	1.3981797363037824	0	0	0	0	0	0.362125	1.625	0	0
163	1.0	50.0	[2, 3, 3, 2, 3]	set()	8.116027788659032	5.700913917031145	5.787426147929092	0.0	0	[184.1460568830371, 280.5087612941861, 797.9492354206741, 855.721824336797, 929.1143992450088]	1.4219869024922323	0	0	0	0	0	0.27612500000000006	1.625	0	0
409	1.0	50.0	[2, 3]	set()	4.449293919764822	4.08516970493087	4.106124099184967	0.0	0	[219.4952256977558, 465.209222138075]	1.01244366287054	0	0	0	0	0	0.066875	0.125	0	0
37	1.0	50.0	[3, 3, 3]	set()	5.697824138182667	4.531691864283374	4.666791016965251	0.0	0	[457.8671869821847, 480.4580863565207, 919.935538312988]	1.0067804193678733	0	0	0	0	0	0.32575	1.5	0	0
473	1.0	50.0	[3, 3, 3, 3]	set()	10.18647840403992	7.247593836258154	7.433395043315655	0.0	0	[123.01114806905387, 343.2044794317335, 484.4471984542906, 597.7592289415734]	1.4804976153397458	0	0	0	0	0	0.360875	1.75	0	0
349	1.0	50.0	[3, 2, 3, 3, 2]	set()	7.9770154681725645	6.4797849609899085	6.453280361245989	0.0	0	[114.0514686703682, 485.7766068537455, 528.7702791392803, 774.6343151666224, 788.7233270113062]	1.4842073122479233	0	0	0	0	0	0.41025	2.5	0	0
226	1.0	50.0	[3, 2, 3]	set()	5.238831435664694	3.458233921208139	3.640253459451519	0.0	0	[402.3787527971319, 606.689606468175, 873.0424176901579]	1.305173855398481	0	0	0	0	0	0.015875	0.125	0	0
283	1.0	50.0	[2]	set()	6.4713916274884	6.32415337212892	6.360172841965249	0.0	0	[802.5385839864612]	0.49686299574782755	0	0	0	0	0	0.125	0.25	0	0
38	1.0	50.0	[3, 3, 3]	set()	3.7343433728645414	2.937999729439039	3.0135612175872564	0.0	0	[10.758248390629888, 77.5714178454694, 178.85645176284015]	0.6232805395143933	0	0	0	0	0	0.012125	0.5	0	0
474	1.0	50.0	[3]	set()	2.4928421357817507	2.446623308128875	2.4144940850546313	0.0	0	[217.17410534620285]	0.5233079812522367	0	0	0	0	0	0.17925000000000002	0.5	0	0
101	1.0	50.0	[2, 3, 2, 3, 3, 3]	set()	6.5809614478943095	4.770065882235668	4.974437891919588	0.0	0	[291.09573478047344, 299.2870758106907, 343.2303023264671, 347.27291627167165, 464.2291134881544, 659.0598404873163]	1.4947142347482507	0	0	0	0	0	0.33599999999999997	2.375	0	0
227	1.0	50.0	[2]	set()	2.4608913720653227	2.232740440237372	2.288397359703875	0.0	0	[50.24028499610722]	0.19922214101800345	0	0	0	0	0	0.0	0.0	0	0
164	1.0	50.0	[3, 3, 3, 3, 3]	set()	7.04221486806806	5.465593477684838	5.790386769832159	0.0	0	[381.9776666350663, 531.8088233470917, 591.6093020796313, 792.0990223065019, 861.129833618179]	1.6013500566316163	0	0	0	0	0	0.41337500000000005	2.875	0	0
410	1.0	50.0	[2, 3, 3]	set()	8.235885686175237	6.622292007322364	6.589548539103668	0.0	0	[267.9402835201472, 509.9424077197909, 712.5389971770346]	1.3780514314800336	0	0	0	0	0	0.09737499999999999	0.375	0	0
350	1.0	50.0	[3]	set()	3.3148007421910908	3.0232183111793547	2.992084757842017	0.0	0	[61.42168492078781]	0.2308615513663383	0	0	0	0	0	0.01525	0.25	0	0
284	1.0	50.0	[3, 3]	set()	6.031070906257172	5.824154145136406	5.755168719869795	0.0	0	[869.922992773354, 892.0713793486357]	0.44588931320655645	0	0	0	0	0	0.043375000000000004	0.5	0	0
475	1.0	50.0	[3, 3, 3]	set()	7.645217866677507	6.237047291596594	6.375174714576126	0.0	0	[660.426264628768, 808.1353898260799, 922.1088418271391]	1.0028252367091297	0	0	0	0	0	0.2285	1.375	0	0
39	1.0	50.0	[2, 3, 2]	set()	6.264685141293918	4.9884138505934645	4.995659873740402	0.0	0	[144.6574758738279, 816.846071742475, 877.570986514911]	0.9739262967692658	0	0	0	0	0	0.14800000000000002	0.75	0	0
165	1.0	50.0	[2, 3, 2]	set()	3.4958630376379984	2.663670033000198	2.6552623675282936	0.0	0	[532.7204959467053, 897.0910634379834, 994.2458712030202]	0.9595382569902003	0	0	0	0	0	0.37499999999999994	1.5	0	0
411	1.0	50.0	[3]	set()	4.145708917833227	3.7012713142106595	3.711246123588748	0.0	0	[747.0175588969141]	0.5655880336332162	0	0	0	0	0	0.0	0.0	0	0
228	1.0	50.0	[3, 3]	set()	6.656635364272423	5.412876469362255	5.397236484692664	0.0	0	[468.02820824086666, 657.8352765823785]	1.0377098818222283	0	0	0	0	0	0.0	0.0	0	0
102	1.0	50.0	[3, 3, 3]	set()	6.0834275188253315	4.767052485127757	4.543830688640706	0.0	0	[405.4277460090816, 794.0671865362674, 894.5831283926964]	1.2014292309839636	0	0	0	0	0	0.27375	1.25	0	0
351	1.0	50.0	[3, 3, 3, 3]	set()	4.707390478472091	3.74373283354106	3.8161972392348114	0.0	0	[212.77418173849583, 310.2066908031702, 421.2770015001297, 769.95610864833]	1.5056567413732658	0	0	0	0	0	0.303	1.625	0	0
40	1.0	50.0	[3]	set()	2.7774172122197585	2.653875878491006	2.6574065431481166	0.0	0	[457.4614786542952]	0.6895237504291589	0	0	0	0	0	0.057125	0.125	0	0
285	1.0	50.0	[3, 2]	set()	5.195916755253045	4.529694334828373	4.517791880514298	0.0	0	[72.95445911586285, 549.8448519501835]	0.9034084653058327	0	0	0	0	0	0.009	0.125	0	0
412	1.0	50.0	[3]	set()	3.055079331298372	2.8490673495542804	2.8561280726010008	0.0	0	[130.1313100848347]	0.38663624514054584	0	0	0	0	0	0.01625	0.125	0	0
229	1.0	50.0	[3]	set()	2.2793940695219193	2.2150358064152678	2.1957959518532055	0.0	0	[195.62583789229396]	0.4942784248835303	0	0	0	0	0	0.198125	0.625	0	0
166	1.0	50.0	[2, 3]	set()	5.5056815590459705	4.751115080058583	4.757961574689791	0.0	0	[303.6728154402226, 978.7834831513464]	0.7089018871025066	0	0	0	0	0	0.0	0.0	0	0
476	1.0	50.0	[3, 3, 3, 2, 2]	set()	7.138327402219093	5.827850797596791	5.856699846555996	0.0	0	[277.2978678356384, 438.5067020549425, 680.937385186553, 735.2294586598873, 830.2204444506813]	1.6762703629073157	0	0	0	0	0	0.399875	2.125	0	0
103	1.0	50.0	[3]	set()	6.066235317731316	5.633140756649524	5.606027832375723	0.0	0	[640.9378009848297]	0.6528767084317465	0	0	0	0	0	0.09	0.25	0	0
352	1.0	50.0	[3, 2, 3]	set()	6.026222330444621	4.6886499324039415	4.7395052166439635	0.0	0	[110.17428524792194, 348.17966166883707, 516.205459966173]	1.2356361271598868	0	0	0	0	0	0.07825	0.5	0	0
413	1.0	50.0	[2]	set()	2.643663102091942	2.592369924916137	2.5922421285988464	0.0	0	[418.0278121493757]	0.6796474435332444	0	0	0	0	0	0.125	0.25	0	0
41	1.0	50.0	[3, 3, 3]	set()	4.599429134447446	4.119661643007529	4.153104530491165	0.0	0	[413.95161021500826, 602.9117603320628, 832.7003922313452]	1.3170095186206738	0	0	0	0	0	0.09625	0.375	0	0
230	1.0	50.0	[3, 3]	set()	3.2691654613401333	2.8799635102513848	2.8748605485097896	0.0	0	[431.96036480367184, 460.6123282574117]	0.7973590352822757	0	0	0	0	0	0.196125	0.625	0	0
286	1.0	50.0	[2, 2, 3, 3]	set()	7.008695249721777	5.385415977395889	5.8884732675021825	0.0	0	[121.45455181598663, 288.93666343476275, 389.1018442809582, 644.0196949988604]	1.5019062474934024	0	0	0	0	0	0.095625	0.375	0	0
167	1.0	50.0	[3, 2, 3, 3]	set()	4.7781266048597155	3.6979033854834844	3.6286168000813213	0.0	0	[51.53620343464982, 89.9309158449757, 141.70511160045862, 795.3309146646212]	1.0338998233358274	0	0	0	0	0	0.1025	1.75	0	0
104	1.0	50.0	[3, 3]	set()	4.286181444511129	3.399137070440578	3.5916511472926467	0.0	0	[64.49406780302525, 950.6639689207076]	0.4323376671614522	0	0	0	0	0	0.033	0.625	0	0
477	1.0	50.0	[3]	set()	3.5955214109985354	3.28596432861964	3.2664936802101447	0.0	0	[818.3952812105417]	0.4738180949406898	0	0	0	0	0	0.02275	0.125	0	0
414	1.0	50.0	[3, 2, 2, 3]	set()	2.980939154242462	2.122959666995351	2.26975981450063	0.0	0	[105.4727474693209, 528.6579940648819, 556.5306935459375, 695.4313980673443]	1.3372220725647548	0	0	0	0	0	0.138125	0.75	0	0
353	1.0	50.0	[2, 2, 3, 3, 3]	set()	8.202784718644857	5.65277827003664	5.954464900224728	0.0	0	[251.0006675454413, 287.2384138015769, 411.8893803097308, 415.33898934721947, 776.447644457221]	1.4490156149429185	0	0	0	0	0	0.35112499999999996	1.875	0	0
231	1.0	50.0	[3, 2]	set()	4.574163264219954	3.719596287054831	3.56614281821933	0.0	0	[258.51909536868334, 738.5645564645529]	1.0527474457140573	0	0	0	0	0	0.15725	0.5	0	0
287	1.0	50.0	[2, 3]	set()	3.4544189011799644	3.0424795221031373	2.9942504997181385	0.0	0	[262.0382639579475, 299.4686319869557]	0.7232379989304153	0	0	0	0	0	0.087625	0.125	0	0
168	1.0	50.0	[3]	set()	2.576378815619667	2.431575504119974	2.4210192388249707	0.0	0	[658.6176867131144]	0.6419481035262021	0	0	0	0	0	0.04275	0.125	0	0
42	1.0	50.0	[3, 2, 2, 3, 3]	set()	6.373252307397834	4.2472800151350345	4.18987210984424	0.0	0	[307.80325938085264, 352.71546183592494, 451.0616038666886, 852.7948851697147, 933.8919701986016]	1.4798102247337117	0	0	0	0	0	0.103625	0.625	0	0
478	1.0	50.0	[3, 3]	set()	5.277348379793494	4.957875213658128	4.940565607934823	0.0	0	[198.1596280820668, 449.2686927702647]	0.9962728155797327	0	0	0	0	0	0.292875	1.0	0	0
105	1.0	50.0	[3, 3, 2, 2]	set()	7.6629918718575425	5.86543742658249	5.783007873803401	0.0	0	[57.01612867414951, 180.16583212465508, 550.4797549992845, 715.2590231637798]	1.4439148342397452	0	0	0	0	0	0.036750000000000005	0.5	0	0
415	1.0	50.0	[2]	set()	3.622929863799475	3.338628564088886	3.3280513805436036	0.0	0	[416.46924056112766]	0.6791267574032116	0	0	0	0	0	0.0	0.0	0	0
232	1.0	50.0	[2, 2, 3]	set()	5.5028127662790745	4.303948804053606	4.268306342649523	0.0	0	[343.7380567193032, 437.9712832981167, 893.638422479853]	1.1861444908033105	0	0	0	0	0	0.02675	0.25	0	0
288	1.0	50.0	[3, 3]	set()	4.81065544431351	3.8433548142773315	3.972043313422204	0.0	0	[250.55420119315383, 769.3904433399439]	1.0255412270830535	0	0	0	0	0	0.25	0.75	0	0
43	1.0	50.0	[3, 3]	set()	5.2391759408580985	3.6387428032223164	4.183828351367866	0.0	0	[300.60023794183667, 951.3473534025252]	0.7879762069094594	0	0	0	0	0	0.01225	0.25	0	0
354	1.0	50.0	[3, 3, 3, 3]	set()	6.161266393643977	4.62527296049292	5.013920450531856	0.0	0	[160.99827364087105, 407.1778198704124, 657.7625854406506, 753.0063496372028]	1.5552505646672092	0	0	0	0	0	0.09375	0.5	0	0
169	1.0	50.0	[3, 3, 3, 3, 3]	set()	5.917372693996306	4.54500173980697	4.904087552727049	0.0	0	[118.81954239537328, 252.84958630800247, 480.27618788182735, 611.3208166789263, 749.7469559311867]	1.7459735183789362	0	0	0	0	0	0.362875	2.25	0	0
479	1.0	50.0	[3]	set()	3.4601326723010635	3.322920331520442	3.3638567657327423	0.0	0	[900.344796013087]	0.3243247179731165	0	0	0	0	0	0.0125	0.125	0	0
416	1.0	50.0	[3]	set()	4.3682340066513845	3.959483314643298	3.8794429158221115	0.0	0	[398.06547155603766]	0.6722194823439243	0	0	0	0	0	0.22449999999999998	0.5	0	0
44	1.0	50.0	[3]	set()	3.3302244139381965	3.1737222996120984	3.1878821163627142	0.0	0	[689.3777346704155]	0.6195976461297603	0	0	0	0	0	0.116625	0.375	0	0
355	1.0	50.0	[3, 2]	set()	4.722507599489896	3.6497255722775934	3.5378619265878264	0.0	0	[38.45829539932311, 697.515832958743]	0.7617827434983189	0	0	0	0	0	0.125	0.375	0	0
106	1.0	50.0	[3, 2, 3, 3, 2, 2]	set()	7.5141168619875875	4.824203389633508	5.445039963166548	0.0	0	[193.16611345857385, 270.6523079728622, 370.114247755545, 575.5096306614676, 687.3110419253709, 696.9423550631221]	1.7219234279979325	0	0	0	0	0	0.096	0.625	0	0
233	1.0	50.0	[2]	set()	7.765533497514483	6.3744136005295555	6.560385653092488	0.0	0	[638.1229672115296]	0.6544905320003308	0	0	0	0	0	0.0	0.0	0	0
289	1.0	50.0	[3, 3, 3]	set()	6.186295848993785	5.749569152398639	5.461414152017338	0.0	0	[114.62276661768556, 359.4223007094115, 827.7845669316921]	1.2509830722777435	0	0	0	0	0	0.288625	1.375	0	0
170	1.0	50.0	[3, 3, 3]	set()	8.748117731760445	6.829397701903102	7.252816563886294	0.0	0	[333.7301076389849, 369.1941269786896, 406.2023540630837]	0.9161648557940035	0	0	0	0	0	0.133875	0.625	0	0
480	1.0	50.0	[3, 3, 3]	set()	8.34984441940481	7.410909273765469	7.077169800951198	0.0	0	[133.11535141768104, 302.8928469866514, 691.9489838182926]	1.2995013337904413	0	0	0	0	0	0.27775	1.25	0	0
417	1.0	50.0	[3, 2, 2]	set()	5.301689547076366	4.691399907471125	4.690696115039383	0.0	0	[164.29986851289868, 369.6077689528465, 902.0154252648354]	1.1850020919260693	0	0	0	0	0	0.25	1.0	0	0
45	1.0	50.0	[3, 3, 3, 3]	set()	7.9549516751589415	7.015107279280592	6.643363972061923	0.0	0	[626.0805286555106, 801.136653832616, 835.0617833389969, 926.5735088847578]	1.12361104159872	0	0	0	0	0	0.47150000000000003	3.125	0	0
356	1.0	50.0	[2, 2, 3, 2, 3]	set()	5.7237940809648915	3.8752311411708114	4.0567049552141885	0.0	0	[128.78480243874125, 134.49588231742382, 441.46366828282055, 655.6444403783503, 675.1829166896641]	1.4281757410964175	0	0	0	0	0	0.15425	1.0	0	0
107	1.0	50.0	[3, 3]	set()	3.5034160266984413	2.6850653451802495	2.931879279357598	0.0	0	[139.6286312956363, 734.1970109846443]	0.9362131771381097	0	0	0	0	0	0.14875	0.25	0	0
234	1.0	50.0	[3, 3]	set()	2.959491668503726	2.781655851592236	2.7670955769942767	0.0	0	[42.79007948935032, 218.81816582754251]	0.6335419751269582	0	0	0	0	0	0.228	0.625	0	0
418	1.0	50.0	[3]	set()	3.371920957362587	3.2076639457553497	3.1856937124867546	0.0	0	[711.7185881361365]	0.600605705498415	0	0	0	0	0	0.19724999999999998	0.5	0	0
290	1.0	50.0	[3, 3, 3, 2, 3, 3]	set()	6.777815429699029	4.166298951786673	4.256545681651508	0.0	0	[130.0124293193221, 406.077567492704, 514.3312221937782, 565.6875203823663, 684.1973158311023, 987.960894824937]	1.6816202217826388	0	0	0	0	0	0.054625	0.5	0	0
171	1.0	50.0	[3, 2]	set()	8.669791057502287	7.291649436407732	7.326290916791193	0.0	0	[384.3137135263533, 408.6470205378196]	0.7686007285948888	0	0	0	0	0	0.125	0.375	0	0
357	1.0	50.0	[3, 3, 3]	set()	3.483729784986405	2.9487986353577966	2.9360272207594003	0.0	0	[24.770452933520648, 130.62455412000418, 852.7033252175897]	0.8465619027338984	0	0	0	0	0	0.056249999999999994	0.625	0	0
481	1.0	50.0	[2, 3, 3, 2, 3]	set()	8.951513430328168	6.346123223694937	6.58406364871875	0.0	0	[22.58531656116247, 61.366744917202176, 638.5997612459904, 679.3089604470879, 999.4015539209172]	1.0282313854459657	0	0	0	0	0	0.15962499999999996	0.875	0	0
235	1.0	50.0	[3, 3, 3]	set()	3.9683241732837713	3.482184175875641	3.481238935826281	0.0	0	[439.44158049985657, 452.391603263095, 523.1986623257399]	0.9582485270088679	0	0	0	0	0	0.19825	0.75	0	0
46	1.0	50.0	[2, 3, 2, 3, 2, 3, 3]	set()	6.747310697454968	4.646156020984464	5.1321534681365995	0.0	0	[203.7894167006016, 281.77422657608986, 284.8426958772181, 649.4975739624351, 711.192986377736, 733.4562796168029, 871.2103979215366]	1.7023355959432023	0	0	0	0	0	0.22162499999999996	1.5	0	0
108	1.0	50.0	[3, 3, 2, 3]	set()	6.73960662833655	5.099355352007819	5.1341415051084045	0.0	0	[24.1348189267816, 77.22758688032627, 444.9100103229284, 822.0825074240565]	1.2885511635063855	0	0	0	0	0	0.076375	0.625	0	0
291	1.0	50.0	[3]	set()	3.9588768372451284	3.7682803587900473	3.774562893461373	0.0	0	[437.0380500331521]	0.6851976789805916	0	0	0	0	0	0.0	0.0	0	0
419	1.0	50.0	[3, 3, 3, 3, 2, 3]	set()	11.292792045234156	7.900812705024079	8.362940557519039	0.0	0	[237.94856294989583, 330.9780615735063, 374.7520218603313, 454.0426905732602, 622.0022447727525, 930.8159966021776]	1.7477782621023004	0	0	0	0	0	0.088375	0.625	0	0
482	1.0	50.0	[2]	set()	2.579377259544514	2.332095637431772	2.3509609852067976	0.0	0	[571.3860904797912]	0.6829203220234319	0	0	0	0	0	0.0	0.0	0	0
172	1.0	50.0	[3, 2, 3, 3, 3, 3]	set()	9.264467822339148	5.996039349216505	6.730865452202103	0.0	0	[89.85365202943929, 239.34013996212244, 284.66930507999774, 339.2420694952972, 529.0551795624197, 738.1652570329607]	1.7930846161751957	0	0	0	0	0	0.459375	2.625	0	0
358	1.0	50.0	[3, 3, 3, 3]	set()	6.878067985594233	4.688086410018019	5.088179029733545	0.0	0	[357.3273129295558, 378.7097670137882, 524.917527101934, 632.75829073973]	1.339114681075647	0	0	0	0	0	0.158	1.0	0	0
47	1.0	50.0	[3]	set()	3.133210081577728	3.0550371081696297	3.058463014887234	0.0	0	[231.4347529318184]	0.5410041662541383	0	0	0	0	0	0.028875	0.125	0	0
236	1.0	50.0	[3, 2]	set()	4.645213461049516	3.8254881432615755	3.82624209788721	0.0	0	[72.41717306897044, 316.19843700900674]	0.7941154301221874	0	0	0	0	0	0.134	0.5	0	0
420	1.0	50.0	[3, 3, 2]	set()	3.4628601414004616	2.5923836281786348	2.6076876711147006	0.0	0	[144.65373492035295, 151.6344099673723, 474.4921764358878]	1.0174429580962498	0	0	0	0	0	0.018875	0.25	0	0
109	1.0	50.0	[3, 2, 2, 2, 2]	set()	5.410958712626228	4.044220497090674	4.1202652953502845	0.0	0	[72.05874565988779, 124.88527402079086, 238.6859394609928, 528.6654939504116, 620.5517010576236]	1.5382364320276267	0	0	0	0	0	0.036	0.5	0	0
292	1.0	50.0	[3, 3, 2]	set()	6.525490529567168	5.522119127213077	5.2186355102595146	0.0	0	[182.47632076963785, 848.2291905675083, 946.1942263878882]	0.9660971295122507	0	0	0	0	0	0.02275	0.125	0	0
173	1.0	50.0	[3]	set()	5.045614251085477	4.4609429560926595	4.511239458602077	0.0	0	[269.5294935256243]	0.5827903019778358	0	0	0	0	0	0.033625	0.125	0	0
359	1.0	50.0	[3, 3]	set()	6.399242014321337	5.490760966924342	5.46621396599387	0.0	0	[476.2150375172496, 871.6237959451973]	0.9837007475975217	0	0	0	0	0	0.016125	0.125	0	0
483	1.0	50.0	[3, 3, 3]	set()	4.861858200591638	3.8557228823219964	3.7707599357177473	0.0	0	[189.6979702546164, 497.8132527777048, 505.8871805667877]	1.0653319610442313	0	0	0	0	0	0.150625	0.875	0	0
48	1.0	50.0	[2, 3, 3]	set()	7.391444269549747	5.138735468859409	5.669372557250299	0.0	0	[339.23244499601424, 384.23196558986336, 691.7882895821909]	1.231676278437146	0	0	0	0	0	0.154	0.5	0	0
237	1.0	50.0	[3, 3, 3]	set()	5.858666161377147	5.192543352997891	5.199517996927945	0.0	0	[522.3035234957933, 546.1414951824374, 976.2628506869078]	0.8799915417998367	0	0	0	0	0	0.23	1.125	0	0
174	1.0	50.0	[3]	set()	3.575812387380825	3.418203981233942	3.3699419762017397	0.0	0	[917.9037818685174]	0.2838594474391089	0	0	0	0	0	0.010375	0.125	0	0
421	1.0	50.0	[3]	set()	6.698442422199205	5.584792352133547	5.586628140216066	0.0	0	[686.5670355036855]	0.6218199526655206	0	0	0	0	0	0.0	0.0	0	0
110	1.0	50.0	[3, 3, 3, 3]	set()	5.841226950770441	5.116722670620865	5.038784579010278	0.0	0	[211.01908277482195, 647.9395176284015, 667.1947604704578, 930.9322466142476]	1.3022392395170321	0	0	0	0	0	0.396625	1.875	0	0
484	1.0	50.0	[3, 3]	set()	3.5301115124119615	3.0081788038132	3.045998178091347	0.0	0	[467.11803041398525, 733.6667161434889]	1.0603487625373766	0	0	0	0	0	0.21675000000000003	0.625	0	0
360	1.0	50.0	[3, 3, 3]	set()	8.006357953320524	6.118263276485465	5.93445551014213	0.0	0	[285.51361337304115, 328.1273553147912, 771.3170197640582]	1.1904045115130883	0	0	0	0	0	0.10525	0.5	0	0
293	1.0	50.0	[3, 3, 3, 3]	set()	9.09514801987029	6.843765589206941	6.042543186961397	0.0	0	[88.12925342904765, 829.1700137779117, 873.8508370360792, 877.6587061583996]	0.8532729312173452	0	0	0	0	0	0.03725	0.625	0	0
49	1.0	50.0	[3, 3]	set()	3.939331561030011	3.333436925989619	3.363874534794502	0.0	0	[293.44954108819366, 871.2931235786527]	0.9405803124884488	0	0	0	0	0	0.391125	1.25	0	0
238	1.0	50.0	[3, 3, 3, 3]	set()	4.126983181101679	3.2964796029309555	3.322203406710309	0.0	0	[364.746045088395, 378.7002107128501, 573.96180764772, 866.5873787196232]	1.3747516280360106	0	0	0	0	0	0.48324999999999996	2.375	0	0
175	1.0	50.0	[3, 3, 3, 3]	set()	3.791889499745095	2.757045209633403	2.931384608339443	0.0	0	[123.91802826168252, 130.94410787208886, 618.9473425038159, 996.4248844080732]	1.0316001485858375	0	0	0	0	0	0.36225	2.125	0	0
485	1.0	50.0	[3, 3, 3, 3]	set()	2.5114281010106367	1.9272349021556865	1.8359755661496782	0.0	0	[183.90365154482424, 247.04264024605212, 595.5894272774458, 830.8828712906688]	1.494190591293895	0	0	0	0	0	0.32587499999999997	1.75	0	0
361	1.0	50.0	[3, 3, 3]	set()	5.054246290986614	4.0239108983420495	3.953187716670935	0.0	0	[151.6907399966896, 450.0494506210089, 631.9642793387175]	1.3248295588805066	0	0	0	0	0	0.227375	0.875	0	0
422	1.0	50.0	[3, 2, 3, 3, 3]	set()	6.761348231020055	4.15948626252883	4.631868263550994	0.0	0	[310.6206159447256, 419.122513814425, 687.6305011101067, 823.0084534734488, 992.3745249523844]	1.5658471978364257	0	0	0	0	0	0.16412500000000002	1.125	0	0
111	1.0	50.0	[3, 3, 3, 3]	set()	4.765459071875727	4.425040328023391	4.419380910984966	0.0	0	[193.68501473218203, 255.0809374079108, 515.8083713584174, 799.8105525039136]	1.5192460718040852	0	0	0	0	0	0.445875	2.625	0	0
294	1.0	50.0	[3]	set()	4.687594521707753	4.661922700405171	4.628433041361374	0.0	0	[864.2811090685427]	0.39711525824229665	0	0	0	0	0	0.068	0.5	0	0
50	1.0	50.0	[3, 3, 3]	set()	7.4551676258673885	5.109487169707338	5.544688482600534	0.0	0	[16.789306979663298, 359.4194871839136, 477.57660783827305]	1.0271608815346198	0	0	0	0	0	0.11925000000000001	0.75	0	0
176	1.0	50.0	[3]	set()	2.7003154757648375	2.4043262693551495	2.4177674785032615	0.0	0	[399.20351654291153]	0.6726873988278494	0	0	0	0	0	0.200125	0.375	0	0
51	1.0	50.0	[2]	set()	3.58436042275165	3.2930637919262233	3.311746542480351	0.0	0	[283.2683795131743]	0.596013745150652	0	0	0	0	0	0.0	0.0	0	0
295	1.0	50.0	[3, 3, 2, 2, 2, 3, 3, 3]	set()	8.051203805633177	4.475987746077962	5.310946917836933	0.0	0	[12.02234896704335, 89.998988678473, 219.84871658069196, 225.40868560365124, 414.1278588062453, 415.3750813731545, 666.591819608584, 770.3141771236268]	1.789022019775734	0	0	0	0	0	0.2115	1.875	0	0
239	1.0	50.0	[2]	set()	5.4285486721263485	4.929748155322791	4.895197195060415	0.0	0	[847.3159223794937]	0.42733677712971485	0	0	0	0	0	0.125	0.25	0	0
486	1.0	50.0	[3]	set()	4.111050852610372	3.566960317360615	3.613894402522838	0.0	0	[427.4442866444588]	0.6825812517708421	0	0	0	0	0	0.125	0.25	0	0
112	1.0	50.0	[3, 3, 3]	set()	3.1462495846113745	2.6845978377699393	2.712999571070086	0.0	0	[14.822157565504313, 518.747029826045, 905.6952837854624]	0.9978474638735204	0	0	0	0	0	0.196125	1.125	0	0
177	1.0	50.0	[3, 3]	set()	4.547503783578264	3.8090101302415835	3.8942818430256443	0.0	0	[267.42378785274923, 936.1094639170916]	0.7975536931372323	0	0	0	0	0	0.016	0.25	0	0
423	1.0	50.0	[2, 3, 3]	set()	6.497692134637349	5.524518766734071	5.543283955843253	0.0	0	[662.4028235673904, 779.5651697088033, 877.2460657637566]	1.0087462688810538	0	0	0	0	0	0.140375	0.625	0	0
52	1.0	50.0	[3]	set()	4.145466641656931	3.7965623846227166	3.9106456983963147	0.0	0	[84.28839920088649]	0.2891201811595655	0	0	0	0	0	0.0105	0.125	0	0
240	1.0	50.0	[3, 3]	set()	4.740045146346635	3.720266771894939	3.9402069268961815	0.0	0	[465.3017148375511, 881.0543082654476]	0.974125370850822	0	0	0	0	0	0.15475	0.625	0	0
362	1.0	50.0	[3, 3, 2, 3, 3, 3, 2, 3]	set()	8.831044079591823	6.629689411970876	6.588874156433949	0.0	0	[54.30741743525269, 504.9202372319997, 520.9771495576528, 769.8098449036479, 859.4215027987957, 869.4940506909913, 888.0584419564519, 925.4758778875622]	1.582806925295662	0	0	0	0	0	0.2725	3.75	0	0
296	1.0	50.0	[3, 2, 2]	set()	7.844499735823202	5.416583271901158	5.549276375040977	0.0	0	[111.62946256808937, 355.3174310363869, 683.571804780513]	1.3185756519872183	0	0	0	0	0	0.138875	0.625	0	0
113	1.0	50.0	[3, 3, 3]	set()	4.1631470180612835	3.512424335959568	3.493379874719026	0.0	0	[265.2451587754365, 620.816662859732, 921.070255804807]	1.281339906593443	0	0	0	0	0	0.345	1.5	0	0
178	1.0	50.0	[2]	set()	3.547373580024239	3.2866047937570726	3.329770714355061	0.0	0	[631.1662259977311]	0.6583320769486709	0	0	0	0	0	0.0	0.0	0	0
487	1.0	50.0	[2, 3, 3, 3, 3, 3]	set()	9.394020903866798	6.649682030730707	6.8710093091510185	0.0	0	[133.81141051650047, 407.8193898312748, 424.281321735489, 603.3754176460207, 679.8317669890821, 793.7301634810865]	1.769108230957428	0	0	0	0	0	0.481125	3.25	0	0
424	1.0	50.0	[3, 3, 3, 3]	set()	6.248111056984192	4.8648767279872525	4.793824081216749	0.0	0	[279.04704585671425, 492.2795870479888, 570.5109522677958, 904.8229567706584]	1.4751895189372792	0	0	0	0	0	0.16962500000000003	0.875	0	0
241	1.0	50.0	[2]	set()	2.500031905219774	2.383607779584882	2.3910002747182832	0.0	0	[569.0730328205973]	0.6835744277569393	0	0	0	0	0	0.25	0.5	0	0
297	1.0	50.0	[3]	set()	3.7763384605649475	3.3178699117637374	3.487225653839169	0.0	0	[864.3031364772469]	0.39707447656116823	0	0	0	0	0	0.034	0.25	0	0
363	1.0	50.0	[2]	set()	4.0901735563870005	3.77538913770747	3.7719755902407233	0.0	0	[570.5532468855381]	0.6831583558336232	0	0	0	0	0	0.125	0.25	0	0
53	1.0	50.0	[3, 3, 3, 3, 3, 2]	set()	9.905318087260987	6.661854106154356	7.28735716184632	0.0	0	[576.6064561903477, 641.9674940407276, 687.0912481099367, 717.3920370012521, 983.3109267055988, 995.8115425155132]	1.171466301206857	0	0	0	0	0	0.208625	1.5	0	0
114	1.0	50.0	[3, 3, 3]	set()	5.441758721576214	5.107615995051449	5.077512477854639	0.0	0	[298.30303438939154, 465.2222809381783, 980.7806245516986]	1.0771789732428414	0	0	0	0	0	0.472875	2.0	0	0
179	1.0	50.0	[3, 3, 3]	set()	4.67679592514384	4.006705266959722	4.005056277749516	0.0	0	[409.23097007907927, 729.5394605025649, 845.3557290106932]	1.268633955056191	0	0	0	0	0	0.22600000000000003	0.875	0	0
425	1.0	50.0	[3, 3, 3]	set()	3.0180900385543	2.8099252376818695	2.619626971706573	0.0	0	[104.7052587939724, 600.3138811793178, 975.8390644565224]	1.041932400916607	0	0	0	0	0	0.154125	0.875	0	0
298	1.0	50.0	[3, 2]	set()	3.8335632389115024	3.5460390456772304	3.5930064612867985	0.0	0	[457.9166271723807, 601.6444314736873]	1.0031227379171792	0	0	0	0	0	0.0	0.0	0	0
488	1.0	50.0	[2]	set()	5.413263278560661	4.559538865483397	4.4992573062380075	0.0	0	[613.3893495425582]	0.6672078199828104	0	0	0	0	0	0.0	0.0	0	0
364	1.0	50.0	[2, 3]	set()	5.222416864385648	4.769392464989794	4.773012457429299	0.0	0	[513.4342489764094, 534.5779440803856]	0.7797709402762026	0	0	0	0	0	0.05825	0.125	0	0
242	1.0	50.0	[3, 3, 3, 3]	set()	7.389331412965609	5.507776568725181	5.592021681425683	0.0	0	[301.6304182820022, 458.0267835408449, 708.3904199595947, 980.107900686562]	1.430377379948253	0	0	0	0	0	0.30562500000000004	1.375	0	0
54	1.0	50.0	[3, 3]	set()	4.923627188131388	4.131991858288873	4.276810563403295	0.0	0	[27.677679201588035, 802.8587635377011]	0.616814764794229	0	0	0	0	0	0.10362500000000001	0.375	0	0
115	1.0	50.0	[3]	set()	2.0762780882460055	2.034562206869018	2.03863942545234	0.0	0	[973.2401794753968]	0.12329193587774101	0	0	0	0	0	0.0135	0.5	0	0
426	1.0	50.0	[2, 2]	set()	4.397927943056521	3.2368861452340387	3.223124705618312	0.0	0	[397.4999063648284, 478.98062923923135]	0.9107095849003006	0	0	0	0	0	0.25	0.75	0	0
180	1.0	50.0	[3, 3, 3, 3]	set()	5.665110200216375	4.395633049737565	4.639801633303563	0.0	0	[107.5156993823212, 186.2253827065869, 333.3101050739455, 721.3331731036305]	1.4451770722691175	0	0	0	0	0	0.118	0.5	0	0
55	1.0	50.0	[2]	set()	3.198044400909253	2.8498407581821725	2.973578006608407	0.0	0	[83.06294796057045]	0.2861871482509842	0	0	0	0	0	0.125	0.25	0	0
365	1.0	50.0	[2, 2, 2, 3, 2]	set()	5.775631435893864	3.3010948064370367	3.739291074113751	0.0	0	[626.1100868601841, 675.6604153078007, 745.3750140872341, 917.6283106207848, 940.9476213064534]	1.1854051148116236	0	0	0	0	0	0.020749999999999998	0.5	0	0
489	1.0	50.0	[3]	set()	5.242105250395037	5.216896655138747	5.222618611270936	0.0	0	[195.84377482533452]	0.4945864064687411	0	0	0	0	0	0.149375	0.375	0	0
299	1.0	50.0	[3, 2, 3]	set()	6.571748683821495	5.608625972715229	5.56128305474275	0.0	0	[380.7468176819384, 859.1181579977274, 964.1828003805132]	1.0763693673034698	0	0	0	0	0	0.3275	1.375	0	0
116	1.0	50.0	[3, 3]	set()	5.722704152050153	5.221940849885806	5.163529125720903	0.0	0	[719.9510624632239, 858.8895267062994]	0.7871062396654636	0	0	0	0	0	0.339875	0.875	0	0
243	1.0	50.0	[3, 2]	set()	4.7059134253627795	4.018339845677788	4.2274445678541115	0.0	0	[541.0803002305329, 740.5355974309007]	1.00393238340392	0	0	0	0	0	0.317625	0.875	0	0
181	1.0	50.0	[3, 3, 3]	set()	4.773280607995364	4.134492511515688	4.070165291341372	0.0	0	[312.05454422160983, 496.1827280931175, 647.4226326681674]	1.3282111069114348	0	0	0	0	0	0.24812499999999998	0.875	0	0
427	1.0	50.0	[2, 3]	set()	6.6926760313652345	5.69553360070562	5.84106192996196	0.0	0	[340.4069421448845, 952.9850520193576]	0.8107769841843151	0	0	0	0	0	0.244	0.625	0	0
300	1.0	50.0	[2]	set()	2.30864741768806	2.1405406851443183	2.1510650742536384	0.0	0	[193.86460445821285]	0.4917784072391729	0	0	0	0	0	0.0	0.0	0	0
56	1.0	50.0	[3, 3]	set()	5.385640059467455	4.718437801262604	4.877836953537215	0.0	0	[404.9054328352213, 694.1168203484267]	1.0872051420454758	0	0	0	0	0	0.2985	0.875	0	0
490	1.0	50.0	[2, 3, 2, 3]	set()	6.693324455561422	4.743779568854386	5.296617146575489	0.0	0	[502.6577168609947, 679.3381617482792, 897.0196701120585, 948.0627609882504]	1.2893882654895956	0	0	0	0	0	0.0	0.0	0	0
366	1.0	50.0	[3, 3, 2, 2, 2]	set()	7.450533636518026	4.480220349716267	4.7380000242636555	0.0	0	[87.89735078678018, 435.8660653233528, 447.8526339865425, 924.0445631254356, 969.2641345318408]	1.2344341483621344	0	0	0	0	0	0.05437499999999999	0.25	0	0
244	1.0	50.0	[2, 2]	set()	4.669015041632536	3.788249984761943	3.8029745189029223	0.0	0	[660.2033339440823, 817.8804700292997]	0.8755497566923822	0	0	0	0	0	0.0	0.0	0	0
117	1.0	50.0	[2]	set()	3.2496903277841707	2.851636909438165	2.96742664508728	0.0	0	[884.9403290078044]	0.3569647688377428	0	0	0	0	0	0.125	0.25	0	0
428	1.0	50.0	[3]	set()	3.6735951977217227	3.1677968162921673	3.1865095540309922	0.0	0	[710.5178190395236]	0.6016873843229398	0	0	0	0	0	0.0	0.0	0	0
182	1.0	50.0	[2, 3]	set()	4.848895751340869	4.4569521296311	4.419467426398766	0.0	0	[539.2687432467937, 663.9483403414488]	0.9590657146003849	0	0	0	0	0	0.08425	0.25	0	0
301	1.0	50.0	[2, 3]	set()	6.234957661959074	5.172627597567082	5.054355900844566	0.0	0	[141.49819314479828, 879.9070324748755]	0.7551590829477086	0	0	0	0	0	0.125	0.375	0	0
491	1.0	50.0	[2, 3, 3]	set()	5.0603048956194865	3.9490728324618725	4.252063360995372	0.0	0	[261.1716529354453, 640.7281386200339, 719.1602420321855]	1.2746482077263437	0	0	0	0	0	0.25	1.0	0	0
57	1.0	50.0	[3, 3, 3, 3]	set()	6.178738062189766	5.362158995207102	5.378590789304424	0.0	0	[1.1141920903305902, 436.87128042802215, 617.4073142465204, 821.064034486475]	1.3105755434767747	0	0	0	0	0	0.422875	2.125	0	0
118	1.0	50.0	[3]	set()	4.350973440919907	4.205981362145691	4.21153152548875	0.0	0	[380.0175138749182]	0.6640726997995292	0	0	0	0	0	0.1425	0.375	0	0
245	1.0	50.0	[3, 3, 3]	set()	7.143117682463614	5.802542165314445	6.060515768528831	0.0	0	[76.60490181297064, 406.000342220068, 413.9426900073886]	0.9141557321939482	0	0	0	0	0	0.188	0.375	0	0
367	1.0	50.0	[3, 3, 3]	set()	4.851070745451945	4.344877323456258	4.223241930231733	0.0	0	[32.509395852684975, 895.1306852431647, 924.0267167876732]	0.5370828363669815	0	0	0	0	0	0.1385	0.75	0	0
183	1.0	50.0	[3]	set()	2.661669236302354	2.2389707834125607	2.2266640164632445	0.0	0	[660.5597964953631]	0.640663469672353	0	0	0	0	0	0.0	0.0	0	0
429	1.0	50.0	[3, 3, 3]	set()	5.509445585524591	4.635042098822851	4.702172837453631	0.0	0	[584.2765204142779, 619.9512539962831, 938.7997947633266]	0.9683196159151383	0	0	0	0	0	0.4425	2.125	0	0
302	1.0	50.0	[3, 3, 2]	set()	4.612384699081748	3.9353983000515345	3.9534407269055816	0.0	0	[218.05490041151643, 640.5094973742962, 696.1261592805386]	1.2187660786546388	0	0	0	0	0	0.12675	0.625	0	0
58	1.0	50.0	[3, 3]	set()	2.5342881532050385	2.2001170783739834	2.209496394601968	0.0	0	[746.3370556640552, 774.975826498121]	0.6557493836876336	0	0	0	0	0	0.31	1.125	0	0
492	1.0	50.0	[3]	set()	4.2163188988469065	3.87931144407463	3.838113308168861	0.0	0	[568.2907272130251]	0.6837907159616002	0	0	0	0	0	0.108	0.25	0	0
119	1.0	50.0	[3, 3]	set()	4.111742401561441	3.3163721520388916	3.326990694329364	0.0	0	[524.892924586311, 540.0015851482749]	0.7588719660029073	0	0	0	0	0	0.0575	0.125	0	0
430	1.0	50.0	[3]	set()	1.8442296717797346	1.569631104483178	1.6346030925578774	0.0	0	[905.3119346499444]	0.3132521649860187	0	0	0	0	0	0.011875	0.125	0	0
246	1.0	50.0	[2]	set()	3.3544858291648714	2.952005789501049	2.967684067957692	0.0	0	[781.3386342022568]	0.5252084682317081	0	0	0	0	0	0.0	0.0	0	0
184	1.0	50.0	[2]	set()	3.5482684110817724	3.340710840021017	3.2315005181502094	0.0	0	[905.1645363215356]	0.31358481828752166	0	0	0	0	0	0.125	0.25	0	0
368	1.0	50.0	[3, 2, 3, 3]	set()	8.320656051356401	6.177372454235876	6.12795008834035	0.0	0	[192.91206798546852, 608.1818777602166, 645.6023619975895, 656.8033550865948]	1.2226817789560904	0	0	0	0	0	0.044375	0.25	0	0
303	1.0	50.0	[3, 3]	set()	6.389049563702543	5.7940415042778115	5.733606898946026	0.0	0	[649.400265250284, 745.4793099313974]	0.8537025132632375	0	0	0	0	0	0.226	0.5	0	0
59	1.0	50.0	[3, 3, 2]	set()	4.249336155070903	3.19816588700262	3.0369825641681434	0.0	0	[207.3585279285908, 239.202830940485, 548.5625393358226]	1.157995422593534	0	0	0	0	0	0.15087499999999998	0.625	0	0
493	1.0	50.0	[2]	set()	4.046889376892575	3.7720097097329504	3.757447347999946	0.0	0	[613.2672321982682]	0.6672641556820131	0	0	0	0	0	0.0	0.0	0	0
120	1.0	50.0	[3]	set()	4.937015177362728	4.641605461706844	4.657545930777143	0.0	0	[804.7130163758993]	0.4937989671460722	0	0	0	0	0	0.3505	0.625	0	0
431	1.0	50.0	[3, 3, 3, 3, 3, 3, 3, 2, 3, 3]	set()	6.988731168412793	4.529218022330284	4.854839455570229	0.0	0	[136.54222039187758, 211.89618195496607, 273.7038067198325, 328.9841804653406, 469.7080145840395, 471.5447620901767, 626.623212919061, 712.7805348003502, 868.7054850161076, 878.0524997008845]	2.176641358395619	0	0	0	0	0	0.39374999999999993	4.75	0	0
369	1.0	50.0	[3, 2, 3]	set()	5.31530504583875	4.022999832573835	4.237161185857799	0.0	0	[356.52858088724315, 759.7890961644584, 994.9037060141565]	1.1012084010573702	0	0	0	0	0	0.08125	0.5	0	0
185	1.0	50.0	[3, 3, 3, 2, 2]	set()	7.479754212360571	5.4213289452667075	5.304158477292673	0.0	0	[187.1358137577772, 454.2448071936993, 478.0069461558014, 668.7386624980718, 712.9351603798568]	1.5672424916590335	0	0	0	0	0	0.20325	1.25	0	0
247	1.0	50.0	[2, 2, 3, 2, 3, 3]	set()	10.199635008396173	6.6641642677092054	7.3846230195796085	0.0	0	[20.451377145946022, 413.583199493587, 503.186818037121, 529.962161090225, 964.01230385527, 970.1135393868768]	1.2579518757671813	0	0	0	0	0	0.20137500000000003	2.0	0	0
304	1.0	50.0	[3]	set()	2.7595043172193003	2.5870565273850135	2.6224864410683777	0.0	0	[926.2305139563978]	0.263282067936245	0	0	0	0	0	0.00925	0.125	0	0
60	1.0	50.0	[3, 2, 3, 2]	set()	6.203343517386356	4.774298001745282	5.075264500280145	0.0	0	[127.36715213395657, 401.8434063016909, 677.0405555143952, 881.3313121223421]	1.5497984400474527	0	0	0	0	0	0.390875	2.0	0	0
494	1.0	50.0	[3, 3]	set()	4.272310393259314	3.6926055833243994	3.5942953360228302	0.0	0	[342.75015559978783, 635.340248933062]	1.0944543892497869	0	0	0	0	0	0.2895	0.875	0	0
121	1.0	50.0	[3, 3, 3]	set()	5.532809382288777	5.08236315636788	4.96722834630885	0.0	0	[153.18649378605187, 299.9263312667608, 978.8557831197976]	0.9134482525514926	0	0	0	0	0	0.12312500000000001	0.375	0	0
432	1.0	50.0	[3, 3, 2, 2]	set()	4.484817076342152	3.2794993994342634	3.6841088640961908	0.0	0	[452.9970078729093, 518.6956028919667, 822.4884381929447, 951.4154940843582]	1.3105819417236777	0	0	0	0	0	0.0685	0.5	0	0
370	1.0	50.0	[3]	set()	4.849430948996509	4.5308763101913785	4.528280105897177	0.0	0	[740.2024185284972]	0.5728450872183262	0	0	0	0	0	0.3425	0.625	0	0
305	1.0	50.0	[3]	set()	4.8424965585644895	4.741274005749753	4.735649122556789	0.0	0	[233.48003323189917]	0.5434472330561403	0	0	0	0	0	0.25	0.5	0	0
61	1.0	50.0	[3, 3, 3]	set()	4.408817336699345	3.3647098714437154	3.446524911477948	0.0	0	[99.13917910307646, 166.23927769251168, 290.4367843076612]	0.9129256401045618	0	0	0	0	0	0.173625	1.0	0	0
495	1.0	50.0	[2, 3, 3, 3]	set()	3.9404541644194646	3.24494743241746	3.242948722459497	0.0	0	[7.011126726865768, 225.58210685806745, 338.3510373532772, 494.334377348423]	1.2478753725016247	0	0	0	0	0	0.182875	0.75	0	0
122	1.0	50.0	[3, 3, 3, 3, 3, 2, 2]	set()	6.758335747279427	4.478707723704218	4.661423863779021	0.0	0	[122.73669429123402, 254.79144346900284, 319.3430609535426, 591.2691531066079, 670.5938783236007, 710.2078743963572, 948.5806906595826]	1.8791439600300934	0	0	0	0	0	0.210125	1.75	0	0
433	1.0	50.0	[3, 3, 3, 2]	set()	2.746444993131037	2.0048900683167736	2.092859325765087	0.0	0	[173.18006020362353, 535.5641669593751, 598.4696282539517, 708.5710363203578]	1.4477429458799276	0	0	0	0	0	0.137875	0.875	0	0
371	1.0	50.0	[3, 2]	set()	5.341719162124546	4.399600501720229	4.441484092651942	0.0	0	[712.6497922489085, 789.25755713135]	0.7663815841587625	0	0	0	0	0	0.12499999999999999	0.375	0	0
306	1.0	50.0	[2, 2, 2]	set()	5.593094648464769	4.419999530767547	4.7067570710997995	0.0	0	[48.46751503646374, 441.2368748321418, 683.6278912279633]	1.2213700411047124	0	0	0	0	0	0.125	0.5	0	0
123	1.0	50.0	[2]	set()	3.7144628991178665	3.335910797028535	3.3174415626186082	0.0	0	[832.948895636946]	0.4511794057442765	0	0	0	0	0	0.0	0.0	0	0
307	1.0	50.0	[3, 3, 3]	set()	7.702885043447811	5.97882395483925	5.8592663466466295	0.0	0	[140.1534858159721, 577.7251017279923, 923.7979361787438]	1.2004554844296358	0	0	0	0	0	0.233875	0.875	0	0
308	1.0	50.0	[3, 3]	set()	5.1320833215005335	4.940984350374674	4.951641802047488	0.0	0	[344.0811112523079, 619.831059128046]	1.090006787163278	0	0	0	0	0	0.310875	0.875	0	0
309	1.0	50.0	[3]	set()	2.0023801599003974	1.9258445608349744	1.928151011448027	0.0	0	[450.3658376634121]	0.6882119562470544	0	0	0	0	0	0.1375	0.25	0	0
