iter	recomb_rate	mut_rate	recomb_type	recomb_node	ARG_length_1	ARG_length_2	ARG_length_3	ARG_length_4	root_height_change	bp	bp_pos_deviation	rank_stat	info_sites_global	confounding_info_sites	consistent_info_sites	weighted_consistent_info_sites	rf_dist	no_neu_recurr_mut	no_adv_recurr_mut	info_sites_imbalance
0	1.0	150.0	[3]	set()	1.7162649630958149	1.6515112945211143	1.6554415603312047	0.0	0	[154.47702119126916]	0.43039696488233803	0	0	0	0	0	0.202	0.75	0	0
496	1.0	150.0	[3]	set()	2.3688800469775644	2.286652464901151	2.2449149060859837	0.0	0	[859.1187773272395]	0.406559940497129	0	0	0	0	0	0.0705	0.5	0	0
310	1.0	150.0	[3, 3, 2]	set()	5.841898979806453	3.9779750455238525	4.573019624495742	0.0	0	[350.5331149790436, 415.3724075049501, 521.0261265747249]	1.134897209393703	0	0	0	0	0	0.0	0.0	0	0
186	1.0	150.0	[2, 3]	set()	3.9984433843808613	3.206618217212291	3.2005256154713058	0.0	0	[397.4418271277149, 555.0728403031826]	1.0182671729095771	0	0	0	0	0	0.069375	0.25	0	0
62	1.0	150.0	[3, 2, 3]	set()	4.414189143270088	3.380227841058405	3.540317727661021	0.0	0	[428.9682530798018, 527.8203073543208, 863.7378145940602]	1.2298667109957626	0	0	0	0	0	0.017125	0.125	0	0
372	1.0	150.0	[3, 3]	set()	4.6798933324379615	3.8555641933302667	3.9322562978416133	0.0	0	[217.93237290992585, 290.3800755739212]	0.7656205244778678	0	0	0	0	0	0.152125	0.5	0	0
248	1.0	150.0	[3, 3]	set()	4.789806081750511	4.360775902623449	4.401338726244731	0.0	0	[312.2962359338999, 811.3450109958649]	1.02496135489082	0	0	0	0	0	0.140625	0.5	0	0
434	1.0	150.0	[3, 3, 3, 3, 3]	set()	6.6082382040219985	5.29649667452195	5.603754965637857	0.0	0	[47.50811281598821, 536.4694888703525, 624.7424796957968, 626.4589265920222, 834.4201047439124]	1.3441303554648472	0	0	0	0	0	0.46499999999999997	3.0	0	0
249	1.0	150.0	[3]	set()	2.3506884339083847	2.282209232253081	2.233419098248303	0.0	0	[834.3501146882772]	0.44892103449109744	0	0	0	0	0	0.31224999999999997	0.875	0	0
124	1.0	150.0	[3, 2, 2, 3, 3, 3, 3, 3]	set()	8.00698105869146	4.818612960696254	5.075066127391639	0.0	0	[124.29159924512322, 192.2311523399194, 220.1652186539298, 228.2454045121072, 535.8239901252091, 580.981930118348, 591.6919161937994, 690.227311803028]	1.723218743489352	0	0	0	0	0	0.24475000000000002	2.125	0	0
187	1.0	150.0	[3, 2]	set()	4.041405986696569	3.352097596916628	3.3572462990482546	0.0	0	[510.6531335040927, 571.5496058110148]	0.87676172548939	0	0	0	0	0	0.18875	0.5	0	0
63	1.0	150.0	[3, 3]	set()	4.323558968956483	3.7572051829529203	3.782081091336142	0.0	0	[623.9408778488595, 994.3931277375668]	0.6912478594653327	0	0	0	0	0	0.174375	1.0	0	0
373	1.0	150.0	[3, 3, 3, 2, 3]	set()	5.499527564240443	3.4323296777428496	3.739398255580727	0.0	0	[11.760595720261335, 195.6854029558599, 261.5146371535957, 387.8199371974915, 838.4377434307332]	1.4578221279763224	0	0	0	0	0	0.31525	2.25	0	0
311	1.0	150.0	[3, 3]	set()	4.933329516999692	4.42541887600132	4.26636169039235	0.0	0	[159.34734641298175, 705.706172157079]	0.9829042530690059	0	0	0	0	0	0.321125	1.0	0	0
1	1.0	150.0	[3, 3, 3, 3, 3]	set()	9.655287353392723	6.732620432188667	6.671165135575753	0.0	0	[203.7727619245735, 403.72147732658937, 502.7104443870485, 586.9530833758482, 641.2854848654508]	1.6093798217293127	0	0	0	0	0	0.394	2.25	0	0
497	1.0	150.0	[3, 3, 2, 3, 3, 2]	set()	9.033700166286955	6.486950225822227	6.991885569078832	0.0	0	[178.0306941521015, 330.9977618046105, 386.425356846303, 504.2405258864165, 909.6367084421216, 982.4265870265664]	1.634515545819746	0	0	0	0	0	0.11737500000000001	1.0	0	0
250	1.0	150.0	[2]	set()	4.9202591190729486	4.61871916673591	4.62063709562882	0.0	0	[797.1774598117918]	0.5042904862158093	0	0	0	0	0	0.0	0.0	0	0
188	1.0	150.0	[3, 2]	set()	5.378318677014601	5.1005398315607495	5.055197376859039	0.0	0	[149.5653281453997, 732.8917263075709]	0.9512051852216804	0	0	0	0	0	0.055875	0.375	0	0
125	1.0	150.0	[2, 3, 2, 3, 3]	set()	8.264688758319798	5.639214423115799	5.930609485652759	0.0	0	[295.20886354588873, 656.78586717695, 793.3334149420261, 939.094250507753, 962.1766925585042]	1.491438463353584	0	0	0	0	0	0.050625	0.75	0	0
435	1.0	150.0	[3, 2, 3, 2, 2, 2, 2]	set()	7.18864390603893	5.0217083806461424	4.6678918248246415	0.0	0	[30.794359743595123, 191.84567740547377, 240.6898085027933, 254.5154091871531, 575.600054115057, 671.7588061079235, 831.1129069071335]	1.7909117321270662	0	0	0	0	0	0.0375	0.625	0	0
374	1.0	150.0	[3, 3]	set()	3.458752019515007	3.1644268813021705	3.1916081905424445	0.0	0	[879.821116104722, 926.8225766718388]	0.44770925812965723	0	0	0	0	0	0.149375	0.75	0	0
64	1.0	150.0	[3, 3, 3, 3]	set()	6.3372042477956105	4.752471928263347	4.770211295161706	0.0	0	[78.45706345975545, 364.9119850045261, 463.0675211014492, 991.573505103588]	1.1629235273550638	0	0	0	0	0	0.11424999999999999	0.875	0	0
2	1.0	150.0	[3, 3, 2]	set()	4.387311802490298	3.773228021294108	3.8391212589363506	0.0	0	[158.33701938390732, 487.7179879695177, 537.4574438274466]	1.1635046131635725	0	0	0	0	0	0.330625	1.375	0	0
251	1.0	150.0	[3, 2]	set()	4.8594414386650975	4.665885479731658	4.487664567144138	0.0	0	[35.18873010762036, 891.1191821098328]	0.49237489015287395	0	0	0	0	0	0.00875	0.25	0	0
189	1.0	150.0	[2, 2]	set()	2.651487894767316	2.1795777776529555	2.2582053510827915	0.0	0	[166.7201742529869, 458.1373748369515]	0.9900085616800653	0	0	0	0	0	0.0	0.0	0	0
126	1.0	150.0	[3, 3]	set()	3.5819809424175237	2.9727935069833227	3.012059115856169	0.0	0	[126.15847634151578, 571.9197895377874]	0.9845402316772236	0	0	0	0	0	0.14075000000000001	0.5	0	0
312	1.0	150.0	[3, 2, 3, 3, 3, 3]	set()	12.576034898636342	8.35965318136704	8.389937100716162	0.0	0	[160.03519273363054, 404.7798324067156, 552.3301520561181, 594.7498965910615, 625.5342058348517, 646.4534229598939]	1.6097782493453512	0	0	0	0	0	0.19974999999999998	1.25	0	0
498	1.0	150.0	[3, 3, 3]	set()	5.388709024530337	4.560202319125569	4.578829164295798	0.0	0	[428.8690880169681, 457.9517183925232, 947.9854244273156]	0.9692641218406886	0	0	0	0	0	0.128625	0.625	0	0
436	1.0	150.0	[3, 2, 3, 3]	set()	5.252435820233263	3.7516587046621153	3.9016285399391384	0.0	0	[236.48854228667915, 476.8745310138911, 717.1690694522113, 851.7156119371964]	1.5791868961420614	0	0	0	0	0	0.160375	0.875	0	0
375	1.0	150.0	[3, 3]	set()	3.369721100910547	3.1428398678276883	3.164315217527421	0.0	0	[442.3520462587476, 730.4135488547955]	1.0727118116597185	0	0	0	0	0	0.464	1.375	0	0
3	1.0	150.0	[3]	set()	2.9334617783681534	2.528150669514036	2.5286303889541526	0.0	0	[687.791186850518]	0.6208565887773134	0	0	0	0	0	0.0	0.0	0	0
65	1.0	150.0	[3, 3, 2]	set()	4.5242048831	3.6781991163916805	3.8798299821469886	0.0	0	[23.68380742664605, 49.06711704097688, 301.7067874316126]	0.7802451579619909	0	0	0	0	0	0.002875	0.125	0	0
127	1.0	150.0	[3]	set()	2.4095967881300044	2.0779118581117917	2.0555167004484156	0.0	0	[784.6621191129088]	0.5209436175783797	0	0	0	0	0	0.027	0.125	0	0
190	1.0	150.0	[3, 3]	set()	5.151513273939591	4.643735681504614	4.636144140197761	0.0	0	[538.5969993658364, 642.2490000259131]	0.9359655606285937	0	0	0	0	0	0.18275	0.625	0	0
313	1.0	150.0	[3, 2, 3, 3, 3]	set()	6.395619841431846	4.523291012342228	4.701168605644687	0.0	0	[176.06970936606703, 609.1680574699643, 811.2627808004618, 970.2614173293114, 987.5919059850276]	1.4084974065125486	0	0	0	0	0	0.06975	0.75	0	0
66	1.0	150.0	[3]	set()	4.973229509807439	4.226420423692653	4.363461707542665	0.0	0	[25.58492962270975]	0.11904280927496699	0	0	0	0	0	0.003125	0.125	0	0
376	1.0	150.0	[3, 2, 3]	set()	3.9722113990368997	3.3506110416742945	3.42805524983875	0.0	0	[631.377998739481, 702.8175753685397, 732.9378786962479]	0.9369548654571487	0	0	0	0	0	0.171125	0.875	0	0
4	1.0	150.0	[3, 2]	set()	4.918841124716102	3.8205864807245784	3.759679835284166	0.0	0	[809.9729586392641, 974.7592532075942]	0.5607006763451278	0	0	0	0	0	0.0	0.0	0	0
499	1.0	150.0	[3, 3, 3]	set()	5.842029982772948	4.4962024466806785	4.632218458589603	0.0	0	[631.5766600891948, 793.8372013159096, 807.3926568031311]	0.9608568350524531	0	0	0	0	0	0.30175	1.5	0	0
252	1.0	150.0	[3, 3, 3, 3, 3, 3]	set()	6.671102543727654	5.0871895527692	5.386972987830262	0.0	0	[242.24619076993403, 493.4157506207013, 547.8621118236333, 559.0519205676516, 592.9233294446021, 811.2720524249996]	1.660828840545202	0	0	0	0	0	0.26387499999999997	2.25	0	0
128	1.0	150.0	[3, 3]	set()	4.167597409146605	3.7273716851958616	3.7047464067260885	0.0	0	[498.0106516741216, 561.0292930113548]	0.8827985531229234	0	0	0	0	0	0.18825	0.75	0	0
67	1.0	150.0	[3, 3]	set()	2.8541239422742466	2.605836188321034	2.5994379459357075	0.0	0	[403.9867588908548, 820.1221986673772]	1.0395835462381418	0	0	0	0	0	0.0675	0.375	0	0
437	1.0	150.0	[3, 2, 3]	set()	6.574708320170544	5.694619767624991	5.854858449382073	0.0	0	[319.94154341012137, 543.9291845541447, 686.7855422724682]	1.3413199474218165	0	0	0	0	0	0.16425	0.625	0	0
314	1.0	150.0	[3]	set()	3.662472803851437	3.480504612698487	3.3921165063777594	0.0	0	[89.92841886356473]	0.30237217919130405	0	0	0	0	0	0.02225	0.25	0	0
5	1.0	150.0	[3]	set()	2.4191357620959053	2.333176487750624	2.297105181969851	0.0	0	[727.0565812941641]	0.586164502850658	0	0	0	0	0	0.19324999999999998	0.5	0	0
191	1.0	150.0	[3, 3, 3, 3, 3]	set()	6.512523524635499	5.039024997359971	4.842938931034281	0.0	0	[135.00019535422325, 165.4263192388079, 175.00056233257055, 516.1459485216237, 716.5707778185606]	1.4674796723541368	0	0	0	0	0	0.348375	1.875	0	0
253	1.0	150.0	[3, 3]	set()	6.174735316544872	5.693798889529019	5.749058259050451	0.0	0	[228.89934154227376, 895.3844895586371]	0.8440895406620108	0	0	0	0	0	0.081	0.625	0	0
377	1.0	150.0	[2, 3]	set()	6.19492049574385	5.265783747177512	5.092412464093207	0.0	0	[81.56739245168865, 279.82969395816326]	0.7616639923779183	0	0	0	0	0	0.159875	0.625	0	0
438	1.0	150.0	[3, 3]	set()	3.3944559306839297	2.790730730128094	2.739450780128699	0.0	0	[512.4600608833134, 901.1925216764212]	0.9385934974858381	0	0	0	0	0	0.134375	0.625	0	0
129	1.0	150.0	[3, 3, 3]	set()	9.640773302187434	7.146985647003792	7.236550599836034	0.0	0	[26.152772596105933, 260.22305709440616, 303.3648626360431]	0.8226319501183017	0	0	0	0	0	0.0065	0.25	0	0
315	1.0	150.0	[2, 2, 3]	set()	3.339633440839414	2.800915200016135	2.746210188079955	0.0	0	[445.7606531119365, 595.883778994903, 704.0093708783388]	1.2457094128081607	0	0	0	0	0	0.074	0.25	0	0
6	1.0	150.0	[3, 2, 3, 3, 2, 3]	set()	7.0178078867362546	4.907403728310647	4.802621406447204	0.0	0	[78.53532559238374, 194.27310289968517, 368.7420142139928, 401.339821149576, 922.7883599959569, 993.0155101152094]	1.4263481083781577	0	0	0	0	0	0.135625	1.125	0	0
192	1.0	150.0	[2, 3]	set()	5.075629391351113	4.364042121295752	4.376783171995967	0.0	0	[105.04081837996448, 619.9954841285944]	0.946144684845265	0	0	0	0	0	0.142875	0.375	0	0
439	1.0	150.0	[3]	set()	2.434698783538169	2.242136333663004	2.277530262859137	0.0	0	[165.96571262925863]	0.449431296063841	0	0	0	0	0	0.104375	0.125	0	0
378	1.0	150.0	[2, 2]	set()	3.8219189883005154	2.8944114326611543	3.07539601717762	0.0	0	[677.7091696858406, 960.6686227489264]	0.7481424226206808	0	0	0	0	0	0.0	0.0	0	0
68	1.0	150.0	[2, 3, 2, 3, 3, 3, 2, 2]	set()	10.82336646427992	7.6173098022470676	8.44798453339808	0.0	0	[36.096061347052455, 46.91507047744459, 179.40462066349772, 181.7308442952114, 291.0247963721524, 409.0814618724585, 491.05953614167095, 496.8290448505157]	1.5253368413541886	0	0	0	0	0	0.064875	0.875	0	0
254	1.0	150.0	[3, 2, 2]	set()	4.970829684799954	4.446529828877631	4.504183328082229	0.0	0	[642.3747320751359, 720.7771758548915, 934.5920719206332]	0.992124351082742	0	0	0	0	0	0.375	1.5	0	0
316	1.0	150.0	[2, 3]	set()	4.533197156834529	3.924657346220831	3.9308053339901883	0.0	0	[371.564242798297, 545.6018769182265]	1.0305838697237462	0	0	0	0	0	0.27249999999999996	1.0	0	0
130	1.0	150.0	[2, 3, 3, 3]	set()	5.433366238518304	4.533358934567991	4.440854146971615	0.0	0	[111.22803429887806, 676.8705104477704, 761.9511852645901, 817.5389752723277]	1.2472703887787275	0	0	0	0	0	0.25875000000000004	1.75	0	0
440	1.0	150.0	[3]	set()	2.21692009090995	2.09852785292956	2.0907507990856726	0.0	0	[441.76374026574194]	0.6863488368170403	0	0	0	0	0	0.11025	0.25	0	0
193	1.0	150.0	[3]	set()	5.103080981239694	4.657977861995937	4.550511026641271	0.0	0	[161.86487255617976]	0.44274936582225927	0	0	0	0	0	0.0	0.0	0	0
379	1.0	150.0	[3, 2, 3]	set()	6.83262345242531	4.8806320080092105	4.85526050665358	0.0	0	[256.0747198294848, 518.0493369698524, 797.7334721945226]	1.3793640997343686	0	0	0	0	0	0.057375	0.25	0	0
69	1.0	150.0	[3, 3, 3]	set()	6.094438875261997	5.115618120521027	5.018027855120463	0.0	0	[34.56587065011263, 81.78392155720626, 677.2957944776863]	0.9341246774474459	0	0	0	0	0	0.12925	0.625	0	0
441	1.0	150.0	[3]	set()	2.974558583619646	2.6529760547030605	2.6590300540280385	0.0	0	[516.3825696799904]	0.6926103072967925	0	0	0	0	0	0.25	0.5	0	0
317	1.0	150.0	[3, 3]	set()	4.061230194955163	3.3025462231576608	3.326707734056668	0.0	0	[643.1314684450626, 825.8865899406374]	0.8988529273780848	0	0	0	0	0	0.271875	0.875	0	0
255	1.0	150.0	[3, 2, 2]	set()	5.666542349382714	5.128046276408658	5.090203293046357	0.0	0	[435.3418780956417, 723.3747215941548, 795.7954448647797]	1.23507907144895	0	0	0	0	0	0.12499999999999999	0.5	0	0
7	1.0	150.0	[2, 2, 3, 2, 3, 2, 3]	set()	9.079199223520577	5.772537715628545	6.363716574274843	0.0	0	[5.951111670583487, 230.89149687439203, 289.8656690200574, 564.4481023773551, 620.6491747871041, 901.1176136064636, 970.1883704536862]	1.6955967231108948	0	0	0	0	0	0.045125	0.375	0	0
131	1.0	150.0	[3, 2]	set()	4.293882328990485	3.5168802013272114	3.459781028791271	0.0	0	[462.7674957737327, 808.9184568825649]	1.0400516791442802	0	0	0	0	0	0.125	0.375	0	0
194	1.0	150.0	[3, 2, 2, 3, 3]	set()	7.43973630237077	4.8677751535714755	5.590674085040698	0.0	0	[17.46359094977379, 37.120928790770336, 53.22639620862901, 342.7382029044384, 708.1778253485264]	1.3005685771764508	0	0	0	0	0	0.002125	0.125	0	0
380	1.0	150.0	[3, 3, 3, 3, 3]	set()	5.440947785735586	4.532073059087744	4.465460334397074	0.0	0	[221.37800506957683, 234.07313413918015, 439.3232904840261, 514.8840831534795, 895.8379665682927]	1.5126689717420403	0	0	0	0	0	0.22999999999999998	1.5	0	0
318	1.0	150.0	[2, 2, 3, 3]	set()	5.247885388409464	3.517195160650014	3.673859679336777	0.0	0	[498.7956443801522, 654.6399388462305, 799.4544028770179, 799.782090340523]	1.2411150439093612	0	0	0	0	0	0.02525	0.25	0	0
8	1.0	150.0	[3, 3]	set()	3.3061739719139367	2.9009346068387907	2.8195778237367723	0.0	0	[48.7555880099535, 261.216189712286]	0.7000554406016655	0	0	0	0	0	0.15762500000000002	0.625	0	0
70	1.0	150.0	[3, 3, 3]	set()	6.13924914412425	4.988975328582816	5.014764345273984	0.0	0	[99.87608599476516, 158.4580377078635, 594.4064672019538]	1.1242604476130722	0	0	0	0	0	0.207875	1.0	0	0
256	1.0	150.0	[3, 3, 3]	set()	6.118637357489044	4.601098448059988	4.986944971587075	0.0	0	[662.6046400051564, 690.5041914433241, 716.123467476116]	0.8239105943265055	0	0	0	0	0	0.07425	0.375	0	0
442	1.0	150.0	[3, 3, 3, 3]	set()	6.406790271549474	5.6789961340218404	5.570291194422172	0.0	0	[12.15969305485487, 127.21210311476749, 158.08579502546283, 179.78507109115327]	0.6554554504987127	0	0	0	0	0	0.080375	1.625	0	0
132	1.0	150.0	[3, 3, 3, 2]	set()	8.844231768587901	6.990101219240756	7.129843953795733	0.0	0	[39.371040649712086, 349.9021171592176, 509.22687189467626, 862.3504131101072]	1.4237057333271046	0	0	0	0	0	0.166375	0.75	0	0
9	1.0	150.0	[3]	set()	2.616956993942593	2.53026061351592	2.521914820378604	0.0	0	[284.5231592655182]	0.5971746915373972	0	0	0	0	0	0.0895	0.125	0	0
381	1.0	150.0	[3]	set()	4.349933117375758	4.181560286976182	4.0526186750882625	0.0	0	[159.46173388510942]	0.4387762325706376	0	0	0	0	0	0.21025	0.25	0	0
195	1.0	150.0	[2, 3, 3, 3, 3, 3, 3]	set()	7.6597980639847565	5.285716482316671	5.347361064599372	0.0	0	[63.96782519565591, 298.3839189616588, 739.9891200475395, 768.7102880890526, 808.2050094528141, 829.8396807126637, 835.3244883271947]	1.5149908654109194	0	0	0	0	0	0.168125	1.75	0	0
319	1.0	150.0	[2, 2, 3]	set()	4.871484112925744	3.480956380071634	3.6356021439556607	0.0	0	[370.06837539062417, 675.2564515918493, 895.7962822169065]	1.2991104529306865	0	0	0	0	0	0.013125	0.125	0	0
71	1.0	150.0	[3, 3]	set()	4.672125232495821	4.462437765933453	4.448661068856872	0.0	0	[48.46242722123861, 658.1904096528888]	0.8152854895371346	0	0	0	0	0	0.10950000000000001	0.75	0	0
257	1.0	150.0	[2, 3, 3, 3, 3]	set()	5.916607324983839	4.229574242098134	4.150620809868374	0.0	0	[78.15596085158604, 129.80180559679866, 328.28370221945755, 469.3994087249171, 984.7680195234716]	1.3549136729675009	0	0	0	0	0	0.12712500000000002	1.75	0	0
133	1.0	150.0	[3]	set()	3.350025604413389	2.9963484492293935	3.0174578285602456	0.0	0	[575.8673935197294]	0.681590872608258	0	0	0	0	0	0.071875	0.125	0	0
10	1.0	150.0	[3]	set()	2.6174008987258772	2.434206644607405	2.4291119701951627	0.0	0	[454.8617650289089]	0.6890667069320361	0	0	0	0	0	0.06825	0.125	0	0
443	1.0	150.0	[2, 3, 3]	set()	5.8676699736197895	4.83710489076534	4.945742678746812	0.0	0	[626.4822313553251, 835.2576973848045, 893.6094068680134]	1.024186435367097	0	0	0	0	0	0.061875	0.75	0	0
382	1.0	150.0	[3]	set()	4.376735870709078	4.175914712806319	4.161902542778325	0.0	0	[256.3353672157973]	0.5691888191802673	0	0	0	0	0	0.157	0.375	0	0
258	1.0	150.0	[3, 2]	set()	2.9243560485973696	2.4145244630427904	2.424276262758737	0.0	0	[79.23828181810677, 211.1818070989102]	0.655251413243687	0	0	0	0	0	0.029625	0.375	0	0
196	1.0	150.0	[3, 3, 2]	set()	7.2387458416714505	5.76233829287397	5.922316538739352	0.0	0	[877.3404518142343, 896.2318170999567, 909.8969027400016]	0.4653128928805216	0	0	0	0	0	0.015375	0.375	0	0
11	1.0	150.0	[3, 3]	set()	1.7085203949005194	1.308504368406303	1.3787227388816707	0.0	0	[605.6377198547125, 930.3976278752089]	0.8544458833056854	0	0	0	0	0	0.174375	0.625	0	0
72	1.0	150.0	[2, 2, 3, 2]	set()	6.48587829421995	4.969209943271631	5.195518175594875	0.0	0	[48.76153124496341, 64.90878900513053, 65.8583240583539, 342.12449472397566]	0.8513961671223107	0	0	0	0	0	0.01625	0.75	0	0
320	1.0	150.0	[3, 3, 3]	set()	7.618602883564906	6.463742112592121	6.388559546778029	0.0	0	[560.4942280035732, 593.8940430060029, 823.7985961604863]	1.0819120335257808	0	0	0	0	0	0.147125	0.625	0	0
444	1.0	150.0	[3]	set()	3.102550104668137	2.722278232680043	2.847530331837505	0.0	0	[885.804919525981]	0.3551972654534947	0	0	0	0	0	0.014375	0.125	0	0
383	1.0	150.0	[3, 3, 3]	set()	6.539012153724473	5.2255281762168995	5.426902210199366	0.0	0	[214.57572315479732, 398.8881697685782, 476.8158290535212]	1.1797463620617286	0	0	0	0	0	0.369	1.75	0	0
134	1.0	150.0	[3, 3, 3, 3, 3, 3]	set()	7.716064663226596	5.421113066859015	5.517307731984116	0.0	0	[199.0506248548627, 364.9710062891245, 706.5325792157057, 743.3436564729079, 793.6594602651894, 813.6426534038037]	1.649508473164052	0	0	0	0	0	0.39262500000000006	3.0	0	0
197	1.0	150.0	[2, 3, 3, 3]	set()	5.06527822593939	3.4718951072731006	3.5221140930846344	0.0	0	[214.81873281300068, 650.0942790880799, 869.8744233697653, 982.6118927448988]	1.341956887950344	0	0	0	0	0	0.240375	1.375	0	0
12	1.0	150.0	[3, 2]	set()	4.906846135934776	4.242880851022738	4.021472257443348	0.0	0	[532.8254625201225, 897.0822258852422]	0.9373248732749667	0	0	0	0	0	0.1755	0.75	0	0
259	1.0	150.0	[2, 2]	set()	4.616340444268581	4.220506914698216	4.240337136162612	0.0	0	[142.72458292543888, 376.7942870035768]	0.9124634890958341	0	0	0	0	0	0.0	0.0	0	0
445	1.0	150.0	[2, 3]	set()	3.4036198596048304	3.048138523514642	3.0907942324219557	0.0	0	[377.1102800965309, 857.9505495727062]	0.9970663911286315	0	0	0	0	0	0.142875	0.5	0	0
73	1.0	150.0	[3, 3, 2]	set()	4.305025310204847	3.6342117820901736	3.6193638834017046	0.0	0	[408.426929730922, 458.9882508396976, 626.4897831715643]	1.18374852273109	0	0	0	0	0	0.102	0.25	0	0
384	1.0	150.0	[2, 2, 3, 3]	set()	5.545446946054609	4.08564954081592	4.291287177538028	0.0	0	[155.17081134021282, 397.7254689671099, 448.6864839989597, 614.9387508630753]	1.4501818622783618	0	0	0	0	0	0.02075	0.125	0	0
321	1.0	150.0	[3, 3, 2]	set()	9.704618457064559	7.138680296925324	7.800094723704991	0.0	0	[216.8934803334608, 400.6377949845046, 427.5569878518581]	1.059433807942606	0	0	0	0	0	0.0	0.0	0	0
135	1.0	150.0	[3, 3, 2]	set()	6.42567854235287	4.8128320440262655	4.794004773173277	0.0	0	[433.0141141918746, 635.1642403751612, 649.4207673666041]	1.1136768011547704	0	0	0	0	0	0.2415	1.125	0	0
198	1.0	150.0	[3, 3]	set()	4.295820123122042	3.537062864744429	3.707282681562686	0.0	0	[258.8580802548677, 952.5936779100448]	0.7480565610783554	0	0	0	0	0	0.05025	0.5	0	0
13	1.0	150.0	[3, 3, 3, 3, 3, 3, 3]	set()	8.01839717541491	5.307810172097403	5.680362160852406	0.0	0	[30.82861078515098, 106.9390345364809, 182.63356773756144, 451.349435839802, 705.3842481232543, 841.7679714038968, 866.4461199429052]	1.8318277830408896	0	0	0	0	0	0.236	2.75	0	0
446	1.0	150.0	[3, 3, 3, 3, 3, 3, 3]	set()	8.223760818688595	5.692738180998761	5.875827509153751	0.0	0	[196.8398275295096, 223.86691579595208, 369.93150948363774, 619.6686576140378, 771.3594671605897, 900.8400503001692, 976.4822381470252]	1.8792292482956006	0	0	0	0	0	0.218	1.5	0	0
385	1.0	150.0	[3, 3, 2]	set()	3.0453428798298594	2.481291531005399	2.5199561808209405	0.0	0	[79.00588517077267, 246.98403617367148, 996.6301679377976]	0.7353927802961074	0	0	0	0	0	0.240125	0.875	0	0
260	1.0	150.0	[3, 2, 3, 3]	set()	7.313028520374851	5.629736059276123	5.70273488268837	0.0	0	[320.30037657212904, 389.99691225270783, 544.8454333355927, 953.6654334515332]	1.347159973622864	0	0	0	0	0	0.18187499999999998	1.0	0	0
199	1.0	150.0	[3, 3, 2]	set()	3.6807594838992808	3.1003228147607613	3.0505961629603346	0.0	0	[254.45529981516304, 552.2766634821892, 593.2532995939255]	1.2057999021424617	0	0	0	0	0	0.09525	0.375	0	0
74	1.0	150.0	[2, 2, 2, 3, 2, 2]	set()	10.091222673564607	6.424518464432104	6.863798083338427	0.0	0	[274.1848344448954, 278.4018684178591, 419.9443808016405, 507.0264066724983, 697.5712495921338, 763.2775137898058]	1.7030131380312898	0	0	0	0	0	0.061625	0.375	0	0
322	1.0	150.0	[3, 2]	set()	4.654969246349407	3.996957122585477	4.1881918880977125	0.0	0	[68.55903659015894, 530.6020750386228]	0.8954922117358826	0	0	0	0	0	0.017	0.25	0	0
136	1.0	150.0	[2]	set()	5.330941490486507	4.987040531521687	4.892980463885435	0.0	0	[207.07195857539773]	0.5100513061302223	0	0	0	0	0	0.0	0.0	0	0
447	1.0	150.0	[2, 3]	set()	4.051596321989673	3.2909743979690163	3.3989629902862712	0.0	0	[717.9549997672439, 992.8769147274264]	0.6281106327273664	0	0	0	0	0	0.126	0.5	0	0
386	1.0	150.0	[3, 3]	set()	3.519649228204133	3.136989267270492	3.115726936619318	0.0	0	[722.9792994912714, 920.7487471004792]	0.7559442913255452	0	0	0	0	0	0.04475	0.375	0	0
75	1.0	150.0	[3, 3]	set()	4.018508981406287	3.04761871910784	3.0792550079811547	0.0	0	[231.5057443920523, 271.80124167352915]	0.6991083741435961	0	0	0	0	0	0.033875	0.25	0	0
323	1.0	150.0	[3]	set()	3.6656026338878	3.2438096862174746	3.233534037341248	0.0	0	[318.55650898069143]	0.6257766030853249	0	0	0	0	0	0.08525	0.125	0	0
200	1.0	150.0	[3]	set()	3.9107956747023063	3.4181314874664523	3.4193151400648008	0.0	0	[271.47233951836824]	0.5847177693322885	0	0	0	0	0	0.0	0.0	0	0
14	1.0	150.0	[3, 3, 3]	set()	7.909460879068891	7.253583635370032	7.323755834658852	0.0	0	[193.7514340607933, 232.5224638916552, 532.4546893897768]	1.1606233964138255	0	0	0	0	0	0.340625	1.5	0	0
261	1.0	150.0	[3, 3]	set()	9.594099601791944	8.261011326387631	8.004146844143534	0.0	0	[106.72290064394474, 624.8793703006727]	0.9472796993975239	0	0	0	0	0	0.078	0.25	0	0
137	1.0	150.0	[2, 3]	set()	5.0059199414599895	4.586561231466555	4.479526606800317	0.0	0	[488.1212473566714, 817.2003589570522]	1.0264769330875383	0	0	0	0	0	0.022875	0.125	0	0
448	1.0	150.0	[3, 3, 2]	set()	7.3964937447446895	6.413657540334932	6.450709161197307	0.0	0	[105.79287121072412, 118.93141455948351, 223.5513848050561]	0.727190509888023	0	0	0	0	0	0.042625	0.625	0	0
387	1.0	150.0	[2]	set()	5.319451756816863	4.46369757060364	4.558348388218515	0.0	0	[215.0307660922408]	0.5205462251665556	0	0	0	0	0	0.0	0.0	0	0
324	1.0	150.0	[2, 3, 2]	set()	4.509553914251597	3.9979226549931255	3.9482613728331226	0.0	0	[480.7033292017877, 762.7480498049408, 763.928234577179]	1.0578533542568571	0	0	0	0	0	0.0595	0.5	0	0
76	1.0	150.0	[3, 2]	set()	4.128235794997606	3.866914694804459	3.8586403337491424	0.0	0	[21.678578359467515, 620.4302837140858]	0.757860313112362	0	0	0	0	0	0.13024999999999998	0.625	0	0
15	1.0	150.0	[3]	set()	2.4879859497841004	2.4474955341040165	2.452319890215925	0.0	0	[690.7828501425683]	0.6184728576800518	0	0	0	0	0	0.155	0.5	0	0
201	1.0	150.0	[3, 3, 3, 2]	set()	10.00431660215079	7.641024455364592	8.302177461808974	0.0	0	[255.0448309630156, 464.1269965499457, 720.472814515233, 952.9347522184252]	1.5076467594721035	0	0	0	0	0	0.40112499999999995	2.0	0	0
138	1.0	150.0	[3, 2, 3, 3]	set()	3.665844154008564	2.807777219792518	2.949671374366863	0.0	0	[282.515088096261, 308.76385649433047, 375.06988564042285, 540.97686894238]	1.288018332932043	0	0	0	0	0	0.180875	0.875	0	0
262	1.0	150.0	[3, 3, 2]	set()	5.911772288957074	5.052945073670642	5.281931892769872	0.0	0	[378.1380858272314, 894.6628940757364, 920.835052151233]	1.0050970871278955	0	0	0	0	0	0.0	0.0	0	0
449	1.0	150.0	[3, 3]	set()	3.597540792493592	3.1565847313957893	3.1141440665681075	0.0	0	[583.5612004157156, 688.1144833751023]	0.9137807278177397	0	0	0	0	0	0.361875	1.0	0	0
388	1.0	150.0	[2, 3, 2]	set()	5.434598437947137	4.245262470840279	4.482216785563439	0.0	0	[177.0997846033424, 375.38485298864543, 688.6516744312568]	1.354305623341717	0	0	0	0	0	0.046875	0.25	0	0
77	1.0	150.0	[3, 3, 3, 2]	set()	5.1114679441838025	3.7234726822514963	3.9066147729530702	0.0	0	[68.5583685990423, 529.3999915011227, 559.2314321547747, 791.3206111338616]	1.3115180859900233	0	0	0	0	0	0.187625	1.125	0	0
325	1.0	150.0	[2, 2]	set()	6.104994668841883	4.7401620140364455	4.981036051292214	0.0	0	[265.61285369098186, 704.6078545972705]	1.0737536716905294	0	0	0	0	0	0.125	0.375	0	0
16	1.0	150.0	[3, 3, 2, 2, 3]	set()	6.241901099538911	4.457412111404851	4.7863913410684	0.0	0	[61.600358225405216, 294.2597362130228, 510.5266315902874, 757.8627457842231, 944.6001260295888]	1.6612687904188261	0	0	0	0	0	0.059625	0.625	0	0
139	1.0	150.0	[3, 3]	set()	4.854786140996383	4.43491835841822	4.377631813587043	0.0	0	[270.4097724054009, 639.7876471746713]	1.0893218196807115	0	0	0	0	0	0.170125	0.5	0	0
202	1.0	150.0	[2, 3, 2, 2, 2, 3, 2, 2]	set()	8.031317306895076	5.434150007773035	5.7852051790069305	0.0	0	[89.97492818161845, 96.84980800375342, 113.15893288027424, 154.33230623602867, 379.3137855827808, 433.1915760412812, 535.718798263598, 565.5437623920965]	1.6428436196090364	0	0	0	0	0	0.066125	1.0	0	0
450	1.0	150.0	[2, 3]	set()	4.969964310360791	4.071242939975357	4.1924114839403375	0.0	0	[466.9037105049938, 874.9654748734647]	0.981337118638141	0	0	0	0	0	0.01575	0.125	0	0
263	1.0	150.0	[3, 3]	set()	5.501188749703035	4.858564756669826	4.881722663229586	0.0	0	[209.124973975122, 422.967622987926]	0.9743843101423196	0	0	0	0	0	0.125	0.375	0	0
326	1.0	150.0	[3]	set()	5.751836929967648	5.034077769234269	5.024948059355266	0.0	0	[507.8341197222471]	0.6930244286735429	0	0	0	0	0	0.12325	0.25	0	0
78	1.0	150.0	[3, 3]	set()	3.654815457104413	3.43789944721778	3.4252325707600093	0.0	0	[27.926556300371885, 175.82576349377632]	0.5419680292420243	0	0	0	0	0	0.172125	1.0	0	0
389	1.0	150.0	[3, 3, 3, 2, 3]	set()	6.451298386623922	5.016512604027467	4.947193191170365	0.0	0	[209.85525713231667, 341.82419814169407, 570.1256073080003, 811.2380766207866, 912.7152673900129]	1.7201413330996291	0	0	0	0	0	0.159625	1.0	0	0
17	1.0	150.0	[3, 3]	set()	4.2730055229058514	3.883266916076627	3.9296223392850322	0.0	0	[417.9512271657586, 759.3228979138318]	1.0743134896297961	0	0	0	0	0	0.072875	0.25	0	0
140	1.0	150.0	[3, 3, 3, 3, 3, 3, 3, 3, 3]	set()	7.386087855607808	4.112957908707093	4.705568699280781	0.0	0	[76.57049996200537, 87.59688117648734, 185.5248472579956, 348.4720027766035, 467.4129924904642, 627.4202737174286, 633.5647920669129, 779.0849551092833, 872.3170523475492]	2.1118662207654753	0	0	0	0	0	0.29100000000000004	3.0	0	0
451	1.0	150.0	[3, 2, 3, 3]	set()	5.26709382018652	3.6214906170327463	3.691424735831929	0.0	0	[49.77501684162622, 131.12746737897396, 434.3428308958584, 950.991163495928]	1.204267503454786	0	0	0	0	0	0.091625	1.125	0	0
79	1.0	150.0	[3, 3]	set()	4.445444731916066	3.853770771271919	3.7946483642835043	0.0	0	[300.15107803046703, 965.4425180051476]	0.7486393527232375	0	0	0	0	0	0.09187500000000001	0.375	0	0
327	1.0	150.0	[3, 2, 3, 3, 3]	set()	6.535155258051271	4.811991750075388	4.999676129245876	0.0	0	[154.091875168354, 395.83483650187645, 453.3499241806567, 735.3574098087847, 836.0939689935216]	1.6802801903284788	0	0	0	0	0	0.081	0.5	0	0
390	1.0	150.0	[3]	set()	2.5482570941522122	2.404991914558486	2.4134780981818884	0.0	0	[578.5397943109274]	0.6807589406897692	0	0	0	0	0	0.21675	0.375	0	0
264	1.0	150.0	[2, 3, 2]	set()	9.706152098582809	5.953162618376604	7.15521621774657	0.0	0	[180.91472522315044, 220.40473110973835, 404.0203890628171]	1.056596051560104	0	0	0	0	0	0.25	1.0	0	0
203	1.0	150.0	[2, 3, 2, 3, 2, 3, 2]	set()	9.548974861514335	6.108671226696286	6.7131505263045295	0.0	0	[66.24822108279693, 318.45715222880244, 374.3069374086707, 639.6256871527575, 774.8955233823236, 821.4982023536472, 963.4573994722606]	1.8519585227280488	0	0	0	0	0	0.20987500000000003	1.75	0	0
452	1.0	150.0	[3]	set()	1.9527568759029255	1.714751428205585	1.742301676645554	0.0	0	[307.6908830553293]	0.6172406144444047	0	0	0	0	0	0.038375	0.125	0	0
18	1.0	150.0	[2, 3]	set()	4.4261992526402585	3.6848190691231593	3.5759245467548633	0.0	0	[102.10863780230284, 868.0941704660654]	0.7043860137214519	0	0	0	0	0	0.0165	0.125	0	0
80	1.0	150.0	[3, 2, 3]	set()	5.285052160396834	4.182060441028199	4.1216250104010435	0.0	0	[46.79618312931266, 607.4630271177739, 742.7282626740634]	1.087583884514983	0	0	0	0	0	0.07025	0.375	0	0
141	1.0	150.0	[3, 3, 3, 3, 3]	set()	7.285939476965328	5.722715759217178	5.81495658709984	0.0	0	[68.26005782932043, 356.1901118731203, 444.32535488158464, 477.3876094835008, 941.372824762237]	1.3911093241449128	0	0	0	0	0	0.22924999999999998	1.875	0	0
391	1.0	150.0	[3, 3, 3, 3]	set()	4.126369728205313	3.1302628653269684	3.1680548987275463	0.0	0	[26.889897106950663, 42.13741002604365, 446.4038200921469, 749.1531232371926]	1.2357953545873137	0	0	0	0	0	0.114375	1.0	0	0
19	1.0	150.0	[3]	set()	2.045346946642369	1.984627543340202	1.9863128606803226	0.0	0	[426.1037886608392]	0.6821857707037416	0	0	0	0	0	0.17825	0.375	0	0
265	1.0	150.0	[3, 3]	set()	3.83354587826906	3.3943939900749323	3.451854748464296	0.0	0	[18.79826746881008, 255.32952696084976]	0.6352442095627648	0	0	0	0	0	0.095625	0.75	0	0
328	1.0	150.0	[3, 3, 3]	set()	6.914005806486786	5.965042718613642	5.4001338842418996	0.0	0	[142.78174216190774, 169.7904523462057, 244.98390835951236]	0.7822095683608087	0	0	0	0	0	0.116625	0.5	0	0
453	1.0	150.0	[3, 2, 3, 2]	set()	5.1152423984465525	4.3528370503894	4.269998350314822	0.0	0	[194.8839370161295, 460.103303194046, 534.329529851675, 594.2804496735334]	1.3984502327573192	0	0	0	0	0	0.0825	0.375	0	0
204	1.0	150.0	[3, 3]	set()	7.094746215033628	6.334588839138662	6.500854369983029	0.0	0	[418.0882611026271, 836.6098329424858]	1.0251426685533678	0	0	0	0	0	0.291	1.0	0	0
392	1.0	150.0	[3, 2, 3]	set()	3.308830050787818	3.0922682019303975	3.0680695267171245	0.0	0	[437.4973380472511, 663.3705544687283, 765.487739254426]	1.2708171783002333	0	0	0	0	0	0.113375	0.375	0	0
81	1.0	150.0	[3]	set()	4.770496033179524	4.677341695136372	4.6043408218621105	0.0	0	[205.57243609800932]	0.5080310885240932	0	0	0	0	0	0.150625	0.375	0	0
142	1.0	150.0	[2]	set()	4.5435957046793085	4.380722877966502	4.271683330955145	0.0	0	[72.91477872058749]	0.26111414143701916	0	0	0	0	0	0.0	0.0	0	0
20	1.0	150.0	[3]	set()	4.941754793262321	4.756042845808092	4.744768702205747	0.0	0	[47.899154946208]	0.1922823451015407	0	0	0	0	0	0.005875	0.125	0	0
329	1.0	150.0	[3, 3, 2, 2]	set()	6.954444044305138	4.892923401461985	4.97297911195499	0.0	0	[502.5948540455525, 538.1663939915597, 847.8675824590027, 948.822691105306]	1.2110806919391826	0	0	0	0	0	0.06224999999999999	0.5	0	0
266	1.0	150.0	[3]	set()	5.568030768917206	5.193510847174446	5.237374471110326	0.0	0	[285.6509443372488]	0.5982115396383796	0	0	0	0	0	0.035625	0.125	0	0
454	1.0	150.0	[3]	set()	7.236035239600464	6.089258738220581	5.901289390446212	0.0	0	[3.893047105520964]	0.025486276901361574	0	0	0	0	0	0.0	0.0	0	0
393	1.0	150.0	[3]	set()	4.024074882547685	3.487905751737645	3.6012623944803526	0.0	0	[817.7425335161388]	0.47479938300295693	0	0	0	0	0	0.022875	0.125	0	0
205	1.0	150.0	[3, 3, 3]	set()	5.5921214524302245	4.456033677471884	4.579792705018341	0.0	0	[548.0058928951621, 942.490299930796, 992.98276565969]	0.8821166835816026	0	0	0	0	0	0.13425	1.0	0	0
82	1.0	150.0	[3, 3]	set()	3.5030084161124178	3.2719511427814614	3.274335345569837	0.0	0	[963.4720282629132, 972.743894904852]	0.17744154285149505	0	0	0	0	0	0.012750000000000001	0.625	0	0
143	1.0	150.0	[3]	set()	3.4882035019398927	3.30524237000933	3.2948268707328667	0.0	0	[142.14340411126614]	0.4088353870936728	0	0	0	0	0	0.0355	0.25	0	0
267	1.0	150.0	[2]	set()	2.477688721502896	2.2512078242466282	2.2760879201903297	0.0	0	[329.7071533743292]	0.6339710521410479	0	0	0	0	0	0.25	0.5	0	0
330	1.0	150.0	[3, 3, 3]	set()	4.46441260802555	3.723202173736105	3.752053781858625	0.0	0	[549.724537646398, 661.9952321052551, 693.6879816930741]	1.0462455865148987	0	0	0	0	0	0.1975	1.25	0	0
21	1.0	150.0	[2, 2, 3]	set()	6.874624269644036	4.9377378563319265	5.162927406595185	0.0	0	[178.2877091318369, 362.9181222045688, 799.402323551476]	1.3034437720013603	0	0	0	0	0	0.150125	0.625	0	0
455	1.0	150.0	[3, 3, 2, 3]	set()	5.516220056079966	3.8149936972153773	4.038872880477255	0.0	0	[99.51480315066874, 499.2408519325835, 533.2811996340752, 898.8819636870176]	1.3108089220878572	0	0	0	0	0	0.075125	0.375	0	0
394	1.0	150.0	[3, 3, 3]	set()	4.066817386774747	3.462207272002013	3.5081800936024585	0.0	0	[205.50983538851145, 430.486595723778, 464.4129630178213]	1.1099893809928154	0	0	0	0	0	0.057999999999999996	0.375	0	0
206	1.0	150.0	[3, 3]	set()	1.637834169842609	1.4375521350953058	1.4233355507251177	0.0	0	[755.6828586384654, 761.6629052956849]	0.5840977872775497	0	0	0	0	0	0.12425	0.25	0	0
268	1.0	150.0	[3, 3]	set()	4.467695823686307	4.006009063414145	4.017573576396545	0.0	0	[101.3731590937823, 163.58628263697028]	0.5542255834547847	0	0	0	0	0	0.04075	0.5	0	0
83	1.0	150.0	[3, 3, 3]	set()	5.944659477570788	4.963461852345175	5.183330760421574	0.0	0	[334.70772858709097, 624.8945915140212, 793.1558227785393]	1.3511891280985673	0	0	0	0	0	0.317625	1.25	0	0
456	1.0	150.0	[3]	set()	3.983578299399464	3.2306043129043225	3.3567138935029277	0.0	0	[909.5660238526762]	0.30354073734349585	0	0	0	0	0	0.0	0.0	0	0
144	1.0	150.0	[3, 3, 3, 3, 2, 3, 2, 2]	set()	6.812504239358611	4.650440106295383	4.98107865746036	0.0	0	[137.26087869144976, 187.7213708532901, 760.4679402299797, 846.938973037048, 917.9904373739772, 934.4953168930732, 943.6216456062295, 945.4825375547496]	1.4229491902716425	0	0	0	0	0	0.2285	2.0	0	0
22	1.0	150.0	[3, 3]	set()	4.828848790670953	4.605823472112074	4.239596739042002	0.0	0	[15.890586041651389, 983.7789793964477]	0.16426376066785603	0	0	0	0	0	0.258	1.25	0	0
395	1.0	150.0	[3, 3, 2]	set()	5.107205352521536	3.5126909276779807	3.917821682250029	0.0	0	[84.26634609506634, 246.86064408160743, 834.5323894983874]	1.1138792659233792	0	0	0	0	0	0.15575	0.75	0	0
331	1.0	150.0	[3, 3, 3]	set()	7.332333588271678	5.599852645176518	6.1004286804706025	0.0	0	[635.9785804525018, 950.754094072724, 960.3936430066824]	0.8243106954326289	0	0	0	0	0	0.050625	0.5	0	0
207	1.0	150.0	[3, 3, 3]	set()	8.596226870175132	6.596075817043342	7.1945388700170465	0.0	0	[137.90851179510355, 224.8624237254262, 565.8281578484026]	1.214699773481379	0	0	0	0	0	0.097	0.25	0	0
457	1.0	150.0	[3, 3]	set()	5.429001159535989	4.42280821697347	4.723370414178548	0.0	0	[96.30007804154594, 342.2282449901104]	0.8458758639764954	0	0	0	0	0	0.125	0.375	0	0
84	1.0	150.0	[3, 2, 3]	set()	5.669980540607694	4.586438136871523	4.346342660239516	0.0	0	[203.99553515017035, 559.1294029727578, 858.4401151165366]	1.32974363927123	0	0	0	0	0	0.060875	0.375	0	0
396	1.0	150.0	[3, 3]	set()	3.0359271483441175	2.789171592927988	2.797182155758591	0.0	0	[584.7451577428728, 894.109504763037]	0.9144805219241561	0	0	0	0	0	0.51325	1.625	0	0
145	1.0	150.0	[3, 3, 3, 2, 2, 3]	set()	5.516902499800287	3.9248812147051892	4.158650575628417	0.0	0	[86.41128170313384, 330.02842312784253, 429.7470628469755, 841.7774826293778, 988.5248091883047, 989.4154677167536]	1.4868496336386046	0	0	0	0	0	0.101875	0.625	0	0
332	1.0	150.0	[3, 3, 3, 3, 3]	set()	4.487229394497407	3.5652643858630992	3.549469496985036	0.0	0	[45.2186893671751, 274.92552250623703, 452.2068584774049, 452.7903366833925, 660.8218811452389]	1.482293062858185	0	0	0	0	0	0.344875	2.25	0	0
23	1.0	150.0	[2, 3, 2, 2, 2]	set()	8.961891918671139	5.5310891861212195	6.211023693801909	0.0	0	[3.4961884327635584, 166.31748876534402, 234.3885605223477, 325.4795304965228, 499.0550556685776]	1.3667155386297851	0	0	0	0	0	0.0	0.0	0	0
269	1.0	150.0	[2, 2, 3, 3, 3, 2]	set()	13.828523422560128	9.368147579229959	9.799769472926208	0.0	0	[102.04716431366334, 678.2793536262405, 696.1007864030549, 848.4385346528143, 938.8843765482306, 977.9190613988304]	1.337108118664805	0	0	0	0	0	0.042249999999999996	1.125	0	0
458	1.0	150.0	[3, 3, 3]	set()	4.267834517535513	3.333863687010556	3.316527495554269	0.0	0	[170.52040435373783, 228.33779454231265, 906.58612921834]	0.9512221315159374	0	0	0	0	0	0.22875	0.875	0	0
85	1.0	150.0	[3, 3]	set()	4.094815458555489	3.5895815998731395	3.566189448288183	0.0	0	[60.496953781694174, 145.0620940886438]	0.512590757053243	0	0	0	0	0	0.125	0.375	0	0
397	1.0	150.0	[3, 2]	set()	4.951491108580833	4.2590979883123845	4.2961349377141556	0.0	0	[647.8059289511293, 753.3985800109804]	0.8638814838800348	0	0	0	0	0	0.080875	0.125	0	0
208	1.0	150.0	[3, 3, 2, 3]	set()	6.951655007214859	5.978536517709367	5.788587342903343	0.0	0	[107.59810893796384, 550.5394928622991, 624.7846453916281, 835.3600984715097]	1.4187023266863403	0	0	0	0	0	0.069625	0.5	0	0
333	1.0	150.0	[2, 2]	set()	5.971627007900705	4.5108222648496	4.670170256505404	0.0	0	[229.74303271621463, 614.4290667390653]	1.072866595450578	0	0	0	0	0	0.0	0.0	0	0
146	1.0	150.0	[2, 3, 2, 3, 2]	set()	6.791676739591402	4.930649972086492	5.150553926847275	0.0	0	[248.95414996947272, 416.827556444332, 793.7534842640162, 831.6118074581027, 892.7704646637737]	1.5477736955374894	0	0	0	0	0	0.18837500000000001	1.5	0	0
24	1.0	150.0	[3, 3, 2]	set()	5.3616759727494285	3.8516100310933954	3.818064803496452	0.0	0	[269.7246766850068, 845.0339562259614, 857.8117364086211]	1.0045576144481823	0	0	0	0	0	0.08662500000000001	0.5	0	0
270	1.0	150.0	[3, 2, 3, 3]	set()	5.555753058481622	4.289321084972883	4.420134768785501	0.0	0	[30.01007337572492, 529.3051078915596, 787.9522536254466, 809.0106267482042]	1.1992624931333178	0	0	0	0	0	0.10475	0.875	0	0
86	1.0	150.0	[3, 3, 3]	set()	3.600034611014752	2.817767861030872	2.885962841688477	0.0	0	[295.3627831302583, 613.5150226764381, 618.144000042281]	1.1170658689330788	0	0	0	0	0	0.315125	1.125	0	0
459	1.0	150.0	[3, 3]	set()	5.342485030139469	4.250256142620162	4.396292078176876	0.0	0	[163.91103458590806, 703.7070708693999]	0.9896533349259966	0	0	0	0	0	0.020375	0.125	0	0
334	1.0	150.0	[3]	set()	2.066280065596385	1.8285307563151536	1.8563171091767179	0.0	0	[608.4992929827422]	0.6694146402803921	0	0	0	0	0	0.353	0.625	0	0
25	1.0	150.0	[3, 3, 3]	set()	3.210157975405971	2.561020995453163	2.541692738442464	0.0	0	[406.73603280447423, 702.3611245676875, 999.5220950804652]	1.0904168341566822	0	0	0	0	0	0.125125	0.5	0	0
398	1.0	150.0	[3, 2, 2, 3, 3, 2, 3]	set()	13.479752411876802	8.665369536893209	9.265405520312743	0.0	0	[2.4482302958173108, 168.40352628977718, 349.2446683686388, 478.7057191007, 580.5549619127225, 584.0491646152608, 820.765448268503]	1.7883250712812884	0	0	0	0	0	0.0225	0.125	0	0
460	1.0	150.0	[2, 3, 2]	set()	3.82165294363557	2.9876268298458717	3.2057344895903626	0.0	0	[191.2172917688304, 577.8130362741649, 858.0035947646787]	1.3174032754821448	0	0	0	0	0	0.197125	0.75	0	0
271	1.0	150.0	[3, 3, 2]	set()	6.00632057760882	4.294245240594485	4.474554951094513	0.0	0	[4.655365832149983, 374.10211004316807, 481.3007265278475]	0.9727466910781958	0	0	0	0	0	0.04675	0.25	0	0
87	1.0	150.0	[3, 3, 3]	set()	4.961291197737832	4.176649399796574	4.266887744485061	0.0	0	[65.84113286000127, 629.5851557005103, 712.0092990808189]	1.0664533341427676	0	0	0	0	0	0.10649999999999998	0.25	0	0
147	1.0	150.0	[3, 2, 2, 2, 2]	set()	9.178922870280601	6.195739009408409	6.55233389804565	0.0	0	[0.6389804184436798, 462.36010200036935, 543.0069387836942, 807.3498427402228, 962.2725438795176]	1.3288195507351401	0	0	0	0	0	0.12525	0.875	0	0
209	1.0	150.0	[2, 2, 2, 3, 2, 3]	set()	8.995160240836434	6.773799936768001	6.897578791750425	0.0	0	[331.04801503941417, 338.3362484314116, 491.5474532172084, 714.0680756419897, 792.3575579501372, 818.2450005155277]	1.6275766147832544	0	0	0	0	0	0.14775	1.0	0	0
26	1.0	150.0	[3]	set()	2.4095761924198635	2.2018604746773303	2.205512010810147	0.0	0	[733.3863009698689]	0.579861582135056	0	0	0	0	0	0.06675	0.25	0	0
272	1.0	150.0	[3]	set()	2.376711313209023	2.2887307320172523	2.2860074041727323	0.0	0	[871.8689009547234]	0.38281849807673196	0	0	0	0	0	0.016125	0.125	0	0
335	1.0	150.0	[3, 2, 2, 2, 2, 3, 3, 2]	set()	11.625424800143907	6.4518700409812295	7.679077170216856	0.0	0	[36.61769804945436, 73.89581628138342, 256.3739796814719, 355.6106283388256, 414.5122250669924, 487.532252445817, 735.7030031271279, 774.1555142244292]	1.9484879155524046	0	0	0	0	0	0.466875	4.25	0	0
399	1.0	150.0	[3, 2, 3]	set()	4.850103595953014	4.5372389459532085	4.614776572832263	0.0	0	[347.1752570857991, 453.8447573800921, 861.137279542163]	1.2460062480035734	0	0	0	0	0	0.112875	0.625	0	0
88	1.0	150.0	[2]	set()	4.902432768801128	4.685446852185403	4.668771775901844	0.0	0	[929.1138602420688]	0.2559251075185837	0	0	0	0	0	0.0	0.0	0	0
210	1.0	150.0	[3, 3]	set()	3.6369390580108005	3.1805418094830538	3.0927318949224416	0.0	0	[39.16276758536696, 685.3493093512952]	0.7728849982106636	0	0	0	0	0	0.049125	0.375	0	0
273	1.0	150.0	[3]	set()	1.990673789613757	1.7802124358655615	1.7799826739114466	0.0	0	[713.4722177870572]	0.5990133674564461	0	0	0	0	0	0.035875	0.125	0	0
461	1.0	150.0	[3, 2, 3, 3, 2, 3]	set()	8.395907077974044	5.779994411761432	6.025948056708124	0.0	0	[96.77180042490365, 304.8848224157334, 418.7436243519187, 508.02713981829584, 879.0206254925579, 923.5959832401974]	1.7187768555696699	0	0	0	0	0	0.335125	2.5	0	0
148	1.0	150.0	[3, 2, 3, 3]	set()	8.240374132243472	6.079013210538988	6.145164843011867	0.0	0	[42.97301941551268, 163.99771391030782, 484.85462134704, 697.0530820544809]	1.4462920715988818	0	0	0	0	0	0.1395	0.75	0	0
27	1.0	150.0	[2, 3, 2, 3]	set()	7.055929185087288	5.892193632059139	5.868989601681627	0.0	0	[33.75644749030471, 355.4967581294477, 421.2409402243793, 808.8943948969245]	1.3418215783272387	0	0	0	0	0	0.274	1.375	0	0
336	1.0	150.0	[3, 3]	set()	3.7539019635035813	3.103646164820049	3.1573421234589816	0.0	0	[390.8796412870288, 880.834050476551]	0.9702238500574958	0	0	0	0	0	0.18625000000000003	0.5	0	0
400	1.0	150.0	[3]	set()	3.013437846414332	2.779831972175521	2.782907346325923	0.0	0	[643.0844319984317]	0.6516228511309432	0	0	0	0	0	0.125	0.25	0	0
89	1.0	150.0	[3, 2]	set()	4.92331226767056	4.065813768285968	4.212695970499026	0.0	0	[154.20415671542287, 456.89655153139387]	0.9815506959219122	0	0	0	0	0	0.0385	0.25	0	0
211	1.0	150.0	[3, 3, 2, 3]	set()	7.105839464962903	5.871087677815786	5.735377366228089	0.0	0	[114.77088043107275, 477.1959846580014, 717.9821534082294, 793.9439173787832]	1.480420207605921	0	0	0	0	0	0.316	1.625	0	0
462	1.0	150.0	[3, 3, 3]	set()	3.1908245878107078	2.887166108731839	2.934697912982095	0.0	0	[121.6837034829652, 249.11137367598712, 381.9569405168295]	1.084391721430789	0	0	0	0	0	0.294875	0.875	0	0
337	1.0	150.0	[2]	set()	3.1875130031332857	3.1101286183332224	3.119365284573786	0.0	0	[595.2197979204357]	0.6749023296379606	0	0	0	0	0	0.0	0.0	0	0
401	1.0	150.0	[3, 2, 3]	set()	5.028949120685341	4.295507016866504	4.417580237850128	0.0	0	[7.191436665542117, 383.611156046451, 712.8102493006736]	1.1273419140697756	0	0	0	0	0	0.08812500000000001	0.25	0	0
149	1.0	150.0	[2, 3, 3]	set()	7.624283407203426	6.01657664092664	5.9004179331550315	0.0	0	[11.54253812453998, 246.7935453714265, 339.3726395443082]	0.8861147183035445	0	0	0	0	0	0.127125	1.125	0	0
274	1.0	150.0	[3, 3, 2, 2, 3]	set()	10.346475277435395	7.865781113530235	8.213112636068765	0.0	0	[106.58171866089106, 221.6712953522801, 445.28312718712647, 673.803104369821, 730.9022485902794]	1.676421988654774	0	0	0	0	0	0.19349999999999998	1.375	0	0
90	1.0	150.0	[3, 3, 3]	set()	3.802543486420319	3.1601389655791863	3.100707293112854	0.0	0	[60.565999476239085, 418.22865698486567, 775.3817993216217]	1.2407204443413762	0	0	0	0	0	0.366125	1.625	0	0
28	1.0	150.0	[3, 3, 3, 3]	set()	6.99404463947054	6.066285140997816	5.9581825836652555	0.0	0	[639.8497256450355, 698.2037422787797, 720.1411640271544, 819.2125672027739]	1.0735647385975098	0	0	0	0	0	0.21600000000000003	2.0	0	0
463	1.0	150.0	[3, 3]	set()	4.544576168830671	3.834343818539448	3.9751872541875524	0.0	0	[139.1188986599445, 325.7838040590286]	0.853486690249945	0	0	0	0	0	0.34025	0.875	0	0
212	1.0	150.0	[3, 3, 3]	set()	8.593810847390996	7.159535589051222	6.898580257359658	0.0	0	[892.0588933397084, 904.5589528977872, 998.3226635959]	0.3893249697455154	0	0	0	0	0	0.01225	0.375	0	0
29	1.0	150.0	[3]	set()	3.140431331174679	2.7605855071034022	2.723039347737895	0.0	0	[639.5778164733201]	0.6536607173203739	0	0	0	0	0	0.204875	0.375	0	0
402	1.0	150.0	[3, 2, 2, 3]	set()	6.11198894240647	4.186644755871167	4.245292485991014	0.0	0	[1.1084082511669813, 239.70593373544656, 496.65233057752033, 986.9632814079524]	1.1046400313952243	0	0	0	0	0	0.00175	0.125	0	0
338	1.0	150.0	[3, 2, 3, 3]	set()	7.148562185075468	5.197242264565819	5.524444998168282	0.0	0	[35.21860464823501, 263.91009284708633, 313.5453715918959, 602.2866684943438]	1.3296949540567613	0	0	0	0	0	0.265	1.125	0	0
150	1.0	150.0	[3, 3, 3, 3]	set()	5.007611522173817	4.045917961065159	3.9876134551265676	0.0	0	[246.50941760345236, 462.24811347201467, 610.5415609199554, 706.6836250014603]	1.5440150719366699	0	0	0	0	0	0.40900000000000003	2.0	0	0
464	1.0	150.0	[3]	set()	2.642892014764474	2.4607229277367337	2.469532138640257	0.0	0	[735.3402581065893]	0.5778746497556371	0	0	0	0	0	0.06625	0.25	0	0
275	1.0	150.0	[2, 3, 2, 3]	set()	6.622681848999482	4.813742131173832	4.937677647591316	0.0	0	[38.413544401393885, 206.53281453996897, 739.2622116021812, 953.51254873465]	1.2331816605988846	0	0	0	0	0	0.025750000000000002	0.25	0	0
213	1.0	150.0	[3, 2]	set()	4.134991853074843	3.6642507074213677	3.4348090185817353	0.0	0	[493.9128519035876, 945.4178442247212]	0.8661544927443815	0	0	0	0	0	0.063375	0.25	0	0
91	1.0	150.0	[3, 2]	set()	7.0846690670476695	6.531560030851776	6.560243245984544	0.0	0	[639.7503330372274, 651.1543071828783]	0.7041592927552469	0	0	0	0	0	0.25	0.75	0	0
30	1.0	150.0	[3, 3]	set()	2.2425126947829006	2.030417174432617	2.0195700761752238	0.0	0	[295.23940896615386, 872.9411170868628]	0.9393021615390089	0	0	0	0	0	0.21475	0.75	0	0
151	1.0	150.0	[3, 3, 3]	set()	2.3219517090908406	2.110677483540247	2.100210128631573	0.0	0	[122.53286177292466, 188.9054523780942, 588.7251460620914]	1.169222683983634	0	0	0	0	0	0.14400000000000002	1.125	0	0
339	1.0	150.0	[2, 3, 3]	set()	8.487986941832613	5.446313443590198	5.782300304830226	0.0	0	[12.33438683392052, 760.7812581967228, 988.9913741499186]	0.6578969464003157	0	0	0	0	0	0.1295	0.875	0	0
276	1.0	150.0	[2]	set()	3.8624457800538767	3.327932244551569	3.328228074821041	0.0	0	[497.4482564721257]	0.6931341577133496	0	0	0	0	0	0.0	0.0	0	0
403	1.0	150.0	[3, 3, 3]	set()	6.710813126313191	5.308180851190281	5.542332124727279	0.0	0	[203.2995920162648, 504.1452335680356, 800.1314637020442]	1.3673881381667763	0	0	0	0	0	0.137375	0.625	0	0
465	1.0	150.0	[3, 3, 3, 3, 2, 3]	set()	6.042362489512312	4.335655027991842	4.523657226103612	0.0	0	[117.84783424809577, 654.0416402878337, 719.7035601140867, 856.4922708906124, 906.215282106205, 910.4743381030858]	1.4256462870133655	0	0	0	0	0	0.27525000000000005	2.0	0	0
214	1.0	150.0	[3, 3]	set()	4.5680108927813725	4.1844234746260085	4.077254927727656	0.0	0	[174.66141656041145, 335.411737354848]	0.8701462369317063	0	0	0	0	0	0.20875	0.875	0	0
152	1.0	150.0	[3, 3, 2]	set()	3.3179088986365586	2.550416723447942	2.6608495740840428	0.0	0	[144.674180227109, 274.9889865517616, 686.3772383581401]	1.2743183913316274	0	0	0	0	0	0.32275	1.125	0	0
340	1.0	150.0	[2]	set()	1.900724040387313	1.78031109799791	1.7918262986761766	0.0	0	[868.9366150647402]	0.38840316968254956	0	0	0	0	0	0.0	0.0	0	0
31	1.0	150.0	[2, 3, 2]	set()	5.869819263719902	4.258209485116185	4.36071283997621	0.0	0	[459.2055659741163, 705.5011661335443, 852.7873957064003]	1.2666451406651267	0	0	0	0	0	0.036875	0.25	0	0
92	1.0	150.0	[3]	set()	6.804327583384579	6.645728611268746	6.615431504791983	0.0	0	[344.9126076884568]	0.6442403324571979	0	0	0	0	0	0.21100000000000002	0.5	0	0
466	1.0	150.0	[3]	set()	3.765271116127669	3.6494685407240235	3.6553071566335524	0.0	0	[675.2431970089674]	0.630403143909672	0	0	0	0	0	0.20625	0.5	0	0
277	1.0	150.0	[3, 3, 3, 2]	set()	6.041645178137328	5.24338395715947	5.284061765434376	0.0	0	[130.45780556878483, 142.44820210744, 275.1204241067171, 519.5073220584101]	1.2832422339851224	0	0	0	0	0	0.053625	0.75	0	0
404	1.0	150.0	[3, 3, 3, 3]	set()	8.301107765525678	5.765311096567258	6.2931976610834734	0.0	0	[80.29534481465816, 354.79964548301933, 484.2122426934425, 583.2061945058804]	1.4157064318687544	0	0	0	0	0	0.10287500000000001	0.875	0	0
153	1.0	150.0	[3]	set()	3.0573864499215766	2.8879082381945147	2.9020695245563974	0.0	0	[265.1504676323384]	0.5783754982134907	0	0	0	0	0	0.125	0.25	0	0
341	1.0	150.0	[3, 3]	set()	5.2575841698590615	4.348046848926774	4.366592580010625	0.0	0	[378.4349015913904, 554.7589864581823]	1.0339899317748966	0	0	0	0	0	0.1335	0.375	0	0
32	1.0	150.0	[3, 3, 3]	set()	4.34024781866565	3.4020259380850835	3.4248918037126366	0.0	0	[27.46066554194382, 54.04614470899105, 163.678941084072]	0.586999607896758	0	0	0	0	0	0.040625	1.125	0	0
215	1.0	150.0	[3, 3, 3, 3]	set()	6.007789916706292	4.388150705746792	4.592793728175696	0.0	0	[413.0165996633339, 485.71649845689535, 499.0058774128556, 644.787173718214]	1.261596652029532	0	0	0	0	0	0.198125	1.25	0	0
93	1.0	150.0	[3, 3]	set()	4.034208548821153	3.762147952970028	3.783572868496413	0.0	0	[133.6398646235466, 808.6489029228687]	0.850689593363752	0	0	0	0	0	0.0905	0.625	0	0
154	1.0	150.0	[3]	set()	4.880161044372924	4.236202849409622	4.2254873301748574	0.0	0	[451.4828501269221]	0.6884319370500227	0	0	0	0	0	0.068625	0.125	0	0
278	1.0	150.0	[3, 3, 2, 2, 3, 3, 3]	set()	6.864532528930301	4.145512000274946	4.467073652338426	0.0	0	[348.8045966100524, 453.8823515176773, 620.9257418495926, 798.7781106256734, 811.75406742841, 880.0528829393116, 957.6175070038088]	1.782119985930499	0	0	0	0	0	0.166875	1.375	0	0
405	1.0	150.0	[2, 3, 2]	set()	5.968767062171477	4.6436344559533484	4.688654706767769	0.0	0	[106.97969654157625, 379.7913361340761, 923.7674796886064]	1.1209070107326782	0	0	0	0	0	0.047375	0.25	0	0
467	1.0	150.0	[3]	set()	6.009135737992774	5.748113176546517	5.782250012335942	0.0	0	[304.4469926971942]	0.6145852759999219	0	0	0	0	0	0.038	0.125	0	0
216	1.0	150.0	[2]	set()	2.0837981120590374	1.77678792950561	1.8553992382693747	0.0	0	[806.3909446354955]	0.4914140173382917	0	0	0	0	0	0.0	0.0	0	0
33	1.0	150.0	[3]	set()	3.30721087226565	2.770362032224149	2.8158723431447785	0.0	0	[379.1921590454877]	0.6636672640883694	0	0	0	0	0	0.0	0.0	0	0
342	1.0	150.0	[3]	set()	5.459725358545895	5.322214037312657	5.254342166149714	0.0	0	[760.8430944383144]	0.5501061603512575	0	0	0	0	0	0.25	0.5	0	0
406	1.0	150.0	[3]	set()	1.5980064705035262	1.3826608403129599	1.4424928806694743	0.0	0	[192.035571904853]	0.4891611393891598	0	0	0	0	0	0.048	0.25	0	0
155	1.0	150.0	[3, 3]	set()	3.408444818223098	3.045461190476441	2.9579209608207004	0.0	0	[104.67662336304784, 981.120178475976]	0.4267770062836469	0	0	0	0	0	0.12975	0.625	0	0
34	1.0	150.0	[3]	set()	0.8749366956384033	0.8029912996561559	0.807575012991181	0.0	0	[745.3336850740016]	0.5674037884700102	0	0	0	0	0	0.06375	0.25	0	0
94	1.0	150.0	[2, 2, 3]	set()	6.571675090405142	5.430402640337534	5.647330257762729	0.0	0	[400.6334119476378, 520.84503514733, 865.0115756317973]	1.2585527660496543	0	0	0	0	0	0.125	0.5	0	0
279	1.0	150.0	[3]	set()	3.5696690981543733	3.4947556258341455	3.4954165053899557	0.0	0	[172.06294275820255]	0.45914223895148576	0	0	0	0	0	0.0645	0.375	0	0
468	1.0	150.0	[2, 3]	set()	4.107450789659663	3.8567726255014403	3.780800492106443	0.0	0	[153.68258021771908, 595.5691132694483]	1.014837488724209	0	0	0	0	0	0.2025	0.5	0	0
343	1.0	150.0	[3, 3]	set()	4.187269560997879	3.6055611091674886	3.6172966397136723	0.0	0	[44.1253590848012, 980.7043275795876]	0.2752458105628649	0	0	0	0	0	0.1355	0.75	0	0
217	1.0	150.0	[3, 3, 2, 3]	set()	9.24174469334369	6.575080456851224	6.7852551272344686	0.0	0	[301.51884630322456, 535.5024485911357, 538.1198151520884, 582.4280697852373]	1.219677094978233	0	0	0	0	0	0.15425	0.75	0	0
407	1.0	150.0	[2, 2, 3, 3]	set()	7.876942077141875	5.8869649443351975	5.901032869596099	0.0	0	[258.4687820243865, 414.9846188793738, 609.0290336869657, 717.1856951899827]	1.5558894066327889	0	0	0	0	0	0.46462499999999995	2.375	0	0
35	1.0	150.0	[3, 2, 3, 3, 3, 3]	set()	6.338983505234237	4.018925734731004	4.220106341881256	0.0	0	[193.78816289827228, 517.2984072573482, 618.2373513001949, 625.4569236189127, 872.806025436148, 917.2877669334412]	1.640313883550433	0	0	0	0	0	0.504125	3.75	0	0
280	1.0	150.0	[2, 3]	set()	3.479817607903153	2.825878877099421	2.9456690880996543	0.0	0	[569.7648917308427, 897.6984722539783]	0.9193684852294408	0	0	0	0	0	0.112125	0.25	0	0
156	1.0	150.0	[3, 3, 3, 3]	set()	6.003761721600425	5.116925175519268	5.321268596357763	0.0	0	[659.0921227078095, 765.3983295895159, 845.3092593699694, 900.214041234582]	1.1042922966231272	0	0	0	0	0	0.5293749999999999	2.875	0	0
95	1.0	150.0	[3, 3]	set()	4.687241720976562	4.55209501471262	4.551641797740354	0.0	0	[507.86745361983776, 607.1034873648426]	0.9404057871446075	0	0	0	0	0	0.42237500000000006	1.375	0	0
469	1.0	150.0	[3]	set()	4.349138522760122	4.297424033915794	4.296536306468415	0.0	0	[675.9318448603153]	0.629897974524134	0	0	0	0	0	0.20625	0.5	0	0
218	1.0	150.0	[3, 3, 3]	set()	5.79080070940993	4.280381768163363	4.431481429068226	0.0	0	[8.803026052191854, 185.6638608136345, 934.7446673139208]	0.7425807940768752	0	0	0	0	0	0.126	0.625	0	0
36	1.0	150.0	[2]	set()	3.4657867718749897	2.9480561022721545	2.9525275945129437	0.0	0	[843.3854356408119]	0.4340131705008763	0	0	0	0	0	0.0	0.0	0	0
408	1.0	150.0	[3, 3, 2]	set()	6.576808868858025	4.731421271837471	4.947659720939228	0.0	0	[22.411372857074063, 64.30540606379509, 764.1838346133421]	0.8084710058695076	0	0	0	0	0	0.133	0.75	0	0
157	1.0	150.0	[3]	set()	3.7806374842063386	3.427920162285687	3.433109131934115	0.0	0	[476.9344441592693]	0.6920827631123281	0	0	0	0	0	0.0655	0.125	0	0
344	1.0	150.0	[3]	set()	7.93961199506529	7.725316919401036	7.641477615433336	0.0	0	[241.18133215233684]	0.5524378042269652	0	0	0	0	0	0.06025	0.25	0	0
96	1.0	150.0	[3, 3]	set()	4.6266653352104	4.150112471839964	4.082009604405935	0.0	0	[189.25104290246964, 807.6559992041439]	0.9293285747368941	0	0	0	0	0	0.149125	0.5	0	0
470	1.0	150.0	[3]	set()	4.760446666805164	4.071980397844676	4.1593850802950465	0.0	0	[899.4898833334446]	0.3262023707867476	0	0	0	0	0	0.112375	0.125	0	0
281	1.0	150.0	[2, 3, 3]	set()	7.087752691206836	5.7746847720018675	5.869576168721332	0.0	0	[3.16985696554184, 593.0287698283792, 773.281087167561]	0.9749143272370794	0	0	0	0	0	0.09662499999999999	0.375	0	0
219	1.0	150.0	[3]	set()	3.119313174329133	2.965617753614876	2.9666207862407314	0.0	0	[554.5802535489202]	0.6871772830228267	0	0	0	0	0	0.06925	0.125	0	0
158	1.0	150.0	[3]	set()	3.6768859894975776	3.509924864014531	3.510923557473192	0.0	0	[545.3908778727055]	0.6890208382746792	0	0	0	0	0	0.13625	0.25	0	0
345	1.0	150.0	[2, 3, 2]	set()	3.284660023563716	2.4647878937370686	2.5433128471761384	0.0	0	[76.47937325530573, 375.8493310306221, 688.7465219479054]	1.2844987539360244	0	0	0	0	0	0.078125	0.25	0	0
37	1.0	150.0	[3, 3, 3, 2]	set()	6.347640464534187	4.664218162768474	4.6056139571548	0.0	0	[67.8573646582663, 309.4451101496816, 631.9993972137565, 641.7266171140433]	1.3035231239674698	0	0	0	0	0	0.13175	0.875	0	0
97	1.0	150.0	[3, 2]	set()	3.2556940752415864	2.593486418583714	2.6236975700102176	0.0	0	[6.88477186486125, 267.1029046177864]	0.6123379656106699	0	0	0	0	0	0.0015	0.25	0	0
409	1.0	150.0	[2, 3, 3, 2]	set()	5.843121132094742	3.7474655623795625	4.043617345147577	0.0	0	[5.800636922998148, 435.57641189545393, 680.4078088607639, 883.242345880717]	1.3116874962209617	0	0	0	0	0	0.094375	0.5	0	0
282	1.0	150.0	[2, 3]	set()	5.894087965575158	5.1727291468434435	5.288842180053421	0.0	0	[370.8561565726996, 990.7068256288768]	0.7078054391797127	0	0	0	0	0	0.00125	0.125	0	0
98	1.0	150.0	[3, 3, 2]	set()	3.8115040286675335	2.823726466618332	2.980328604334833	0.0	0	[26.42502821981907, 111.0500949434936, 251.66777349565584]	0.7977964193881482	0	0	0	0	0	0.013875	0.25	0	0
220	1.0	150.0	[2, 3, 3, 3]	set()	7.9758483326672245	5.96746003611905	6.414914089503595	0.0	0	[98.51749711177816, 124.93767542764544, 147.627217695117, 806.6557574817679]	1.002743284089829	0	0	0	0	0	0.080375	1.375	0	0
346	1.0	150.0	[3, 2]	set()	4.29647063556916	3.6871171230035773	3.4069120162324364	0.0	0	[88.93820084631443, 937.3139641704332]	0.5283299493718681	0	0	0	0	0	0.13599999999999998	0.5	0	0
159	1.0	150.0	[3, 3, 3, 3]	set()	5.1544424579347625	3.8346249345317434	3.648089325126676	0.0	0	[298.31522306807966, 634.2536509037018, 772.2508366013438, 834.2727727530878]	1.4709184176721157	0	0	0	0	0	0.14950000000000002	1.0	0	0
38	1.0	150.0	[3, 3, 2, 3]	set()	5.169185132054511	4.372927202416588	4.249761704897542	0.0	0	[160.30821297317743, 233.4088360039974, 742.0030236244202, 994.1940968856215]	1.2058619279488305	0	0	0	0	0	0.108125	1.0	0	0
283	1.0	150.0	[3, 3]	set()	1.982934424397863	1.8137997978339573	1.8352084259860988	0.0	0	[368.41991171240807, 973.6495439428836]	0.7676108564240373	0	0	0	0	0	0.15150000000000002	0.875	0	0
471	1.0	150.0	[2, 3, 2, 2, 3, 3, 2, 2]	set()	10.428348810333956	6.703964699781363	7.234253927003634	0.0	0	[16.773745546267982, 250.9468628775657, 270.3713365283731, 378.0342613506447, 651.9068222432923, 730.5018042679876, 805.7672868759641, 964.1666670777432]	1.8854691550706704	0	0	0	0	0	0.259875	2.375	0	0
410	1.0	150.0	[2, 2, 3, 3, 3, 2]	set()	5.508380147572726	4.011385488033628	4.057177502610456	0.0	0	[215.2570320758969, 338.3689788989976, 513.728008057897, 748.1618821620941, 858.3905875843029, 927.5199959247552]	1.85184152375836	0	0	0	0	0	0.176375	1.75	0	0
347	1.0	150.0	[3, 3]	set()	1.7008529967598442	1.5575727591478228	1.5590186662342838	0.0	0	[378.871716093272, 423.5223457217217]	0.8240652566168226	0	0	0	0	0	0.058499999999999996	0.375	0	0
99	1.0	150.0	[3, 3, 3, 2]	set()	7.176849583246673	5.659127961151136	5.718005850439932	0.0	0	[337.67415291855275, 673.2912657229014, 728.2768543809652, 767.6702598716677]	1.359033725709615	0	0	0	0	0	0.15225	0.75	0	0
160	1.0	150.0	[3]	set()	5.2721553572086375	5.184176219372507	5.182141735841184	0.0	0	[567.3263999633491]	0.684053896088306	0	0	0	0	0	0.23324999999999999	0.5	0	0
39	1.0	150.0	[3, 2, 3]	set()	5.625795186362389	4.04228190200559	4.235457763405782	0.0	0	[42.97560546547175, 79.06622346490622, 816.8035447597504]	0.7904485166242592	0	0	0	0	0	0.102	0.375	0	0
472	1.0	150.0	[3]	set()	3.323424568533739	3.225671173618721	3.224454862955907	0.0	0	[896.2486600503325]	0.3332481817086492	0	0	0	0	0	0.026	0.25	0	0
348	1.0	150.0	[2, 2]	set()	4.94878370507054	3.52837190703043	3.84197944435294	0.0	0	[370.95104437321424, 683.2522037439048]	1.095467696697746	0	0	0	0	0	0.0	0.0	0	0
411	1.0	150.0	[3, 3, 3, 2]	set()	4.557364322086318	3.4950642375454395	3.5706814041278436	0.0	0	[123.80327377468348, 212.61652000248432, 275.46817250549793, 429.28769486024976]	1.2556199332364182	0	0	0	0	0	0.31875	2.0	0	0
161	1.0	150.0	[3]	set()	3.0227994821079536	2.564822148553664	2.611487564164051	0.0	0	[886.0587077215314]	0.35467703929560396	0	0	0	0	0	0.0	0.0	0	0
100	1.0	150.0	[3, 2]	set()	4.070319193655374	3.69078446250765	3.6697883031153777	0.0	0	[98.75558083876967, 969.429542310536]	0.45582863813238395	0	0	0	0	0	0.03675	0.375	0	0
284	1.0	150.0	[2, 3, 3, 2, 2, 3]	set()	9.835090854113243	7.538535255201804	7.824955235534194	0.0	0	[198.3230127952993, 388.2156563415582, 551.9681335426867, 621.228193398565, 668.2196953333914, 956.494610523805]	1.7561785193595196	0	0	0	0	0	0.061625	0.625	0	0
40	1.0	150.0	[3]	set()	2.846797036332727	2.7084199858424403	2.641239095802272	0.0	0	[814.5798742771149]	0.4795135300525347	0	0	0	0	0	0.19474999999999998	0.625	0	0
221	1.0	150.0	[2, 3, 2]	set()	6.887610142144132	4.571343830251337	5.042634195418623	0.0	0	[246.4242723001997, 268.56313995085657, 467.31074660709527]	1.0861421728823073	0	0	0	0	0	0.0915	0.25	0	0
349	1.0	150.0	[3, 2, 2, 3]	set()	5.8186568083656445	3.7407963182241324	4.056492921388646	0.0	0	[436.61055512784986, 792.5913111475525, 840.8170758329904, 853.0435266438872]	1.2113775629960821	0	0	0	0	0	0.26837500000000003	1.375	0	0
162	1.0	150.0	[2, 3, 3, 3, 3]	set()	4.760108742053326	3.6175542719230465	3.632098224714955	0.0	0	[303.76392672769725, 443.81981645710766, 457.8026817180216, 564.8011094890535, 898.4149546661348]	1.5346291010864244	0	0	0	0	0	0.263625	1.625	0	0
412	1.0	150.0	[2, 3, 2]	set()	9.485095100456395	7.613225424860411	7.599767345767163	0.0	0	[52.91860457509756, 579.2034715414047, 963.2101212628186]	0.9823874759839158	0	0	0	0	0	0.177625	0.75	0	0
285	1.0	150.0	[3, 3, 3]	set()	5.986256645276049	4.75924093881482	4.704963802548859	0.0	0	[316.3144306814252, 456.8365318700671, 781.0347997122443]	1.3375935835245405	0	0	0	0	0	0.18200000000000002	0.75	0	0
41	1.0	150.0	[3, 2]	set()	4.02031423672409	3.6631891409293895	3.6963198901508876	0.0	0	[590.2483659121518, 706.2531085684896]	0.9209253202368656	0	0	0	0	0	0.125	0.375	0	0
473	1.0	150.0	[3, 3, 2, 2]	set()	7.4233441287649935	6.353372792158874	6.535014073855063	0.0	0	[10.909191332757471, 436.0555689781904, 890.547069022432, 959.9637642968446]	1.0853407529230759	0	0	0	0	0	0.20175	1.625	0	0
101	1.0	150.0	[3, 3]	set()	3.979580475813627	3.6841141588304787	3.74494603651418	0.0	0	[20.794366486370564, 758.2478374242783]	0.648381163303887	0	0	0	0	0	0.2525	0.875	0	0
222	1.0	150.0	[3, 3, 2, 3, 3]	set()	7.924844964147351	6.4768607026287395	6.427393561046793	0.0	0	[21.40219027404111, 142.76483748108149, 491.9259547013537, 738.3038804400712, 954.0780866518616]	1.523140524676176	0	0	0	0	0	0.372375	2.125	0	0
163	1.0	150.0	[2, 3]	set()	4.250758228687269	3.540764601326422	3.406541788718938	0.0	0	[88.56248203665018, 914.138721069321]	0.5837121953997382	0	0	0	0	0	0.0215	0.25	0	0
42	1.0	150.0	[3, 3, 3, 3, 2]	set()	3.794674925807972	2.8658681707069227	3.235791746178222	0.0	0	[418.91663859331874, 565.8661006018519, 898.7932741230766, 966.0432846130362, 977.3714184527162]	1.330471402363254	0	0	0	0	0	0.170875	1.125	0	0
350	1.0	150.0	[2, 3, 2, 3]	set()	8.144888216134555	6.279518824269553	6.4488050883277905	0.0	0	[376.6256496310234, 739.4771784419673, 759.7413354087621, 896.8383950044148]	1.3213773990675557	0	0	0	0	0	0.20325	1.5	0	0
474	1.0	150.0	[3, 3]	set()	3.7337369610210933	3.528417034079662	3.5306219808506327	0.0	0	[111.04232771322133, 860.9188392292708]	0.7342682765600055	0	0	0	0	0	0.38525	1.25	0	0
102	1.0	150.0	[3, 3]	set()	3.441285436527323	3.0584523917395137	3.0024963261327025	0.0	0	[663.94455707632, 936.0810066573322]	0.8018814361750702	0	0	0	0	0	0.08425	0.5	0	0
413	1.0	150.0	[2, 2]	set()	4.590488658411056	3.7119558470945906	3.747590342035479	0.0	0	[405.2031913306564, 523.1639654580372]	0.9713132354273244	0	0	0	0	0	0.125	0.375	0	0
286	1.0	150.0	[2, 2, 3]	set()	9.619219794074048	7.86154613391297	7.599910128152347	0.0	0	[636.1603311663233, 714.6578594994468, 872.6945982780308]	1.0414539820005906	0	0	0	0	0	0.032	0.25	0	0
164	1.0	150.0	[3]	set()	3.129186195474779	3.11721281719251	3.081323368701432	0.0	0	[963.1669677328318]	0.1577453184128591	0	0	0	0	0	0.00925	0.25	0	0
475	1.0	150.0	[2, 3, 3, 2]	set()	3.1033646528275085	2.3095722968687658	2.346102418658746	0.0	0	[67.5796170868943, 78.23031151946714, 431.9625060227414, 962.563208071515]	1.0573199931512565	0	0	0	0	0	0.00975	0.25	0	0
43	1.0	150.0	[3]	set()	3.6874913659359128	3.367196401339944	3.4103279940862037	0.0	0	[946.3590383529664]	0.20909938614393345	0	0	0	0	0	0.125	0.25	0	0
223	1.0	150.0	[2, 2, 3, 2, 3, 3]	set()	6.294169549128005	4.749191390279996	4.794864774376938	0.0	0	[8.327664063736195, 236.69014912992117, 334.71811829544885, 485.1525806197436, 673.2695275631116, 824.0978354588151]	1.7950339196701608	0	0	0	0	0	0.311125	1.875	0	0
103	1.0	150.0	[2, 3]	set()	4.688440196132179	4.096980181009722	4.029348720769862	0.0	0	[100.03892346933984, 736.3121581729501]	0.8694787046041816	0	0	0	0	0	0.158	0.5	0	0
414	1.0	150.0	[2, 3, 3]	set()	4.335752172909124	3.4413220759452194	3.439477509301353	0.0	0	[206.9989168085158, 427.0704789087176, 830.7600589469075]	1.3260115165992232	0	0	0	0	0	0.14625000000000002	0.625	0	0
351	1.0	150.0	[3, 3, 3]	set()	7.321051358609756	6.468705917656704	6.531463801269246	0.0	0	[52.87974001839757, 438.29047891320585, 448.6700245179236]	0.8986074102892633	0	0	0	0	0	0.16799999999999998	1.125	0	0
476	1.0	150.0	[3]	set()	2.2609866002204697	2.10535418736321	2.10319552940291	0.0	0	[552.215488627553]	0.6876843111379236	0	0	0	0	0	0.263	0.5	0	0
287	1.0	150.0	[3]	set()	3.2905255234700466	3.1882135781792647	3.1925707322714336	0.0	0	[416.9763084501028]	0.6792972546340819	0	0	0	0	0	0.19799999999999998	0.375	0	0
165	1.0	150.0	[3]	set()	3.29036464287993	3.081497303963352	3.053276985810733	0.0	0	[710.1948214694858]	0.6019771503751521	0	0	0	0	0	0.03625	0.125	0	0
44	1.0	150.0	[3, 3, 2, 3, 3]	set()	6.6573947166418215	4.719631131509635	4.317027686914814	0.0	0	[7.243256799531306, 359.7697913646698, 376.70505272354006, 504.1697456598488, 578.4600055876599]	1.2921629609130303	0	0	0	0	0	0.268125	1.75	0	0
224	1.0	150.0	[2, 3, 2, 3]	set()	8.011110664907514	5.118672973242694	5.3609278092101516	0.0	0	[97.35224163159728, 605.9675691649318, 638.7929047923535, 757.3211030103266]	1.2791909020403534	0	0	0	0	0	0.0	0.0	0	0
104	1.0	150.0	[3, 2]	set()	4.524856068777135	3.8894863887915854	3.943566440375527	0.0	0	[632.6769841834903, 792.4329212401062]	0.9090040506691236	0	0	0	0	0	0.625	1.875	0	0
415	1.0	150.0	[3, 3, 3]	set()	6.232236492169591	5.310807737167952	5.361944083162653	0.0	0	[474.19039625674486, 549.1769360378385, 619.3363012280315]	1.1021363539358606	0	0	0	0	0	0.3815	1.75	0	0
352	1.0	150.0	[3]	set()	4.449030231110591	3.9169778934971573	3.989907077447233	0.0	0	[273.7695090472698]	0.5869721380780343	0	0	0	0	0	0.125	0.25	0	0
166	1.0	150.0	[3]	set()	3.892294304132853	3.5345384528495853	3.4838554141835187	0.0	0	[647.7283099666238]	0.6488415735759886	0	0	0	0	0	0.044125	0.125	0	0
288	1.0	150.0	[3, 3, 3, 3, 2]	set()	5.830246375163132	4.134839162836534	4.311223293447555	0.0	0	[223.45913806930184, 301.96025544974003, 437.7888944000006, 474.8792047612369, 493.6527763493359]	1.3471865698245196	0	0	0	0	0	0.054125	0.5	0	0
225	1.0	150.0	[3, 2, 3, 3]	set()	3.1178764639350924	2.37819956477237	2.462749658406194	0.0	0	[221.5485693886876, 221.68274014256892, 505.7431651160984, 702.5063927285373]	1.37316333453506	0	0	0	0	0	0.0895	0.375	0	0
45	1.0	150.0	[3]	set()	4.079445313944092	3.539080193924403	3.5923525645363776	0.0	0	[846.2021965533495]	0.42924058769940626	0	0	0	0	0	0.0	0.0	0	0
353	1.0	150.0	[3, 2]	set()	4.28611458925781	3.5558224616909357	3.5838781230453725	0.0	0	[320.78216318041086, 525.9798970073462]	1.0435740271006386	0	0	0	0	0	0.04	0.125	0	0
416	1.0	150.0	[2, 2]	set()	4.315615809208844	3.717004606548608	3.854088853378119	0.0	0	[330.9407914057374, 835.0151302292943]	1.0085528533583048	0	0	0	0	0	0.0	0.0	0	0
167	1.0	150.0	[3]	set()	3.2198702414224405	3.06471333112015	3.07876006686819	0.0	0	[791.0986067727208]	0.5124974563695723	0	0	0	0	0	0.125	0.25	0	0
477	1.0	150.0	[3, 3]	set()	7.845426004311902	6.849421968352493	6.382330764833506	0.0	0	[111.53928423300384, 464.2743910893863]	0.946575336830051	0	0	0	0	0	0.057999999999999996	0.25	0	0
46	1.0	150.0	[2, 3, 3]	set()	4.648968124513351	3.804458737476007	3.7828676414819915	0.0	0	[467.0880436897278, 492.4937902165074, 991.0865630954504]	0.8379512370423734	0	0	0	0	0	0.00225	0.25	0	0
105	1.0	150.0	[3, 2, 3, 3, 3, 3]	set()	10.25642660770339	6.988769164553173	7.076181253219371	0.0	0	[174.9610509723425, 210.13838629005875, 390.5849517323077, 459.3668826452149, 892.5075586885214, 998.6670571379364]	1.5251665532711802	0	0	0	0	0	0.39175	2.75	0	0
226	1.0	150.0	[2, 3]	set()	5.505800334493051	4.592795865670045	4.4671912157298515	0.0	0	[736.7930938489735, 753.4933022689074]	0.6385945587228303	0	0	0	0	0	0.06175	0.25	0	0
168	1.0	150.0	[3, 3, 3, 3]	set()	4.3945207081679225	3.74892866561585	3.6597242423904417	0.0	0	[118.5278007760644, 263.7350647022065, 321.5934887470437, 877.6358267071857]	1.2812509108089443	0	0	0	0	0	0.32362499999999994	1.875	0	0
354	1.0	150.0	[3, 3, 3]	set()	5.443493528036075	4.920813707304889	4.9488631497417215	0.0	0	[383.2366801798344, 507.7953706495464, 647.9245400955924]	1.269931847894172	0	0	0	0	0	0.386125	1.375	0	0
478	1.0	150.0	[3]	set()	3.155426617757982	3.1100752050248435	3.0993051635896682	0.0	0	[852.992556989193]	0.4174828817409319	0	0	0	0	0	0.0555	0.375	0	0
289	1.0	150.0	[2]	set()	7.518299251207935	6.79827086183856	6.800978465379179	0.0	0	[495.326611911878]	0.6931034988114655	0	0	0	0	0	0.125	0.25	0	0
106	1.0	150.0	[3, 2, 3, 3]	set()	4.1325899416768985	3.4261973851415513	3.424873977378122	0.0	0	[152.89832620583343, 170.14014488086104, 299.6284792992321, 528.9485699031502]	1.3141517516107986	0	0	0	0	0	0.165625	0.5	0	0
47	1.0	150.0	[3, 3]	set()	3.7323474791930296	3.4377502576724486	3.434333229695889	0.0	0	[530.8958017267287, 750.1210272312164]	1.015392862204869	0	0	0	0	0	0.18	0.75	0	0
227	1.0	150.0	[3, 3]	set()	5.342993661788856	4.228278600974994	4.46831443035506	0.0	0	[119.6887195110321, 459.3809796045395]	0.9533559687724606	0	0	0	0	0	0.08712500000000001	0.5	0	0
417	1.0	150.0	[3, 3, 2, 3, 2]	set()	5.546995874969425	4.489795899024813	4.2531274922658255	0.0	0	[20.861756056547165, 119.8005987014552, 679.5017884411682, 684.6341043710709, 765.0372311223599]	1.2044601851261396	0	0	0	0	0	0.181875	1.375	0	0
355	1.0	150.0	[3]	set()	2.2784745690550015	2.176977370953596	2.17342667386308	0.0	0	[426.7087485641241]	0.6823651587525565	0	0	0	0	0	0.125	0.25	0	0
169	1.0	150.0	[3]	set()	4.564618788858222	3.9646345260809914	4.1789172284914065	0.0	0	[201.52323343791068]	0.5025068364625315	0	0	0	0	0	0.125	0.25	0	0
107	1.0	150.0	[2, 3, 2]	set()	4.577882413835082	3.469890113648632	3.628775789271339	0.0	0	[271.0342644713819, 553.3367162570357, 701.8389268778265]	1.3549152898599028	0	0	0	0	0	0.0	0.0	0	0
479	1.0	150.0	[2, 3]	set()	7.023889215882519	5.702777403182766	5.990769866934078	0.0	0	[498.65768873132765, 917.9686764255166]	0.9165566119978931	0	0	0	0	0	0.0	0.0	0	0
228	1.0	150.0	[3, 3, 2, 3, 3]	set()	8.035084815802321	4.485888502480196	4.881152020911809	0.0	0	[113.40234917588532, 232.144896707688, 365.0071611627936, 413.9123766101092, 671.9084333162755]	1.6308181704269082	0	0	0	0	0	0.125	0.75	0	0
108	1.0	150.0	[2]	set()	3.2038630184837187	2.961609306839466	2.960900523067113	0.0	0	[668.625659076497]	0.6351476550188015	0	0	0	0	0	0.25	0.5	0	0
290	1.0	150.0	[3, 3]	set()	8.505964771257421	7.566085527490204	7.34212137958005	0.0	0	[283.12416980043054, 987.827748991549]	0.6575591208205194	0	0	0	0	0	0.00325	0.25	0	0
48	1.0	150.0	[2, 2, 2, 2, 3, 3, 2]	set()	7.674507261902522	5.408451087588347	5.457904195876102	0.0	0	[152.96553121879697, 562.8807651810348, 732.3204015847296, 790.7861513085663, 942.965805530548, 962.8949711948115, 999.992597870254]	1.6064017600394458	0	0	0	0	0	0.25	2.0	0	0
170	1.0	150.0	[3, 2]	set()	3.308676871648119	2.9464586553921936	2.971485477074549	0.0	0	[226.8219275865704, 566.4211050607264]	1.065608073079912	0	0	0	0	0	0.0565	0.25	0	0
418	1.0	150.0	[3, 3]	set()	6.678026033554975	5.022057164993123	5.145849458608584	0.0	0	[6.8094388636109615, 823.8594916183501]	0.5049275918203208	0	0	0	0	0	0.022125	0.125	0	0
229	1.0	150.0	[3, 3, 3]	set()	3.361503535486729	2.9092921799129114	2.921633325646274	0.0	0	[524.1490192711353, 869.7123737074435, 893.818402191765]	1.0337032022475194	0	0	0	0	0	0.135375	1.0	0	0
480	1.0	150.0	[3, 2]	set()	4.896725824377046	4.201415160657072	4.1164034062866595	0.0	0	[763.3777689188719, 879.0624130051583]	0.7111107869614713	0	0	0	0	0	0.18425	0.875	0	0
356	1.0	150.0	[2, 3, 2, 3, 3, 3, 3, 2]	set()	9.530929294420204	6.178439818527833	6.586488170126947	0.0	0	[19.00759897338133, 119.07861568033697, 129.3428599661286, 303.9344469203722, 532.4534513056278, 714.8860476071999, 947.3410575525182, 957.9246971310076]	1.8257159234925109	0	0	0	0	0	0.25849999999999995	3.0	0	0
291	1.0	150.0	[3, 3, 3]	set()	6.854971525432303	5.528753388708044	5.844423774505884	0.0	0	[518.0705492384732, 835.091512902695, 864.6341784278111]	1.079643590980316	0	0	0	0	0	0.29775	1.0	0	0
171	1.0	150.0	[3]	set()	2.550128170430643	2.4416990376548005	2.417407250575411	0.0	0	[914.867443498224]	0.29112927995546334	0	0	0	0	0	0.03225	0.375	0	0
109	1.0	150.0	[3, 2]	set()	5.709191110412554	4.898652725701018	5.068867692878681	0.0	0	[540.8678413368762, 753.0468497764264]	1.0067311129472318	0	0	0	0	0	0.1825	0.625	0	0
419	1.0	150.0	[3]	set()	4.738306635457743	4.507047195830838	4.567042734006016	0.0	0	[3.1168744899332523]	0.021099259480678517	0	0	0	0	0	0.00075	0.25	0	0
481	1.0	150.0	[3, 3]	set()	2.9102637976790104	2.5300787220674854	2.582677674081474	0.0	0	[27.48471265658736, 96.44153450931236]	0.3748268836693956	0	0	0	0	0	0.253375	0.875	0	0
357	1.0	150.0	[3]	set()	1.7716044329833058	1.7004280024170682	1.6931681518275445	0.0	0	[307.27804102934897]	0.6169054254523245	0	0	0	0	0	0.07675	0.25	0	0
49	1.0	150.0	[3, 3, 3]	set()	6.3327338758745455	5.535824657089645	5.502793275280451	0.0	0	[329.60417959839106, 677.3559330031276, 917.0673785265536]	1.2819979874525824	0	0	0	0	0	0.409875	1.875	0	0
230	1.0	150.0	[2]	set()	8.426948016852478	7.534452141089687	7.280815036803833	0.0	0	[823.1951366178691]	0.4665138052054554	0	0	0	0	0	0.0	0.0	0	0
110	1.0	150.0	[3, 3]	set()	4.240005484238277	3.451548862783133	3.350828564819774	0.0	0	[682.734090834856, 758.3992993410344]	0.7990765831435975	0	0	0	0	0	0.21025000000000002	0.5	0	0
172	1.0	150.0	[3, 3, 3]	set()	8.773043829390382	7.8019064923479755	7.473923313339843	0.0	0	[444.8280216953897, 666.6895275624594, 762.6826667692512]	1.260702969223668	0	0	0	0	0	0.14100000000000001	0.75	0	0
292	1.0	150.0	[2]	set()	6.041778481403105	5.994884635064761	5.967867009486486	0.0	0	[204.8207684420049]	0.5070132352421503	0	0	0	0	0	0.0	0.0	0	0
482	1.0	150.0	[3]	set()	6.24265236020918	5.709909152070199	5.666987355877965	0.0	0	[560.2674321271479]	0.685865160634469	0	0	0	0	0	0.165	0.375	0	0
420	1.0	150.0	[3, 2, 3, 3]	set()	8.059477298279656	6.137302626753913	5.961723046376527	0.0	0	[117.8673324175179, 658.580977935344, 891.4791611023247, 926.0364453731072]	1.2327626544919879	0	0	0	0	0	0.08374999999999999	1.25	0	0
50	1.0	150.0	[3, 3]	set()	8.389207975885165	6.778891622389233	6.865899430764734	0.0	0	[403.5490313544869, 948.7685729342072]	0.8491447172316158	0	0	0	0	0	0.050375	0.125	0	0
111	1.0	150.0	[2, 2, 2]	set()	3.79305130725208	3.273503201391539	3.195246767133961	0.0	0	[183.4023343399167, 550.1322317868471, 679.0399635210633]	1.3077806889354902	0	0	0	0	0	0.0	0.0	0	0
173	1.0	150.0	[2, 2]	set()	3.5303591355620885	2.9223005186553768	3.0614279381195457	0.0	0	[330.51259350031614, 779.6467673033476]	1.058705479552139	0	0	0	0	0	0.0	0.0	0	0
358	1.0	150.0	[3, 3, 2]	set()	8.485608897085175	7.117540635656083	7.08137441585507	0.0	0	[260.8866477385164, 300.08361558429897, 781.0196671634912]	1.1621472282560172	0	0	0	0	0	0.375	1.5	0	0
231	1.0	150.0	[3]	set()	6.616049328500791	6.222869327211262	6.170148747106081	0.0	0	[322.9990398976952]	0.629109416323602	0	0	0	0	0	0.08475	0.125	0	0
293	1.0	150.0	[3, 2, 2]	set()	5.086019311279813	4.258439164854964	4.376493357757935	0.0	0	[243.88066958636043, 570.7502102325761, 951.0151231997504]	1.2250613978250335	0	0	0	0	0	0.030375	0.125	0	0
112	1.0	150.0	[3, 2]	set()	4.243420643819242	3.890072804241624	3.8776094910591845	0.0	0	[347.39064797759056, 903.6537129431964]	0.9189857022252139	0	0	0	0	0	0.043375	0.125	0	0
483	1.0	150.0	[2]	set()	6.734965846728885	5.749180830275309	5.722586794804182	0.0	0	[805.2799829747528]	0.49299511013655545	0	0	0	0	0	0.0	0.0	0	0
421	1.0	150.0	[3, 2]	set()	6.343935619541847	5.091508636669612	5.283636372015527	0.0	0	[291.7347098700702, 898.8308739885738]	0.8941479299638345	0	0	0	0	0	0.036375	0.125	0	0
174	1.0	150.0	[3, 3]	set()	2.658476147898017	2.477849593121995	2.4324951994618935	0.0	0	[544.7715003974736, 870.3416890930384]	0.9611083995890866	0	0	0	0	0	0.35875	1.0	0	0
359	1.0	150.0	[2, 3]	set()	3.1506016739191858	2.4053174351578086	2.422926382125192	0.0	0	[259.31593170389533, 371.06005288660526]	0.8865446633939813	0	0	0	0	0	0.046375	0.25	0	0
51	1.0	150.0	[3, 3, 3, 2, 2]	set()	8.665641561918413	5.877521906980782	6.131354304066315	0.0	0	[45.92239326145098, 173.34935906947013, 472.8615516796708, 718.3679200278928, 955.9492602612116]	1.588900667818298	0	0	0	0	0	0.080625	0.625	0	0
232	1.0	150.0	[3, 3]	set()	5.897162250861747	5.283211800373961	5.213927660131581	0.0	0	[390.0428859326572, 681.2455365434289]	1.0909348496680695	0	0	0	0	0	0.335125	1.0	0	0
294	1.0	150.0	[3, 3]	set()	2.4083233702972486	2.1510726075902467	2.1935166926751624	0.0	0	[783.4429191425443, 808.0597394146025]	0.5992045434115263	0	0	0	0	0	0.105375	0.875	0	0
113	1.0	150.0	[3, 3, 3]	set()	4.890836975004348	3.94812003357687	3.945946692094886	0.0	0	[668.0260561406612, 780.8555383235216, 940.155998527497]	0.9768312326845404	0	0	0	0	0	0.124	1.125	0	0
484	1.0	150.0	[3, 3, 3, 2]	set()	6.8156221338213	4.714073818548392	4.972374825522376	0.0	0	[64.84997660446479, 163.4129248559475, 541.7531665700723, 734.0459618717432]	1.4427951065097275	0	0	0	0	0	0.088	0.625	0	0
175	1.0	150.0	[3]	set()	4.188283287922349	3.9229825357069408	3.9194669016933337	0.0	0	[532.0569612085819]	0.6910904726331166	0	0	0	0	0	0.117	0.25	0	0
422	1.0	150.0	[2, 3, 3, 3, 2, 2, 2, 3]	set()	8.911008622086273	5.315804961264025	5.733616128875589	0.0	0	[62.29210831224741, 110.6517892330885, 327.5287924334407, 360.13073073670967, 565.4518062152895, 799.2446958087376, 815.3064167127013, 863.6772434166248]	1.9118478252747522	0	0	0	0	0	0.058	0.5	0	0
360	1.0	150.0	[3, 3, 3, 3, 2]	set()	7.227843751170278	5.193928955424829	5.403055329820212	0.0	0	[418.38546469807625, 483.6074458435178, 575.7037971634418, 888.6277917772532, 983.0715619027616]	1.417721104322113	0	0	0	0	0	0.08025	0.625	0	0
52	1.0	150.0	[3, 3]	set()	5.288154471004786	4.584622200048209	4.742243643448141	0.0	0	[481.5747793763876, 880.6385858915746]	0.9721917858342275	0	0	0	0	0	0.075125	0.25	0	0
114	1.0	150.0	[2]	set()	2.813951605372774	2.461393636201533	2.5523165932352163	0.0	0	[932.0260654203594]	0.24836633167052746	0	0	0	0	0	0.0	0.0	0	0
233	1.0	150.0	[3, 2, 3]	set()	8.285230947176476	7.281345796315927	7.290351216764311	0.0	0	[140.3493694961071, 395.7604705956852, 856.5832263784978]	1.259732696200915	0	0	0	0	0	0.2855	1.25	0	0
485	1.0	150.0	[3]	set()	2.407488042354898	2.338898364890402	2.3438515078140485	0.0	0	[773.5654395073652]	0.5349321594380548	0	0	0	0	0	0.25	0.5	0	0
295	1.0	150.0	[3, 3, 3, 3, 2, 2]	set()	9.525140265692643	7.216605199507395	7.36283688581007	0.0	0	[175.38955844384984, 423.5059885709442, 548.0388598517231, 645.0847961085424, 910.2437301859312, 927.2843189537524]	1.7489120934245965	0	0	0	0	0	0.203375	1.5	0	0
176	1.0	150.0	[2, 3, 2]	set()	6.484691212203826	5.278640459398734	5.294030887780922	0.0	0	[354.99484515068303, 688.6699125170708, 956.3368132803588]	1.2233972777789859	0	0	0	0	0	0.0	0.0	0	0
361	1.0	150.0	[3, 3]	set()	3.8220029446041512	3.26865513304663	3.2986058099985867	0.0	0	[25.675585959106684, 162.59543341584504]	0.5148711408540076	0	0	0	0	0	0.0125	0.5	0	0
53	1.0	150.0	[2, 2, 3, 3]	set()	10.381349236272303	5.936158974556048	6.463552391972216	0.0	0	[515.9534625709057, 557.3520544755045, 870.6835805667032, 904.4335270300508]	1.1756344483394923	0	0	0	0	0	0.01625	0.25	0	0
486	1.0	150.0	[2]	set()	3.4238541063945447	3.171855461308805	3.2014211760541262	0.0	0	[626.6063440125436]	0.6607371685913273	0	0	0	0	0	0.125	0.25	0	0
423	1.0	150.0	[2, 3]	set()	8.004972657439158	6.909473588168821	6.889436272033586	0.0	0	[486.9992220774293, 942.6742717623712]	0.8724363468955912	0	0	0	0	0	0.125	0.375	0	0
177	1.0	150.0	[3, 2, 3]	set()	4.243085072073205	3.3899504351228273	3.5009447901929818	0.0	0	[90.81535460427403, 557.0980183722606, 930.0182014703752]	1.127578998521927	0	0	0	0	0	0.0425	0.5	0	0
234	1.0	150.0	[3, 3, 3, 2, 2, 3]	set()	7.133159136741845	4.863373312195357	5.367213598310357	0.0	0	[154.7101940959692, 166.21641825489309, 296.41378088854253, 419.3519550679256, 437.6624864579659, 822.275008829381]	1.610990378716701	0	0	0	0	0	0.17099999999999999	1.25	0	0
296	1.0	150.0	[3, 3, 3, 3, 2]	set()	5.790825799469315	4.742702695047425	4.6467470350000175	0.0	0	[37.085602059960365, 64.16470917675277, 477.69544553011656, 554.9993133172393, 991.9148064218462]	1.1836889041843337	0	0	0	0	0	0.41512499999999997	3.125	0	0
362	1.0	150.0	[2, 3, 3, 3]	set()	7.201075271605219	5.2244028071790245	5.324909730239976	0.0	0	[130.50412526354194, 253.0598440207541, 618.4144774451852, 911.6790499538184]	1.4649677171536546	0	0	0	0	0	0.252125	1.375	0	0
115	1.0	150.0	[3, 3, 3, 2, 3]	set()	8.322864769667053	6.942628892720899	6.945716179370621	0.0	0	[107.1521311532706, 219.88767478615048, 259.50278476341725, 259.7219194285572, 376.45190581679344]	1.1603829603859899	0	0	0	0	0	0.163875	1.0	0	0
487	1.0	150.0	[3]	set()	2.7287078126407667	2.6379411200081186	2.5307019087251206	0.0	0	[956.9206633605064]	0.17760990207117575	0	0	0	0	0	0.1415	0.625	0	0
235	1.0	150.0	[3]	set()	2.457842789698142	2.3418548089195252	2.3311248318542788	0.0	0	[967.1045234426856]	0.14466736510924894	0	0	0	0	0	0.0	0.0	0	0
178	1.0	150.0	[3, 3, 2]	set()	2.79960724665555	2.394328735426724	2.2954634294988003	0.0	0	[171.21727019548416, 496.37890330371135, 953.6770912818612]	1.1675738100091442	0	0	0	0	0	0.083375	0.375	0	0
424	1.0	150.0	[3, 3]	set()	2.7651389319861117	2.3142113751091387	2.3058700663592955	0.0	0	[315.1190179329963, 488.1309848278761]	1.0102240019053443	0	0	0	0	0	0.228375	0.625	0	0
54	1.0	150.0	[2, 2]	set()	5.8913564509463985	4.921279034704693	4.901708440534383	0.0	0	[534.6865667961538, 687.7096886746585]	0.9854538431740261	0	0	0	0	0	0.0	0.0	0	0
297	1.0	150.0	[3, 3]	set()	6.656909436709632	5.668304007276191	5.79085634715044	0.0	0	[635.7605061493814, 743.7612877693027]	0.8772318570555644	0	0	0	0	0	0.0	0.0	0	0
116	1.0	150.0	[3, 3, 3, 3]	set()	4.6207812869569	3.1774755542108526	3.519559298219849	0.0	0	[180.06561279198462, 545.20448889456, 716.203884454444, 718.5931723817722]	1.3498154682400885	0	0	0	0	0	0.23874999999999996	1.375	0	0
363	1.0	150.0	[3]	set()	5.044133824961833	4.712199816978882	4.598562235462442	0.0	0	[742.9086230695248]	0.5699925496501488	0	0	0	0	0	0.15725	0.375	0	0
236	1.0	150.0	[3, 3]	set()	3.414895182830174	2.8072002274689427	2.778826513852762	0.0	0	[158.3700100891292, 918.9490229777144]	0.7036541994449635	0	0	0	0	0	0.1645	0.625	0	0
425	1.0	150.0	[3]	set()	3.753174148102542	3.370254331502205	3.338740434011996	0.0	0	[447.64090329408646]	0.6876541654152724	0	0	0	0	0	0.167625	0.375	0	0
488	1.0	150.0	[3, 3, 2, 3, 3]	set()	6.869077724360087	4.9814911065214975	5.12808103296498	0.0	0	[380.8243754319847, 515.8703319527118, 735.4078133114506, 890.0188302024445, 927.5941499508916]	1.5729387455384995	0	0	0	0	0	0.25375	1.25	0	0
55	1.0	150.0	[3, 3]	set()	4.454072607620648	4.100134904230222	3.941219773784759	0.0	0	[10.468039195984602, 954.8178645782172]	0.24173192006332436	0	0	0	0	0	0.15175	1.25	0	0
179	1.0	150.0	[2, 3, 3, 2, 3, 3]	set()	8.897372005890215	5.859901972441402	5.772450979753996	0.0	0	[147.90982147678733, 161.22301761060953, 349.43272074136274, 567.0292867134639, 697.3194942232926, 957.1685950233864]	1.7370413675808587	0	0	0	0	0	0.15987500000000002	1.25	0	0
364	1.0	150.0	[3]	set()	3.0345643083879232	2.9921928522195658	2.990367565155794	0.0	0	[605.2560303360224]	0.6708228909128142	0	0	0	0	0	0.226875	0.375	0	0
117	1.0	150.0	[3]	set()	5.1754139567855875	4.523590142230521	4.581141457041748	0.0	0	[73.88079911470413]	0.26356361918685484	0	0	0	0	0	0.009125	0.125	0	0
56	1.0	150.0	[3, 3]	set()	3.4091467932281203	2.9003770947718674	2.9490182464596044	0.0	0	[483.24103094637394, 692.3166196793318]	1.0413092736733076	0	0	0	0	0	0.189625	0.625	0	0
298	1.0	150.0	[3, 3, 3, 3, 3, 2, 2]	set()	10.402665147356739	6.419900193394993	6.716853123101736	0.0	0	[67.6358884666115, 100.6718366406858, 362.35245972897934, 545.0866130407128, 572.2781554396465, 801.7807093930577, 879.6475623755706]	1.845671067312081	0	0	0	0	0	0.238375	1.875	0	0
426	1.0	150.0	[2, 3, 3, 2, 2, 3, 3]	set()	7.629876185694267	4.334003031436407	4.872583603509485	0.0	0	[168.6515612527728, 175.32370808862652, 310.4436062868341, 519.7740096642125, 657.2035420686007, 734.5806333546849, 905.9613328427076]	1.926793751288145	0	0	0	0	0	0.136875	1.125	0	0
489	1.0	150.0	[3, 2, 3, 3, 3, 3]	set()	7.054323465117649	4.172696043783939	4.434968826621182	0.0	0	[360.7172598131001, 361.6662420844637, 391.1895561031997, 705.7593800127506, 708.9644656516612, 784.5589243806899]	1.3865644276515618	0	0	0	0	0	0.27225	2.375	0	0
365	1.0	150.0	[3]	set()	2.771492003444054	2.3900196901363238	2.39023719373799	0.0	0	[499.3517454713583]	0.6931463400918421	0	0	0	0	0	0.0	0.0	0	0
237	1.0	150.0	[2, 2, 3]	set()	8.400486194413773	6.41031827978282	6.542743055637533	0.0	0	[129.04895153014516, 453.6232812692611, 507.2723787743598]	1.1351513658873476	0	0	0	0	0	0.063375	0.375	0	0
180	1.0	150.0	[2, 3, 3]	set()	5.749562535297461	5.065151054821323	5.118768205585166	0.0	0	[377.9298812150955, 418.6310300137848, 944.8266737163068]	0.9957612578290969	0	0	0	0	0	0.13899999999999998	0.75	0	0
118	1.0	150.0	[3, 3]	set()	4.905284604294612	4.16809207179485	3.9698765876488147	0.0	0	[215.1488121598959, 723.850405273597]	1.0297410508932958	0	0	0	0	0	0.0	0.0	0	0
57	1.0	150.0	[3]	set()	4.103333939659996	3.623520715207497	3.629522693412528	0.0	0	[547.7195167914033]	0.6885859367836298	0	0	0	0	0	0.11325	0.25	0	0
299	1.0	150.0	[2]	set()	2.3068183885224025	2.1233291476112264	2.0610583136814538	0.0	0	[977.2112595383078]	0.10870244650523431	0	0	0	0	0	0.25	0.5	0	0
366	1.0	150.0	[3, 3]	set()	4.061028113960454	3.4747643368805434	3.513969348330159	0.0	0	[368.50799270905554, 886.6063966471622]	0.9554207132879394	0	0	0	0	0	0.13925	0.5	0	0
427	1.0	150.0	[3, 2]	set()	5.800505128268292	5.232129834847602	5.337968593105888	0.0	0	[253.55696817860007, 742.3016135580838]	1.0472522268040794	0	0	0	0	0	0.125	0.375	0	0
119	1.0	150.0	[2, 2, 3]	set()	3.520967069040063	2.860225141096394	2.8037100100304966	0.0	0	[385.6225811248856, 632.6385118296524, 774.6960334479809]	1.325861397022021	0	0	0	0	0	0.08475	0.375	0	0
490	1.0	150.0	[3, 2, 2, 3]	set()	6.568882160066222	4.958970157058585	5.194589894810538	0.0	0	[118.43396862968802, 167.62577556073666, 352.0819786447533, 972.8603642433882]	1.1064899685567189	0	0	0	0	0	0.02175	0.375	0	0
300	1.0	150.0	[3]	set()	4.017386450257728	3.4092735871687405	3.351302608454016	0.0	0	[283.0008575692773]	0.5957652264585815	0	0	0	0	0	0.0	0.0	0	0
238	1.0	150.0	[2, 2, 3, 2, 3, 3]	set()	10.040312517658096	6.531424015193874	6.193184886795699	0.0	0	[18.778232305910468, 219.84172927225652, 347.6668167859316, 644.6794234766546, 772.9359969612275, 858.3251448999633]	1.7710634622021986	0	0	0	0	0	0.321875	2.375	0	0
58	1.0	150.0	[3, 3]	set()	5.894441850416245	5.203149876121088	5.239931430581937	0.0	0	[620.200461242348, 975.3773701377212]	0.7551395208190306	0	0	0	0	0	0.050624999999999996	0.375	0	0
367	1.0	150.0	[3]	set()	3.127130262540931	2.8117383637277777	2.7406610770911617	0.0	0	[228.37103344500065]	0.5373005388807612	0	0	0	0	0	0.2785	0.625	0	0
181	1.0	150.0	[3, 2]	set()	4.487606007261375	3.9905560008832803	4.014508754389819	0.0	0	[254.87294048070908, 470.5023891292512]	1.0158948497462366	0	0	0	0	0	0.125	0.375	0	0
491	1.0	150.0	[3]	set()	3.7765878224889438	3.6764246298988876	3.6346699129092688	0.0	0	[242.7389989607036]	0.5542166042376082	0	0	0	0	0	0.0605	0.25	0	0
120	1.0	150.0	[2, 2]	set()	4.584954921165858	4.078660200995181	4.034531849757191	0.0	0	[578.6864242982119, 816.7372485622764]	0.9691723050519477	0	0	0	0	0	0.0	0.0	0	0
301	1.0	150.0	[3, 3, 3]	set()	4.169182432581353	3.2632915028834955	3.5651391292205448	0.0	0	[167.47098229825497, 370.6294884905219, 862.9626754667053]	1.2442781910367993	0	0	0	0	0	0.224625	0.875	0	0
428	1.0	150.0	[3, 3]	set()	4.872884903265424	4.500043144720465	4.50138744960269	0.0	0	[588.6784149333835, 762.5282297376543]	0.9575021115911548	0	0	0	0	0	0.1925	0.625	0	0
182	1.0	150.0	[3]	set()	2.6730958351505287	2.5247273864444097	2.544516868557769	0.0	0	[707.0544795133173]	0.6047680278688607	0	0	0	0	0	0.036625	0.125	0	0
59	1.0	150.0	[2]	set()	3.655366447286954	3.410969940229846	3.4081743859392923	0.0	0	[361.72193102538586]	0.6544025020730013	0	0	0	0	0	0.0	0.0	0	0
239	1.0	150.0	[2, 2]	set()	7.564165767044402	6.737473256848986	6.8041656666590296	0.0	0	[567.7870288491249, 950.1701269764452]	0.8384165187034451	0	0	0	0	0	0.0	0.0	0	0
368	1.0	150.0	[3]	set()	4.537008748583796	4.467327230095156	4.47762053694566	0.0	0	[106.21711425483228]	0.33853246892646427	0	0	0	0	0	0.01325	0.125	0	0
492	1.0	150.0	[3, 2]	set()	4.77104286729217	4.076341195877838	4.087092002093015	0.0	0	[631.7518730647862, 806.280514691025]	0.912766586483996	0	0	0	0	0	0.203875	0.5	0	0
121	1.0	150.0	[3]	set()	2.8074666095221437	2.400495149021211	2.4057269366245766	0.0	0	[432.4615059886128]	0.6839963373259559	0	0	0	0	0	0.0	0.0	0	0
183	1.0	150.0	[3]	set()	2.8682729594832708	2.65925318098546	2.7066972455730545	0.0	0	[70.08066959679127]	0.2538475641444058	0	0	0	0	0	0.00875	0.125	0	0
429	1.0	150.0	[3, 3, 3]	set()	5.052252349023673	4.315821318028059	4.2923526686478315	0.0	0	[125.29235426336528, 176.8343725707382, 324.17614199221134]	0.9600487116354461	0	0	0	0	0	0.24075000000000002	0.875	0	0
302	1.0	150.0	[3, 2, 3, 2]	set()	7.22092446229801	5.647970897608878	5.597720714642175	0.0	0	[107.2923857718706, 639.7198802686338, 704.4026869454378, 723.9755701739341]	1.184518670402043	0	0	0	0	0	0.0905	0.75	0	0
60	1.0	150.0	[3, 2, 3]	set()	6.1573975105523235	4.8761319884991	4.951710407857019	0.0	0	[539.9256316013634, 726.5863216016442, 746.8133005313575]	1.072756593396423	0	0	0	0	0	0.25	1.0	0	0
493	1.0	150.0	[3]	set()	2.2240333647669783	2.047217568594629	2.0659498563506884	0.0	0	[573.4841758385301]	0.6823081136066322	0	0	0	0	0	0.125	0.25	0	0
369	1.0	150.0	[3, 3, 3, 3]	set()	4.856504079420715	3.5594884355300165	3.6771427250671143	0.0	0	[198.657024301248, 222.88501425646243, 442.8549555495146, 742.9759993683547]	1.4546970148072735	0	0	0	0	0	0.4295	2.125	0	0
122	1.0	150.0	[3, 3, 3]	set()	5.267035029041965	4.529733752196844	4.457179423367964	0.0	0	[517.0720322057605, 894.3300042301416, 894.6873089298606]	0.9486836472548639	0	0	0	0	0	0.15175	0.875	0	0
240	1.0	150.0	[3, 2, 3, 2, 3]	set()	6.937836636980873	5.54731680276188	5.4274766922243005	0.0	0	[24.517714977264404, 267.1386527363211, 535.9883150085807, 765.4486192708099, 782.5501305051148]	1.5268278532345	0	0	0	0	0	0.441875	2.625	0	0
61	1.0	150.0	[3]	set()	5.188979701776729	4.916879524223633	4.962617501315993	0.0	0	[268.3978630229831]	0.5816587988532256	0	0	0	0	0	0.067	0.25	0	0
494	1.0	150.0	[3, 3]	set()	5.555084911636902	4.660453911498006	4.647902489841624	0.0	0	[33.6722806096077, 853.6946401000023]	0.5581048379154148	0	0	0	0	0	0.040874999999999995	0.375	0	0
184	1.0	150.0	[2, 3]	set()	8.921289401059369	7.931480102159696	7.97669383855326	0.0	0	[874.395014019683, 900.2589164301753]	0.4418150321207185	0	0	0	0	0	0.125	0.375	0	0
430	1.0	150.0	[2, 2, 3]	set()	8.007130393998771	6.084298823730124	6.171017757914439	0.0	0	[204.9257471578993, 277.9671198222786, 747.1013019276907]	1.218707373431922	0	0	0	0	0	0.031625	0.125	0	0
303	1.0	150.0	[3]	set()	5.327282038418887	5.059096011813788	5.012138076773381	0.0	0	[206.1257676687092]	0.5087781582916677	0	0	0	0	0	0.02575	0.125	0	0
241	1.0	150.0	[3]	set()	3.6845872696661117	3.028823755855972	3.034910719720916	0.0	0	[620.2717665582895]	0.66393092697083	0	0	0	0	0	0.0	0.0	0	0
370	1.0	150.0	[2]	set()	5.635259138970806	5.1279811332087775	5.19168302135795	0.0	0	[120.03103597089648]	0.3669868237168986	0	0	0	0	0	0.0	0.0	0	0
123	1.0	150.0	[3, 3, 3, 3]	set()	6.816949500916587	5.569928635474834	5.570219360601696	0.0	0	[268.9524730667472, 452.2824743762612, 835.0743823684752, 926.8120010383428]	1.4422998200132295	0	0	0	0	0	0.479375	2.25	0	0
495	1.0	150.0	[3]	set()	2.1568378438539084	2.040619205979614	1.9976620605728521	0.0	0	[993.41676896438]	0.03963059496394414	0	0	0	0	0	0.12675	0.5	0	0
185	1.0	150.0	[3, 3]	set()	2.6479438343050488	2.0868587784678807	2.1226399613120375	0.0	0	[170.92637298628688, 278.04915700107813]	0.7764442565697541	0	0	0	0	0	0.0695	0.5	0	0
242	1.0	150.0	[2]	set()	2.3576910704973533	2.203375168625991	2.1775896691787957	0.0	0	[885.5358008295298]	0.35574822118102056	0	0	0	0	0	0.0	0.0	0	0
431	1.0	150.0	[2, 3, 2]	set()	4.972297141416578	3.6298841319377786	3.8569305184167915	0.0	0	[475.3181523254355, 489.8115361575037, 668.6000225599855]	1.0886951813947643	0	0	0	0	0	0.12225	0.5	0	0
371	1.0	150.0	[3, 3]	set()	3.619639092637212	3.0432890866941387	3.1826479764309035	0.0	0	[152.07078886612967, 852.9530074447393]	0.8174054025666875	0	0	0	0	0	0.0745	0.5	0	0
304	1.0	150.0	[3, 3, 3, 3]	set()	6.275674759669951	4.452569506398958	4.828997613840059	0.0	0	[491.3439832162112, 547.2368425689638, 575.1315387897193, 987.038921401858]	1.0318815222821232	0	0	0	0	0	0.137125	1.0	0	0
243	1.0	150.0	[3, 3, 3, 2]	set()	5.1402791215987795	3.940257692513056	4.074591209588951	0.0	0	[190.84093811496717, 252.3942105472088, 916.1232225596904, 922.1420262474568]	0.9892788090922925	0	0	0	0	0	0.27375000000000005	1.375	0	0
432	1.0	150.0	[3, 2]	set()	6.406753262430475	5.02185872176723	5.413250238239022	0.0	0	[252.09695370668032, 427.47607128694654]	0.9719727755105432	0	0	0	0	0	0.125	0.375	0	0
305	1.0	150.0	[3]	set()	3.2178691131046104	2.821614886688157	2.7871794904693665	0.0	0	[816.4974479004741]	0.476663223297371	0	0	0	0	0	0.023	0.125	0	0
433	1.0	150.0	[2, 2, 2, 3, 3]	set()	6.709715217267932	4.006519710059574	4.469274868255967	0.0	0	[163.12471564765318, 242.1719437371029, 450.1984649241615, 507.88320135325193, 609.3688793908618]	1.5869371021696934	0	0	0	0	0	0.063375	0.5	0	0
244	1.0	150.0	[3]	set()	3.3653770824754243	3.1271861543704333	3.127128712431701	0.0	0	[479.6056812629104]	0.6923150932710755	0	0	0	0	0	0.0	0.0	0	0
306	1.0	150.0	[2, 3, 2]	set()	4.480157912182962	3.2427116447403788	3.5208810871882603	0.0	0	[610.9724876005203, 778.6333323456347, 788.571706507355]	0.9748002501836207	0	0	0	0	0	0.13875	1.25	0	0
245	1.0	150.0	[3, 3]	set()	3.9105588146448116	3.6656570566272717	3.645405416290505	0.0	0	[809.084516717121, 973.357079550624]	0.5647065980147222	0	0	0	0	0	0.030625	0.5	0	0
307	1.0	150.0	[3, 3, 3, 3, 2, 3, 3, 3, 3, 3]	set()	8.208804897575789	4.3550927405905755	5.274840132438402	0.0	0	[20.87599970400333, 85.58012026836703, 185.05403926663377, 336.0049284294598, 352.0663215989357, 396.2237504310906, 432.2441558258985, 687.721589114517, 834.071183472421, 902.4277207325362]	2.137110235704989	0	0	0	0	0	0.39575000000000005	4.375	0	0
246	1.0	150.0	[2]	set()	2.5000744184954207	2.1495858409226822	2.236324029880017	0.0	0	[818.3416938409209]	0.47389876176233103	0	0	0	0	0	0.0	0.0	0	0
308	1.0	150.0	[3, 2, 3, 3]	set()	6.445314013940384	5.226904640679837	5.414136883159985	0.0	0	[267.3960516694933, 730.5719631522828, 731.0529835522175, 801.4089271891862]	1.2206211518443775	0	0	0	0	0	0.2585	1.25	0	0
247	1.0	150.0	[2, 3, 3, 3, 3]	set()	5.103179998630461	3.819424594392892	3.9389891801461134	0.0	0	[26.46704742491801, 593.237255437446, 658.033240120858, 774.0928344428539, 904.238875489682]	1.3352306535327987	0	0	0	0	0	0.304125	2.375	0	0
309	1.0	150.0	[3]	set()	1.7610909624527202	1.5503022529422827	1.5511267421779582	0.0	0	[516.3737242110074]	0.6926108869937485	0	0	0	0	0	0.0	0.0	0	0
