iter	recomb_rate	mut_rate	recomb_type	recomb_node	ARG_length_1	ARG_length_2	ARG_length_3	ARG_length_4	root_height_change	bp	bp_pos_deviation	rank_stat	info_sites_global	confounding_info_sites	consistent_info_sites	weighted_consistent_info_sites	rf_dist	no_neu_recurr_mut	no_adv_recurr_mut	info_sites_imbalance
124	0.1	5.0	[3]	{0}	2.4600805994538764	2.3046118260705555	2.2580512146358016	0.0	0	158.53117406368244	341.46882593631756	1.889822365046136	11	5	8	5.1561870443820945	3.440280035854805	0	0	5
310	0.1	5.0	[1]	{0}	3.732288134186501	2.876817285279659	2.876817285279659	0.0	0	418.2270336896182	81.77296631038178	0.4472135954999579	4	0	2	1.2574540673792365	0.0	0	0	0
62	0.1	5.0	[1]	{2}	8.794712547860438	8.092931354428767	8.092931354428767	0.0	0	510.2702765725553	10.270276572555304	nan	0	0	0	0.0	0.0	0	0	0
248	0.1	5.0	[1]	{0}	6.871328544627663	5.850838022373275	5.850838022373275	0.0	0	578.3371869474648	78.33718694746483	0.0	4	0	2	1.4043256261050703	0.0	0	0	0
186	0.1	5.0	[1]	{0}	6.854099297179809	5.735805590712474	5.735805590712474	0.0	0	84.79706896469	415.20293103531003	nan	3	1	2	1.64359413792938	0.0	0	0	1
0	0.1	5.0	[2]	{2}	12.035512060034854	11.850619255934692	11.873354965106676	0.0	0	49.56198669970033	450.43801330029964	1.6569182693363316	69	61	65	30.841405162081116	5.906073603080526	0	0	61
372	0.1	5.0	[1]	{1}	3.245232720454009	2.9868833253413674	2.9868833253413674	0.0	0	935.2853004820646	435.2853004820646	nan	1	1	1	0.9197146995179354	0.0	0	0	1
434	0.1	5.0	[2]	{1}	3.5865436277100624	3.0745356992728308	2.8921153299088598	0.0	0	921.7380767222496	421.7380767222496	0.40599897147057507	12	4	8	4.977571539666503	1.5313877406155345	0	0	4
496	0.1	5.0	[1]	{1}	8.186351803023982	5.686109736581237	5.686109736581236	0.0	0	213.45934784039855	286.54065215960145	nan	0	0	0	0.0	0.0	0	0	0
125	0.1	5.0	[1]	{1}	6.902340313820258	6.413180818083532	6.413180818083532	0.0	0	728.6590777803215	228.65907778032147	0.0	9	3	6	4.9799999999999995	0.0	0	0	3
187	0.1	5.0	[3]	{2}	5.713156965806227	5.620778246902549	5.6247962699650795	0.0	0	166.03441466577357	333.96558533422643	2.792848008753788	29	29	29	17.893791537312786	10.731459613727406	0	0	29
63	0.1	5.0	[2]	{1}	9.548393258581658	8.556079556983974	8.480510985708221	0.0	0	837.1058460325004	337.1058460325004	0.7977240352174657	32	20	26	16.178671387284993	3.930483032710436	0	0	20
311	0.1	5.0	[1]	{2}	4.105309166469621	3.8904794299845182	3.8904794299845182	0.0	0	884.6288183704019	384.62881837040186	0.5683985600588051	12	2	7	5.212855908147991	0.0	0	0	2
1	0.1	5.0	[2]	{0}	1.816544125735538	1.711661621999033	1.697227831112998	0.0	0	393.3913074433804	106.60869255661959	0.2182178902359924	8	0	4	1.9195652297735215	0.9243461434566063	0	0	0
249	0.1	5.0	[1]	{0}	8.285303735887732	6.190144583844974	6.190144583844974	0.0	0	604.1753585450351	104.17535854503512	nan	1	1	1	0.9888246414549648	0.0	0	0	1
435	0.1	5.0	[2]	{0}	3.4054108546514095	2.642287954986657	2.6503667453528683	0.0	0	443.73944750986993	56.26055249013007	2.121320343559643	11	1	6	4.44852110498026	1.0912573192862773	0	0	1
373	0.1	5.0	[1]	{0}	3.3557898432379383	2.5462158591069897	2.54621585910699	0.0	0	666.4848984219132	166.48489842191316	1.5491933384829668	4	0	2	1.2270302031561737	0.0	0	0	0
497	0.1	5.0	[2]	{1}	5.607248696980493	4.17034092824285	4.47798937199682	0.0	0	847.4950892850758	347.4950892850758	0.2464320290450721	18	8	13	6.681563839294014	2.5596967972214637	0	0	8
126	0.1	5.0	[3]	{0}	6.366250892759252	5.089620140717969	5.254366666297001	0.0	0	308.84313816204656	191.15686183795344	2.037750357832768	18	8	13	8.639215690810232	4.699267428575149	0	0	8
64	0.1	5.0	[3]	{0}	6.2350016083727935	4.852242000878195	5.423545084126451	0.0	0	120.65136921592055	379.34863078407943	1.00558663564743	20	14	16	8.986816430591047	7.484361686547178	0	0	12
188	0.1	5.0	[1]	{1}	5.4604697135126035	5.248227339636979	5.248227339636979	0.0	0	17.62232603505262	482.3776739649474	0.9284766908852593	28	22	25	12.783558150876317	0.0	0	0	22
312	0.1	5.0	[2]	{2}	1.9292107632150455	1.7167931898384217	1.750541848388613	0.0	0	845.9529660176487	345.9529660176487	0.0	11	3	7	3.8483292378764586	0.8834892033240975	0	0	3
250	0.1	5.0	[2]	{1}	3.102781958857177	2.6773499164652	2.588164306699851	0.0	0	78.8635574281217	421.1364425718783	1.013889554129062	12	8	10	6.041635574281218	1.2485469966803815	0	0	8
2	0.1	5.0	[1]	{2}	5.884098175224444	4.654011490806922	4.654011490806922	0.0	0	231.27365857362747	268.7263414263725	0.14907119849998599	8	2	5	3.656368292868138	0.0	0	0	2
374	0.1	5.0	[2]	{0}	4.520322806459107	3.416189600141914	3.6764195236638075	0.0	0	859.2270314693453	359.2270314693453	1.323448205074589	14	10	12	7.157183748245237	2.1406744385979377	0	0	10
436	0.1	5.0	[1]	{1}	2.2863111713749014	1.862247477968185	1.862247477968185	0.0	0	593.1756859645249	93.17568596452486	nan	3	1	2	1.5136486280709502	0.0	0	0	1
498	0.1	5.0	[1]	{2}	2.818898669356248	2.44481056306983	2.44481056306983	0.0	0	289.6155256312341	210.3844743687659	0.35355339059327373	7	1	4	2.510231051262468	0.0	0	0	1
127	0.1	5.0	[1]	{1}	6.812500996078188	6.543312097678373	6.543312097678373	0.0	0	336.4542205818	163.54577941820003	0.14638501094227999	13	5	9	7.204271102909001	0.0	0	0	5
189	0.1	5.0	[3]	{0}	6.274810677885287	5.746609845591034	5.599018209692034	0.0	0	337.9833889193831	162.01661108061688	3.3147573212938544	33	25	29	23.242016611080622	8.054247682867313	0	0	25
3	0.1	5.0	[3]	{0}	2.5265570562912156	2.1540664712041857	2.162377292288375	0.0	0	386.6628303658218	113.33716963417822	1.4638501094227998	9	7	8	6.026651321463287	2.213004292690294	0	0	7
65	0.1	5.0	[1]	{0}	7.146959341269721	5.620684876631261	5.620684876631261	0.0	0	124.8188759200275	375.1811240799725	1.4433756729740645	8	4	6	4.078637751840055	0.0	0	0	4
313	0.1	5.0	[2]	{1}	1.6106654300508985	1.3366909961269524	1.3953690076503498	0.0	0	204.04977770522248	295.9502222947775	0.7745966692414834	9	5	7	4.1632488885261125	0.7883061606736961	0	0	5
251	0.1	5.0	[2]	{0}	4.172151966588962	3.601779470327605	3.522617054250503	0.0	0	320.73762174695736	179.26237825304264	0.47140452079103173	15	3	9	6.0551633522287025	1.8781419068288936	0	0	3
375	0.1	5.0	[1]	{0}	3.447402217028692	2.8462297532138754	2.8462297532138754	0.0	0	514.8609981406479	14.860998140647894	0.7006490497453707	14	4	9	7.422026986984535	0.0	0	0	4
437	0.1	5.0	[2]	{1}	5.066680205650115	3.9581533026593334	3.8789779234194963	0.0	0	877.5789237115533	377.57892371155333	0.47140452079103173	15	1	8	4.259368610307574	1.5553300842980196	0	0	1
499	0.1	5.0	[1]	{1}	12.00342715597872	9.596278838133522	9.596278838133522	0.0	0	105.77548434957868	394.2245156504213	2.5584085962673253	10	2	6	2.334652906097472	0.0	0	0	2
128	0.1	5.0	[3]	{2}	2.994813171256334	2.694852686607549	2.7286762684370687	0.0	0	320.0382411014288	179.9617588985712	2.2045407685048604	15	13	14	10.120229446608574	4.048479837711313	0	0	13
190	0.1	5.0	[1]	{1}	2.760583254971908	2.3580859781006067	2.3580859781006067	0.0	0	886.7972390726209	386.79723907262087	1.224744871391589	3	1	2	0.5714055218547582	0.0	0	0	1
66	0.1	5.0	[1]	{0}	6.422887082020847	4.641820094593711	4.6418200945937125	0.0	0	787.3851903714241	287.3851903714241	0.0	7	1	4	2.389229619257152	0.0	0	0	1
4	0.1	5.0	[1]	{1}	3.7035563554735815	2.734252677363081	2.7342526773630804	0.0	0	151.2370291166007	348.7629708833993	2.1213203435596424	7	1	4	3.1274740582332017	0.0	0	0	1
314	0.1	5.0	[2]	{2}	6.293783348279362	6.033736385817573	5.9700029933153065	0.0	0	731.2331395223738	231.2331395223738	0.14350946197048195	22	2	12	7.860668604776262	3.0987352744352883	0	0	2
252	0.1	5.0	[2]	{0}	2.0161798468491448	1.6149414504402038	1.6141410308321769	0.0	0	556.4213721081614	56.42137210816145	0.6546536707079772	6	0	3	1.9704213721081614	0.6202375686388635	0	0	0
376	0.1	5.0	[2]	{0}	3.2364928419349246	2.889493423363795	2.6938453934370554	0.0	0	870.6590288784357	370.6590288784357	0.8660254037844386	17	1	9	6.441704855607822	1.6034372677318025	0	0	1
438	0.1	5.0	[1]	{1}	3.8504249651852067	2.921177629466717	2.921177629466717	0.0	0	609.4165449030697	109.41654490306973	1.3887301496588271	6	2	4	2.84	0.0	0	0	2
129	0.1	5.0	[1]	{0}	5.184607094526534	3.5939228129052148	3.5939228129052148	0.0	0	678.056283853948	178.056283853948	nan	2	0	1	0.355943716146052	0.0	0	0	0
191	0.1	5.0	[1]	{0}	2.230208249804863	2.010015797952761	2.010015797952761	0.0	0	487.2407377697527	12.759262230247316	1.0	2	0	1	0.7812407377697527	0.0	0	0	0
67	0.1	5.0	[1]	{1}	4.303876182634374	3.8882981431364123	3.8882981431364128	0.0	0	661.8463713675737	161.84637136757374	nan	0	0	0	0.0	0.0	0	0	0
5	0.1	5.0	[2]	{2}	4.77733738528654	4.384464186062014	4.405113389901793	0.0	0	794.8924738448113	294.8924738448113	1.2247448713915892	17	13	15	9.360612892327831	2.086467521410506	0	0	13
315	0.1	5.0	[3]	{2}	3.443779698359486	2.85512086065995	2.8433259466646614	0.0	0	379.2042578570545	120.79574214294553	1.5491933384829668	9	3	6	3.9670000000000005	2.181572841332361	0	0	3
253	0.1	5.0	[1]	{0}	5.6979407328647556	4.1239224269914425	4.1239224269914425	0.0	0	11.04162726551297	488.95837273448706	nan	3	3	3	2.018124881796539	0.0	0	0	3
377	0.1	5.0	[2]	{0}	3.5166028851265936	3.0980617699188877	3.0582576497158587	0.0	0	11.054033879190628	488.9459661208094	0.5222329678670935	10	6	8	4.903432271033526	1.3813642214548922	0	0	6
439	0.1	5.0	[1]	{0}	5.396228830652516	3.902008548908797	3.902008548908797	0.0	0	148.45122955739504	351.54877044260496	nan	3	1	2	1.1339024591147902	0.0	0	0	1
130	0.1	5.0	[3]	{1}	3.8240107785969832	3.3931750436776964	3.3887506147337763	0.0	0	870.0305274687709	370.03052746877086	0.8320502943378436	12	8	10	6.353755780249832	4.177897175826487	0	0	8
68	0.1	5.0	[3]	{0}	10.113334340853593	9.450063489084846	9.417085955634384	0.0	0	465.3156145941467	34.68438540585328	5.18796786524594	42	38	40	30.810262458376585	15.60747063843815	0	0	38
192	0.1	5.0	[1]	{2}	2.0569870487695994	1.6000844854788938	1.6000844854788938	0.0	0	95.47318797558546	404.52681202441454	nan	0	0	0	0.0	0.0	0	0	0
316	0.1	5.0	[1]	{1}	5.653845882931606	4.409047404977708	4.409047404977708	0.0	0	107.2018155828118	392.79818441718817	0.0	4	0	2	0.8094036311656236	0.0	0	0	0
6	0.1	5.0	[1]	{1}	0.6325367281014448	0.5465495241698471	0.5465495241698471	0.0	0	645.1034718193116	145.1034718193116	nan	0	0	0	0.0	0.0	0	0	0
254	0.1	5.0	[1]	{2}	4.009569821307009	3.567876298591102	3.567876298591102	0.0	0	736.7197992280124	236.71979922801245	1.0	2	0	1	0.6522802007719876	0.0	0	0	0
378	0.1	5.0	[1]	{2}	11.280409041201949	9.03760538299054	9.03760538299054	0.0	0	447.1314987167716	52.8685012832284	nan	2	2	2	1.7287370025664568	0.0	0	0	2
440	0.1	5.0	[1]	{2}	6.288412543983042	5.379550248897931	5.379550248897931	0.0	0	822.2828479483725	322.2828479483725	0.26111648393354675	10	4	7	3.096020064361393	0.0	0	0	4
131	0.1	5.0	[1]	{1}	6.093162847658948	5.698154977129583	5.698154977129583	0.0	0	618.5350117739291	118.53501177392911	1.2233586288744722	25	3	14	9.275789929356426	0.0	0	0	3
69	0.1	5.0	[1]	{2}	7.662283377315312	5.7163237739118244	5.7163237739118244	0.0	0	884.0797273442149	384.0797273442149	1.3416407864998738	4	0	2	1.4108405453115702	0.0	0	0	0
7	0.1	5.0	[3]	{0}	4.078716333145678	3.2881170065427114	3.299326670805064	0.0	0	557.5820456724614	57.58204567246139	0.6123724356957946	11	5	8	6.179507725965232	2.1169882752661073	0	0	5
193	0.1	5.0	[2]	{1}	3.7002068428656942	3.3751490834321762	3.37542801061024	0.0	0	106.7100195214153	393.2899804785847	1.3416407864998738	17	13	15	7.871650292821231	1.5260338042398383	0	0	13
317	0.1	5.0	[1]	{2}	2.8031238464946227	2.199546899682062	2.1995468996820615	0.0	0	794.1192369908096	294.11923699080955	nan	2	0	1	0.5448807630091905	0.0	0	0	0
255	0.1	5.0	[1]	{0}	2.503549318510807	1.9519407135837783	1.9519407135837783	0.0	0	6.274481303989859	493.7255186960101	1.3416407864998738	4	2	3	1.17382344391197	0.0	0	0	2
379	0.1	5.0	[3]	{2}	3.461401036130607	2.6521992213878667	2.650097601909883	0.0	0	828.5482116043569	328.5482116043569	0.4082482904638631	11	3	7	4.445258941978215	0.4387712836811999	0	0	3
441	0.1	5.0	[1]	{0}	4.762602261611959	4.011277957937141	4.01127795793714	0.0	0	580.9350574854762	80.93505748547625	1.7051956801764152	12	4	8	5.464129885029047	0.0	0	0	4
132	0.1	5.0	[3]	{1}	5.57405247678907	5.0536885062279335	5.136894058390693	0.0	0	738.2781170308591	238.2781170308591	2.598076211353316	15	15	15	10.963496946722266	8.000032711672166	0	0	15
8	0.1	5.0	[3]	{0}	10.404485232943525	9.939356785127686	9.838319486104485	0.0	0	390.8938299864531	109.10617001354689	5.8289339152400155	59	51	55	42.2796197898239	17.20569018603007	0	0	51
70	0.1	5.0	[1]	{2}	3.796481697604146	3.6177780497578107	3.6177780497578107	0.0	0	133.77417437732214	366.22582562267786	0.2581988897471611	9	3	6	3.341645046263933	0.0	0	0	3
318	0.1	5.0	[3]	{1}	4.218812104615647	3.46360682309676	3.4650290444865455	0.0	0	496.5339691843839	3.4660308156160795	0.29277002188455997	6	0	3	2.160398092446848	2.8176911607343715	0	0	0
194	0.1	5.0	[2]	{1}	8.105567953193145	7.546393481492432	7.122398301327269	0.0	0	992.5410179421308	492.5410179421308	0.47863442113047944	32	18	25	12.44247455144673	3.9304465492967697	0	0	18
256	0.1	5.0	[1]	{1}	3.951325346592948	3.504245350836997	3.504245350836997	0.0	0	773.9388942718506	273.9388942718506	nan	0	0	0	0.0	0.0	0	0	0
380	0.1	5.0	[3]	{2}	6.663294376649758	6.32879943017876	6.268832845906584	0.0	0	619.4952484220267	119.49524842202675	3.29997804120933	38	22	30	24.243990496844056	10.672728881980348	0	0	22
442	0.1	5.0	[3]	{0}	1.0042852621074938	0.8767262959131424	0.8928194863690115	0.0	0	599.4013303425163	99.4013303425163	1.3416407864998738	4	2	3	2.238203991027549	1.2787454759718737	0	0	2
133	0.1	5.0	[3]	{0}	1.7356851499814403	1.343415209411738	1.3830360116486107	0.0	0	718.0656029377133	218.06560293771327	nan	3	1	2	1.2598687941245734	0.8318693157767518	0	0	1
195	0.1	5.0	[3]	{1}	3.728497928644808	3.159922990291861	3.014729187795954	0.0	0	767.3818275798113	267.38182757981133	1.0327955589886444	9	3	6	3.8014726896807547	2.2898663885834587	0	0	3
71	0.1	5.0	[1]	{2}	5.8436890123853935	5.169556765945501	5.169556765945501	0.0	0	776.5062453690916	276.50624536909163	0.7559289460184544	20	8	14	7.6059250555709	0.0	0	0	8
9	0.1	5.0	[1]	{2}	5.287697695265889	4.449955852843591	4.449955852843591	0.0	0	961.7804219014944	461.7804219014944	0.7745966692414834	14	4	9	4.919537046689539	0.0	0	0	4
319	0.1	5.0	[3]	{0}	3.6099911329546464	3.217438069809485	3.210576102584784	0.0	0	395.2276818454265	104.7723181545735	0.3396831102433787	12	6	9	6.155593772917985	4.090156109036929	0	0	6
257	0.1	5.0	[2]	{2}	5.19843828353331	4.514319782644533	4.68569723422438	0.0	0	111.95614398457109	388.0438560154289	1.4100479758212652	16	14	15	9.999342159768565	2.5281226357823163	0	0	14
381	0.1	5.0	[2]	{1}	7.584531108373298	5.829176044400905	5.9099436584596745	0.0	0	632.5900307856502	132.59003078565024	0.21320071635561044	21	1	11	8.669950153928252	2.7268310969994674	0	0	1
443	0.1	5.0	[2]	{2}	6.7805096352880945	5.904015672695065	6.013348605263616	0.0	0	665.9304555505515	165.93045555055153	0.3578300267477955	26	10	18	11.778973622292279	3.28200195613986	0	0	10
134	0.1	5.0	[1]	{2}	5.533096903766186	4.907631013660389	4.907631013660389	0.0	0	195.4996548593044	304.5003451406956	0.6218743352054218	22	10	16	8.158994477748873	0.0	0	0	10
320	0.1	5.0	[3]	{0}	6.006464659343786	4.740833232846697	4.6987774439428485	0.0	0	730.9807005804033	230.98070058040332	0.5039526306789696	20	2	11	7.704212293615563	1.7335064995658749	0	0	2
72	0.1	5.0	[3]	{2}	3.282480254228395	2.9576968804349764	2.846299357058712	0.0	0	118.78519901074468	381.2148009892553	1.4638501094227998	9	5	7	3.399496393075213	3.3677305353820257	0	0	5
10	0.1	5.0	[1]	{1}	7.012358443339895	6.721715248316485	6.721715248316485	0.0	0	159.44498125463738	340.55501874536264	0.8997354108424374	16	4	10	6.275669887527823	0.0	0	0	4
196	0.1	5.0	[1]	{2}	0.6894631469659501	0.6573831987495501	0.6573831987495501	0.0	0	271.23463852331054	228.76536147668946	nan	0	0	0	0.0	0.0	0	0	0
382	0.1	5.0	[3]	{2}	2.9473049051687337	2.6442943533235064	2.645416855618365	0.0	0	442.91466032154864	57.08533967845136	2.496150883013531	12	6	9	6.497256019035353	3.49916899658431	0	0	6
258	0.1	5.0	[1]	{2}	4.9409618945921485	3.620616392646351	3.620616392646351	0.0	0	45.10928690433499	454.890713095665	nan	0	0	0	0.0	0.0	0	0	0
444	0.1	5.0	[1]	{0}	6.308111332957896	4.378372947741811	4.378372947741811	0.0	0	515.6657355837524	15.665735583752394	1.0	2	0	1	0.8266657355837523	0.0	0	0	0
135	0.1	5.0	[2]	{0}	1.4963638855539179	1.2435078561161585	1.2065626091559425	0.0	0	203.4650782588868	296.5349217411132	0.3872983346207417	7	3	5	4.054395234776661	0.5829705350638967	0	0	3
73	0.1	5.0	[1]	{2}	1.8435062598867131	1.4827499914609668	1.4827499914609668	0.0	0	303.46187576651585	196.53812423348415	nan	0	0	0	0.0	0.0	0	0	0
321	0.1	5.0	[2]	{2}	1.4122253749244937	1.1755930777494072	1.1018092601318674	0.0	0	960.3788831736894	460.37888317368936	1.1547005383792517	5	1	3	2.340863350478932	0.5559641703250569	0	0	1
197	0.1	5.0	[3]	{1}	7.052477754880961	6.1324171158578995	6.139819332639375	0.0	0	560.0318687502295	60.03186875022948	2.830110211550746	17	13	15	10.836031868750231	6.926992918696221	0	0	13
11	0.1	5.0	[1]	{1}	7.627995777454107	6.306145481235118	6.306145481235118	0.0	0	38.60551072284585	461.39448927715415	nan	1	1	1	0.11460551072284575	0.0	0	0	1
383	0.1	5.0	[2]	{0}	3.38090207288361	3.291968020060277	3.2897686540438995	0.0	0	177.1662074606864	322.8337925393136	0.34262414443209643	22	10	16	8.725659319370983	1.606130305948868	0	0	10
259	0.1	5.0	[2]	{0}	0.7993807272967198	0.6530283930310056	0.6316765820526008	0.0	0	689.8499829694629	189.84998296946287	nan	1	1	1	0.5171500170305372	0.34445297054421464	0	0	1
445	0.1	5.0	[1]	{0}	8.68750836346906	6.170838388765647	6.170838388765645	0.0	0	974.7308818623424	474.73088186234236	nan	1	1	1	0.3092691181376577	0.0	0	0	1
136	0.1	5.0	[3]	{1}	4.119813760964126	3.3207480205577706	3.318997649219432	0.0	0	457.0544864982368	42.94551350176317	0.0	6	0	3	1.9831634594947105	1.8738565837061025	0	0	0
198	0.1	5.0	[1]	{0}	8.404162792360154	7.537213770782705	7.537213770782705	0.0	0	597.3035439383236	97.30354393832363	0.7715167498104595	26	0	13	9.713696456061676	0.0	0	0	0
74	0.1	5.0	[1]	{0}	8.490508273176408	5.897309114301374	5.897309114301375	0.0	0	686.9484428316355	186.94844283163548	0.5773502691896258	5	1	3	2.4700515571683646	0.0	0	0	1
12	0.1	5.0	[1]	{0}	5.090067358071817	4.389744535827527	4.389744535827527	0.0	0	797.7675073780118	297.7675073780118	1.7320508075688774	5	5	5	3.3002324926219884	0.0	0	0	5
322	0.1	5.0	[2]	{2}	3.5875612083480224	2.868034273334162	2.9100314556968385	0.0	0	447.27602647617465	52.72397352382535	1.12089707663561	12	4	8	5.9858958940953	1.9127989786039183	0	0	4
384	0.1	5.0	[2]	{1}	2.3522457974058826	2.0534534362130703	2.0980359710447853	0.0	0	293.1906739249826	206.8093260750174	0.5	7	3	5	2.9739533696249127	1.1374862076439867	0	0	3
260	0.1	5.0	[1]	{1}	1.592441199318681	1.1546998466225893	1.1546998466225893	0.0	0	409.6860303543509	90.31396964564908	nan	0	0	0	0.0	0.0	0	0	0
446	0.1	5.0	[1]	{2}	2.8683990398694856	2.582716603529949	2.582716603529949	0.0	0	851.9983934238554	351.9983934238554	nan	3	1	2	0.9380032131522891	0.0	0	0	1
137	0.1	5.0	[2]	{2}	2.6690784646874675	2.083069108936191	2.0837708655542424	0.0	0	517.5251704640688	17.525170464068765	0.4082482904638631	11	1	6	3.9609496590718622	0.7892744173586188	0	0	1
75	0.1	5.0	[1]	{2}	5.481551875934573	4.172445210531541	4.172445210531542	0.0	0	383.1912903115153	116.80870968848473	1.1547005383792517	5	3	4	2.664382580623031	0.0	0	0	3
13	0.1	5.0	[1]	{1}	2.818437990123228	2.4649775531768587	2.4649775531768587	0.0	0	873.9775775466115	373.97757754661154	0.9797958971132712	9	1	5	4.011112112266942	0.0	0	0	1
323	0.1	5.0	[1]	{0}	4.729694720201	3.621326656508084	3.621326656508084	0.0	0	332.03674480319023	167.96325519680977	nan	1	1	1	0.5970367448031902	0.0	0	0	1
199	0.1	5.0	[2]	{1}	4.4428952000288415	3.572891577299915	3.711472541424242	0.0	0	289.84685125760745	210.15314874239255	1.0434983894999017	17	9	13	7.993315363833681	2.1494533865872025	0	0	9
385	0.1	5.0	[2]	{2}	5.028924941925846	4.8066902268991	4.143890258230951	0.0	0	985.8416772913188	485.8416772913188	1.2780193008453875	11	1	6	3.9019499362520875	2.9936581521132473	0	0	1
261	0.1	5.0	[1]	{1}	4.923479445340351	4.569701972662988	4.569701972662988	0.0	0	590.714748715982	90.71474871598195	0.36115755925730764	22	2	12	9.659999999999998	0.0	0	0	2
447	0.1	5.0	[1]	{1}	3.114703643138135	2.430205744884643	2.430205744884643	0.0	0	625.3550052642822	125.35500526428223	nan	3	3	3	1.8909349842071532	0.0	0	0	3
138	0.1	5.0	[1]	{0}	5.473271364382362	4.231801164568761	4.231801164568761	0.0	0	838.5310235898943	338.5310235898943	0.4472135954999579	4	2	3	2.4544069292303172	0.0	0	0	2
76	0.1	5.0	[3]	{1}	4.267269252604734	3.33503442764619	3.464750884614324	0.0	0	646.6655379626901	146.6655379626901	2.217888261405649	18	12	15	10.841341234261169	2.9988287560765072	0	0	12
14	0.1	5.0	[3]	{1}	2.0530028269951837	1.831214727895207	1.9019804754533853	0.0	0	998.5087828245016	498.5087828245016	1.2185435916898848	10	8	9	4.997420954579486	3.0397817078415414	0	0	8
324	0.1	5.0	[1]	{2}	4.111586397129091	3.2800638430812317	3.2800638430812317	0.0	0	452.5309698656202	47.46903013437981	0.0	8	0	4	3.0731238794624804	0.0	0	0	0
200	0.1	5.0	[1]	{0}	1.8534838581173074	1.7220366187883573	1.7220366187883573	0.0	0	848.3685720711944	348.3685720711944	0.0	5	1	3	2.5986314279288054	0.0	0	0	1
386	0.1	5.0	[3]	{1}	2.211745599506425	1.7305570201560512	1.730028563821445	0.0	0	472.0940431579948	27.905956842005196	0.0	9	3	6	5.292999999999999	0.588691957605655	0	0	3
262	0.1	5.0	[1]	{2}	5.921700473839842	4.477271014152485	4.477271014152485	0.0	0	39.7469378076494	460.2530621923506	0.7071067811865475	5	3	4	2.7999877512305975	0.0	0	0	3
448	0.1	5.0	[1]	{1}	3.864122140365522	2.836279309827331	2.836279309827331	0.0	0	39.67140242457396	460.32859757542604	nan	0	0	0	0.0	0.0	0	0	0
15	0.1	5.0	[3]	{1}	5.954093999398409	5.045894023311038	4.992072376583577	0.0	0	905.1712010987106	405.17120109871064	1.5652475842498528	19	15	17	10.113774385716765	4.3448518185521445	0	0	15
201	0.1	5.0	[3]	{0}	4.337333858330657	3.6911862100718005	3.6788030093100477	0.0	0	952.1606026683002	452.16060266830016	1.885618083164127	15	7	11	6.620875781321899	3.4338076554249537	0	0	7
387	0.1	5.0	[1]	{1}	5.635600493742927	3.8230325926666513	3.8230325926666513	0.0	0	481.03204648941744	18.96795351058256	1.0	2	2	2	1.321	0.0	0	0	2
16	0.1	5.0	[1]	{2}	2.7788269602925064	2.1802069364714463	2.1802069364714463	0.0	0	327.95412372797733	172.04587627202267	1.224744871391589	3	3	3	2.4759541237279774	0.0	0	0	3
388	0.1	5.0	[3]	{0}	1.1411022111548625	0.9873154556582646	0.947906545563924	0.0	0	243.9712400082497	256.0287599917503	0.0	4	2	3	1.6589712400082495	0.8905628602704797	0	0	2
17	0.1	5.0	[3]	{1}	5.456078251213787	4.432106949865489	4.382534744952809	0.0	0	88.0769153591246	411.9230846408754	1.4161029600925519	16	8	12	6.070769153591245	2.444151804681607	0	0	8
139	0.1	5.0	[1]	{0}	3.7397546359603933	2.6227401476312853	2.6227401476312853	0.0	0	641.5783301927149	141.57833019271493	nan	3	1	2	1.7231566603854298	0.0	0	0	1
77	0.1	5.0	[2]	{1}	4.841626076188607	4.3233268526943505	4.324158942232645	0.0	0	358.3930244203659	141.60697557963408	0.8164965809277261	17	5	11	6.393537219783292	1.9092219532163577	0	0	5
325	0.1	5.0	[1]	{0}	4.990523453417825	3.8887663109829553	3.8887663109829553	0.0	0	348.87935547158133	151.12064452841867	1.3416407864998738	4	4	4	3.1067587109431627	0.0	0	0	4
263	0.1	5.0	[1]	{2}	5.5797767881847555	4.128758216086259	4.128758216086259	0.0	0	861.3115604966878	361.3115604966878	nan	1	1	1	0.8723115604966878	0.0	0	0	1
449	0.1	5.0	[1]	{1}	8.966140947589366	8.106361701626382	8.10636170162638	0.0	0	138.41513358056542	361.58486641943455	nan	2	2	2	0.8958302671611309	0.0	0	0	2
202	0.1	5.0	[1]	{1}	3.2285277759592637	2.822308506129094	2.822308506129094	0.0	0	569.2948377691212	69.29483776912116	2.101947149236112	14	2	8	6.198641297847031	0.0	0	0	2
78	0.1	5.0	[1]	{1}	8.229526717383443	6.821674096330174	6.821674096330174	0.0	0	898.8101691938938	398.8101691938938	0.0	3	1	2	1.4593796616122123	0.0	0	0	1
140	0.1	5.0	[2]	{2}	3.7763790373130934	3.094525104952101	3.139023478768472	0.0	0	444.3709237966687	55.629076203331294	1.4216373066218218	18	8	13	10.898629076203331	2.0507461077399722	0	0	8
326	0.1	5.0	[1]	{1}	9.514666811781817	8.831741696783496	8.831741696783496	0.0	0	220.19353555515417	279.8064644448458	0.08240856434303293	37	1	19	11.97729010443762	0.0	0	0	1
264	0.1	5.0	[1]	{2}	8.552572221299187	6.189424620148529	6.189424620148529	0.0	0	212.1434914879501	287.8565085120499	1.3416407864998738	4	0	2	1.1280000000000001	0.0	0	0	0
450	0.1	5.0	[3]	{1}	1.9254723508137008	1.5720943542202999	1.5881637658993906	0.0	0	180.39763113483792	319.6023688651621	0.0	10	6	8	3.7211810490787034	1.2027554108423293	0	0	6
203	0.1	5.0	[2]	{2}	4.47517217445083	4.104129438381482	3.9352835381162716	0.0	0	118.58886061236264	381.4111393876374	0.8429272304235246	18	10	14	7.661244048573076	2.140384836834264	0	0	10
79	0.1	5.0	[1]	{0}	4.314760162779978	4.005100041009399	4.005100041009399	0.0	0	889.5453433506192	389.5453433506192	nan	2	2	2	1.2749093132987617	0.0	0	0	2
141	0.1	5.0	[1]	{2}	1.252126190539717	0.9823952759222633	0.9823952759222635	0.0	0	501.0217116214336	1.0217116214336102	0.0	3	1	2	1.4290434232428673	0.0	0	0	1
327	0.1	5.0	[1]	{2}	5.228959851637671	4.037772238952296	4.037772238952296	0.0	0	643.4389590285718	143.43895902857184	1.7320508075688774	5	3	4	2.319	0.0	0	0	3
389	0.1	5.0	[1]	{1}	5.815988706505699	4.705602781548922	4.705602781548922	0.0	0	512.4247614294292	12.424761429429168	nan	0	0	0	0.0	0.0	0	0	0
265	0.1	5.0	[2]	{1}	0.9505934123707888	0.800332152870786	0.792521244452399	0.0	0	866.1585107911379	366.1585107911379	0.4472135954999579	4	0	2	0.8576829784177241	0.33855657941363904	0	0	0
451	0.1	5.0	[2]	{2}	1.1358932504531483	0.8467568442304464	0.8866396290964146	0.0	0	160.15392495319247	339.8460750468075	nan	1	1	1	0.9878460750468075	0.43604844150576144	0	0	1
18	0.1	5.0	[2]	{1}	2.578057068216343	1.8983795179686005	2.075631124707356	0.0	0	890.5716950539502	390.5716950539502	0.7745966692414834	9	7	8	4.183426439568398	1.2404286332525594	0	0	7
204	0.1	5.0	[3]	{0}	3.6456169533137697	3.439478099559876	3.4555260456802	0.0	0	213.2528864312916	286.7471135687084	nan	9	9	9	4.667275977881625	5.826472147427852	0	0	9
80	0.1	5.0	[1]	{2}	6.217150297859531	5.798987465020199	5.798987465020199	0.0	0	852.6507981587202	352.65079815872025	0.048795003647426664	27	1	14	8.750492018412796	0.0	0	0	1
142	0.1	5.0	[1]	{1}	9.462253221676697	6.524762844320308	6.524762844320308	0.0	0	906.64895856753	406.64895856753003	nan	0	0	0	0.0	0.0	0	0	0
328	0.1	5.0	[2]	{1}	11.343699133313093	10.065999481447882	9.94820033426404	0.0	0	869.9252682272346	369.9252682272346	0.4134370962530328	42	24	33	20.366316684955727	4.594791158955621	0	0	24
390	0.1	5.0	[1]	{0}	2.436364722421021	2.107066363866366	2.107066363866366	0.0	0	259.4715596642344	240.5284403357656	nan	1	1	1	0.4914715596642344	0.0	0	0	1
266	0.1	5.0	[1]	{1}	13.38294931721321	9.212471697819614	9.212471697819614	0.0	0	989.2085059545936	489.20850595459365	0.2182178902359924	6	0	3	1.906374482136219	0.0	0	0	0
452	0.1	5.0	[1]	{1}	6.394908733928002	5.687828480554144	5.687828480554144	0.0	0	475.95306206494575	24.046937935054245	nan	6	0	3	2.4698591861948374	0.0	0	0	0
19	0.1	5.0	[1]	{1}	3.2042999123678726	2.692889268193068	2.692889268193068	0.0	0	293.2420661672952	206.7579338327048	0.40599897147057507	12	2	7	4.865694463171066	0.0	0	0	2
205	0.1	5.0	[1]	{2}	11.329131513514517	9.455960234057992	9.455960234057992	0.0	0	701.268314383924	201.268314383924	0.9258200997725514	6	2	4	2.434463371232152	0.0	0	0	2
143	0.1	5.0	[3]	{2}	1.1364815145816003	0.9432258697954597	0.9462170456699056	0.0	0	569.4090819451958	69.4090819451958	nan	0	0	0	0.0	0.7939421552346514	0	0	0
81	0.1	5.0	[1]	{0}	10.335152382397776	8.271928803145894	8.271928803145894	0.0	0	715.8203143626451	215.82031436264515	1.0	2	0	1	0.7971796856373549	0.0	0	0	0
329	0.1	5.0	[1]	{1}	6.018022979263915	4.764072322529148	4.764072322529148	0.0	0	369.4176089484247	130.5823910515753	0.7348469228349533	9	3	6	4.563	0.0	0	0	3
391	0.1	5.0	[3]	{1}	4.515710989334342	3.661306442247554	3.6403124044950266	0.0	0	426.3729979284109	73.62700207158912	0.3194382824999699	14	0	7	5.408372997928411	2.3133737669273318	0	0	0
267	0.1	5.0	[1]	{1}	12.838047528486978	9.37963266609378	9.37963266609378	0.0	0	987.5099449418486	487.50994494184863	0.3333333333333333	14	4	9	4.449410495523362	0.0	0	0	4
20	0.1	5.0	[3]	{1}	0.9292299449793877	0.7692849430191829	0.7984463155102461	0.0	0	205.3400913719089	294.6599086280911	nan	2	0	1	0.4333400913719089	0.9111570577412232	0	0	0
453	0.1	5.0	[1]	{0}	5.656007461339089	4.4185376926288	4.418537692628799	0.0	0	430.7206268422306	69.27937315776938	nan	0	0	0	0.0	0.0	0	0	0
206	0.1	5.0	[1]	{2}	5.022639223687831	3.8828482690916473	3.8828482690916473	0.0	0	493.176808115095	6.823191884904986	1.0	2	2	2	1.5699999999999998	0.0	0	0	2
144	0.1	5.0	[1]	{2}	9.142067147790893	6.35931955589451	6.35931955589451	0.0	0	466.4068594574927	33.593140542507285	nan	2	0	1	0.9855931405425072	0.0	0	0	0
82	0.1	5.0	[1]	{0}	2.1599552194990994	1.995941557954743	1.995941557954743	0.0	0	258.12935503199685	241.87064496800315	nan	2	0	1	0.9041293550319969	0.0	0	0	0
392	0.1	5.0	[3]	{0}	2.572651180100717	2.393468975239638	2.3546546487174256	0.0	0	732.620305614546	232.62030561454606	1.7566201313073597	9	7	8	4.978518777541816	3.5681871099445193	0	0	7
330	0.1	5.0	[1]	{2}	3.572715032038479	3.1452507689347593	3.1452507689347593	0.0	0	655.3514760453255	155.3514760453255	1.3867504905630728	12	2	7	3.9212426197733725	0.0	0	0	2
454	0.1	5.0	[3]	{1}	3.6944123924973753	3.0385625251564212	3.008615855637023	0.0	0	613.5177784599366	113.51777845993661	0.0	7	1	4	3.458	2.1662584765016946	0	0	1
268	0.1	5.0	[2]	{1}	3.9587078298668983	3.8457484204677526	3.7897935885936898	0.0	0	175.8117005228997	324.18829947710026	0.3721042037676254	14	12	13	8.098552106797698	1.9830394620064444	0	0	12
21	0.1	5.0	[3]	{1}	7.455699949912447	6.773134551945245	6.771043386143009	0.0	0	607.4735894799235	107.47358947992348	3.709704134011871	29	21	25	17.180632052600384	9.453604875107022	0	0	21
207	0.1	5.0	[1]	{2}	12.583694111285144	9.646392908507687	9.64639290850769	0.0	0	198.584271594882	301.415728405118	1.0	7	3	5	2.2329213579744103	0.0	0	0	3
145	0.1	5.0	[1]	{2}	13.265419287216382	9.745411387460852	9.745411387460852	0.0	0	997.477809432894	497.477809432894	nan	2	2	2	0.763044381134212	0.0	0	0	2
83	0.1	5.0	[1]	{2}	2.6501504824604196	2.1879547973958884	2.1879547973958884	0.0	0	493.1397491600365	6.8602508399634985	nan	1	1	1	0.9158602508399635	0.0	0	0	1
393	0.1	5.0	[1]	{0}	7.896931912343465	6.067654449859913	6.067654449859913	0.0	0	654.8341461457313	154.83414614573132	1.1114378604524227	16	0	8	6.6686634154170745	0.0	0	0	0
331	0.1	5.0	[1]	{2}	3.428163670493234	3.203183174828835	3.203183174828835	0.0	0	484.5076755154879	15.492324484512096	1.3416407864998738	4	4	4	2.997984648969024	0.0	0	0	4
455	0.1	5.0	[1]	{2}	4.183351132364479	3.167427921596383	3.167427921596384	0.0	0	38.7499644421041	461.2500355578959	nan	0	0	0	0.0	0.0	0	0	0
22	0.1	5.0	[1]	{1}	6.575697254199696	4.454096239382723	4.454096239382723	0.0	0	708.227374125272	208.22737412527204	nan	0	0	0	0.0	0.0	0	0	0
269	0.1	5.0	[1]	{1}	4.2175567305552875	3.147762890055017	3.1477628900550174	0.0	0	487.77504218742246	12.224957812577543	0.4472135954999579	4	2	3	2.1886748734377326	0.0	0	0	2
208	0.1	5.0	[1]	{0}	4.218233626388095	4.02507725601738	4.02507725601738	0.0	0	186.6920420434326	313.3079579565674	1.224744871391589	3	1	2	1.2280000000000002	0.0	0	0	1
146	0.1	5.0	[3]	{1}	3.6173845139251974	2.7906721946906363	2.7896031124952656	0.0	0	973.615682218224	473.61568221822404	1.0	8	4	6	3.6413059066906555	0.6147750942746406	0	0	4
84	0.1	5.0	[1]	{0}	6.662379129561925	4.777443380158287	4.777443380158287	0.0	0	975.375034380704	475.37503438070405	1.0	7	5	6	2.2887497937157755	0.0	0	0	5
394	0.1	5.0	[1]	{0}	7.583524365060428	5.8756032848060125	5.8756032848060125	0.0	0	452.5159206241369	47.484079375863075	nan	1	1	1	0.895484079375863	0.0	0	0	1
332	0.1	5.0	[2]	{2}	1.5204992820055194	1.2295756000955356	1.2730684345325272	0.0	0	317.2584779094906	182.74152209050942	1.224744871391589	3	1	2	1.3914830441810189	0.7508207207297053	0	0	1
23	0.1	5.0	[3]	{0}	0.476584489323993	0.364117064928358	0.36838136968183527	0.0	0	207.64486375264815	292.3551362473519	nan	1	1	1	0.9993551362473518	0.1021300650747731	0	0	1
456	0.1	5.0	[2]	{2}	3.149507635387838	2.91211421906363	2.923020678594681	0.0	0	688.3928014431149	188.39280144311488	1.3887301496588271	15	3	9	6.8327496101018035	1.406158985480395	0	0	3
270	0.1	5.0	[2]	{1}	5.923403150694533	5.018661729082175	4.788484806711622	0.0	0	11.107383528724396	488.89261647127563	1.3502712035855329	21	5	13	6.503181218815969	2.2975960737261847	0	0	5
147	0.1	5.0	[1]	{0}	7.437563916437822	5.13654832646348	5.13654832646348	0.0	0	25.603389367461205	474.3966106325388	nan	0	0	0	0.0	0.0	0	0	0
85	0.1	5.0	[3]	{2}	2.912616817144655	2.584689956468744	2.488968111271714	0.0	0	775.2712306100875	275.2712306100875	0.5222329678670935	10	2	6	4.4904575387798245	2.7837804542982836	0	0	2
209	0.1	5.0	[2]	{0}	3.38762985859465	2.7103196843647304	2.7925789271069106	0.0	0	284.57702556625	215.42297443375003	2.2194901134351475	15	9	12	8.787616204530002	1.4806139047584743	0	0	9
333	0.1	5.0	[3]	{1}	2.631003313808903	2.271630193735282	2.2709469851408377	0.0	0	617.7925490774217	117.79254907742165	2.3094010767585034	8	8	8	5.9719999999999995	2.387356098532561	0	0	8
395	0.1	5.0	[2]	{0}	4.114676287866865	3.649038166163826	3.6991615832435634	0.0	0	856.2475477810951	356.24754778109514	0.13093073414159545	24	12	18	9.858039235502478	1.7825217188967097	0	0	12
24	0.1	5.0	[1]	{2}	4.728618051298879	3.4794070106212605	3.4794070106212596	0.0	0	349.5311436709017	150.4688563290983	1.1547005383792517	5	1	3	2.343468856329098	0.0	0	0	1
457	0.1	5.0	[1]	{2}	9.804589892609108	8.957023959530282	8.95702395953028	0.0	0	417.9750150069595	82.0249849930405	0.4795122238161564	41	1	21	17.277424744881685	0.0	0	0	1
271	0.1	5.0	[2]	{2}	7.215495980586853	5.8362454526341505	5.969791670316093	0.0	0	831.3366549555213	331.33665495552134	0.989743318610787	20	8	14	7.254960140533743	2.7650966344260053	0	0	8
86	0.1	5.0	[3]	{2}	3.4809125482802314	3.2740839542297198	3.2858662154298104	0.0	0	835.5185331311078	335.5185331311078	0.18257418583505536	14	12	13	8.239296135557815	5.436571007170008	0	0	12
148	0.1	5.0	[1]	{2}	2.4687857594168987	2.276490681296456	2.276490681296456	0.0	0	458.9754380285741	41.024561971425896	nan	0	0	0	0.0	0.0	0	0	0
210	0.1	5.0	[1]	{2}	10.268074209699446	8.514769113511205	8.514769113511205	0.0	0	147.8378169704228	352.1621830295772	0.5163977794943222	9	3	6	3.375026901822537	0.0	0	0	3
334	0.1	5.0	[1]	{1}	3.3665260655618208	2.403609121515833	2.403609121515833	0.0	0	394.4572131149471	105.54278688505292	nan	2	2	2	1.6280855737701059	0.0	0	0	2
396	0.1	5.0	[1]	{1}	6.761598718755767	5.298738178085182	5.298738178085182	0.0	0	781.5295974723996	281.5295974723996	nan	1	1	1	0.5814704025276004	0.0	0	0	1
25	0.1	5.0	[1]	{1}	2.163222141017464	1.55330020758355	1.55330020758355	0.0	0	321.42722979187994	178.57277020812006	nan	0	0	0	0.0	0.0	0	0	0
458	0.1	5.0	[3]	{0}	7.100938360748403	6.1248548950510395	6.241159218884425	0.0	0	698.1341727077963	198.13417270779632	3.4303566780694266	27	23	25	19.060524100214238	7.91064138834687	0	0	23
272	0.1	5.0	[1]	{0}	6.639932896726554	4.513645114257606	4.513645114257606	0.0	0	866.464151069522	366.464151069522	nan	0	0	0	0.0	0.0	0	0	0
211	0.1	5.0	[3]	{0}	5.771319401512368	5.295055537025323	5.071302706285799	0.0	0	704.2290435638279	204.22904356382787	1.478112033918669	25	15	20	16.070167651489378	7.038102747007647	0	0	15
87	0.1	5.0	[1]	{1}	12.800054087596997	9.714185827132248	9.714185827132248	0.0	0	276.5639536082745	223.43604639172548	0.3651483716701107	11	1	6	4.180127907216549	0.0	0	0	1
149	0.1	5.0	[2]	{1}	2.599826348917839	2.2791553427162254	2.1586991847645223	0.0	0	904.6866893768312	404.68668937683117	1.9188064472004938	10	2	6	2.401879863739013	1.156438888726663	0	0	2
335	0.1	5.0	[2]	{0}	4.8958062212854	4.120593199612932	3.9211155621681897	0.0	0	876.4739986509087	376.4739986509087	1.0327955589886444	14	0	7	4.386630006745457	2.0030701260516666	0	0	0
397	0.1	5.0	[1]	{2}	3.9392254445826294	2.6798687033127053	2.679868703312705	0.0	0	464.9769053794445	35.023094620555526	nan	0	0	0	0.0	0.0	0	0	0
26	0.1	5.0	[1]	{2}	9.8392467036058	6.8664967416322416	6.8664967416322416	0.0	0	871.6567615047096	371.6567615047096	0.4472135954999579	4	2	3	1.170029715485871	0.0	0	0	2
459	0.1	5.0	[1]	{2}	1.31623327712732	1.1299935969609967	1.1299935969609967	0.0	0	626.0807169601321	126.08071696013212	1.414213562373095	5	3	4	2.955161433920264	0.0	0	0	3
273	0.1	5.0	[1]	{1}	8.107398144752858	6.775705500385691	6.7757055003856905	0.0	0	557.451365981251	57.451365981251	nan	2	0	1	0.6005486340187489	0.0	0	0	0
212	0.1	5.0	[2]	{1}	4.2719955822749185	3.3184792729041983	3.3467133989977786	0.0	0	734.5214395318184	234.52143953181837	1.1547005383792517	5	1	3	1.7304785604681818	1.3311059915708467	0	0	1
88	0.1	5.0	[1]	{2}	5.849378514952427	4.103473811677463	4.103473811677462	0.0	0	645.4705665819346	145.47056658193458	nan	1	1	1	0.8455294334180654	0.0	0	0	1
150	0.1	5.0	[1]	{0}	6.071288031764446	4.31872964922954	4.31872964922954	0.0	0	391.4598990231752	108.54010097682482	1.3416407864998738	4	2	3	1.7723796970695258	0.0	0	0	2
336	0.1	5.0	[2]	{1}	1.8754125636338053	1.79853824061487	1.619167028887036	0.0	0	102.66873310320084	397.33126689679915	0.7071067811865475	5	3	4	2.433674932412803	1.132900708311399	0	0	3
398	0.1	5.0	[1]	{2}	12.447205537376348	11.057573462769085	11.057573462769087	0.0	0	894.3944866769016	394.3944866769016	1.1338934190276817	11	1	6	2.8866330799385906	0.0	0	0	1
460	0.1	5.0	[3]	{0}	5.476630122486969	4.911527220282928	4.743638567827238	0.0	0	280.3900169674306	219.6099830325694	0.7442877094063838	22	14	18	12.963460237544028	5.8538133294257255	0	0	14
27	0.1	5.0	[1]	{0}	5.261724044891682	4.0534218777218545	4.0534218777218545	0.0	0	572.8828487917781	72.88284879177809	nan	0	0	0	0.0	0.0	0	0	0
274	0.1	5.0	[1]	{1}	5.732152281745163	4.791618131612193	4.791618131612193	0.0	0	823.3632603660226	323.3632603660226	1.4638501094227998	6	4	5	2.949183698169887	0.0	0	0	4
213	0.1	5.0	[3]	{1}	9.143453647264216	6.996187141977549	6.972741955902782	0.0	0	314.1478423494848	185.8521576505152	0.2842676218074806	21	3	12	8.26018273879588	1.047363421360358	0	0	3
151	0.1	5.0	[3]	{2}	1.5671734048866668	1.3471205718243229	1.354777559035159	0.0	0	869.0431946888567	369.0431946888567	1.4638501094227998	6	4	5	3.2928704159334297	1.455928257048491	0	0	4
89	0.1	5.0	[2]	{0}	3.831170416383336	3.3226049184060678	3.388074051542972	0.0	0	229.56416918896133	270.43583081103867	0.77005354108682	18	8	13	9.719205861078574	1.7145763394518114	0	0	8
337	0.1	5.0	[2]	{1}	6.077018284739256	4.8645429325504015	5.003624204939309	0.0	0	921.1926104035232	421.1926104035232	1.2649110640673518	17	5	11	6.480266506368291	2.2953233068588252	0	0	5
399	0.1	5.0	[1]	{2}	8.204168080678613	8.10564938790797	8.10564938790797	0.0	0	384.22738504596055	115.77261495403945	0.5940885257860046	35	5	20	14.69509293082729	0.0	0	0	5
461	0.1	5.0	[1]	{2}	8.416235320942338	7.725683297376475	7.725683297376475	0.0	0	440.5552037060262	59.44479629397381	nan	1	1	1	0.5225552037060262	0.0	0	0	1
28	0.1	5.0	[2]	{0}	3.1433044083366743	2.8404234657021674	2.830623061427872	0.0	0	758.2815950736401	258.2815950736401	0.47633051162246687	16	4	10	6.836184049263599	1.2969155055086725	0	0	4
275	0.1	5.0	[1]	{2}	5.829878290628877	3.9573201045076125	3.9573201045076125	0.0	0	829.1413569822909	329.14135698229086	nan	1	1	1	0.28885864301770914	0.0	0	0	1
152	0.1	5.0	[3]	{1}	4.429634955825533	3.654255102947218	3.7029594281021376	0.0	0	378.4964561928064	121.50354380719358	nan	8	8	8	5.163971649542451	3.4467126415561564	0	0	8
214	0.1	5.0	[1]	{1}	4.647576959020968	4.03840649820798	4.03840649820798	0.0	0	86.7724274285138	413.22757257148623	0.0	3	1	2	1.319	0.0	0	0	1
90	0.1	5.0	[2]	{2}	6.010240187001132	5.161824284756069	5.181651900051951	0.0	0	656.3247051090002	156.3247051090002	1.5227017730518253	28	2	15	11.447778833582998	2.3033679024970395	0	0	2
400	0.1	5.0	[3]	{2}	6.688321736880659	5.777744325124795	5.825023047784272	0.0	0	930.4666339885443	430.46663398854434	1.9174187535576772	36	30	33	16.356467614332214	6.580085290358104	0	0	30
338	0.1	5.0	[2]	{1}	7.819856507242523	7.2275320008789565	7.1979096922322805	0.0	0	349.9838130082936	150.01618699170638	1.7689856824823615	31	9	20	13.778676260165877	3.4854421876188217	0	0	9
462	0.1	5.0	[1]	{0}	6.1293454136557814	4.321157580685723	4.321157580685723	0.0	0	451.1234029196204	48.87659708037961	1.0	2	2	2	1.286	0.0	0	0	2
29	0.1	5.0	[3]	{2}	1.9788966121534948	1.7094273088112526	1.7292349944748628	0.0	0	959.272210719064	459.272210719064	1.3228756555322951	11	3	7	4.628094524966552	2.003628704762198	0	0	3
276	0.1	5.0	[2]	{2}	5.113943559294607	3.7187907120260784	4.092362469171413	0.0	0	94.00249016471211	405.9975098352879	1.6991815809714927	18	16	17	10.355027391811833	2.4555238137319213	0	0	16
215	0.1	5.0	[3]	{2}	4.406505715768502	3.822568017217286	3.83425152480304	0.0	0	356.6501399036498	143.3498600963502	0.7307981486470351	12	4	8	6.339	4.316481349843193	0	0	4
153	0.1	5.0	[1]	{0}	12.479840258892338	9.184649946077823	9.184649946077823	0.0	0	686.9649947620928	186.96499476209283	0.9622504486493763	17	7	12	9.317	0.0	0	0	7
91	0.1	5.0	[1]	{0}	2.6822991327643253	2.034152760777103	2.0341527607771033	0.0	0	448.8196687307208	51.18033126927918	1.3333333333333333	8	4	6	4.507721325077116	0.0	0	0	4
401	0.1	5.0	[2]	{0}	2.808139695589263	2.522769033247684	2.565892788657949	0.0	0	30.00132529996313	469.9986747000369	nan	8	4	6	1.9740079517997788	1.2535758706727211	0	0	4
339	0.1	5.0	[1]	{2}	0.9762001012340702	0.9178167216894602	0.9178167216894602	0.0	0	76.20119978673762	423.7988002132624	nan	4	4	4	2.1468047991469508	0.0	0	0	4
30	0.1	5.0	[3]	{2}	5.120837837932906	4.45898421351183	4.625384288874246	0.0	0	18.79396755248313	481.20603244751686	2.5087260300212724	25	19	22	11.803467286154632	6.623845266260691	0	0	19
463	0.1	5.0	[1]	{2}	2.5063608413690917	2.381560045511962	2.381560045511962	0.0	0	168.28535031527286	331.71464968472714	nan	1	1	1	0.7672853503152729	0.0	0	0	1
277	0.1	5.0	[2]	{0}	4.081970362017814	3.7737396016394342	3.823899289091176	0.0	0	203.30038433894495	296.6996156610551	nan	22	12	17	10.893106533762062	1.9519729298808222	0	0	12
216	0.1	5.0	[3]	{0}	1.3911342561991966	1.1145531764729517	1.1447761383314699	0.0	0	184.87198161892596	315.12801838107407	0.7453559924999299	8	4	6	4.624743963237852	0.9073105028158666	0	0	4
154	0.1	5.0	[3]	{1}	3.403236549784039	2.8038986437860998	2.7678373025941703	0.0	0	701.2459307443353	201.24593074433528	1.3416407864998738	4	4	4	3.1815081385113295	1.9024695337933624	0	0	4
92	0.1	5.0	[1]	{1}	5.60331228731295	5.226436778833628	5.226436778833628	0.0	0	284.90961901843554	215.09038098156446	1.1547005383792517	8	0	4	2.3498192380368708	0.0	0	0	0
402	0.1	5.0	[1]	{2}	7.218270838772634	6.7276321721862296	6.7276321721862296	0.0	0	544.2259199917318	44.22591999173176	0.769800358919501	26	4	15	11.70251488009095	0.0	0	0	4
340	0.1	5.0	[1]	{1}	2.8738535639786953	2.246244881268506	2.246244881268506	0.0	0	142.9877001792193	357.0122998207807	nan	0	0	0	0.0	0.0	0	0	0
31	0.1	5.0	[2]	{2}	6.881647550385684	6.417583871397236	6.4964260641036855	0.0	0	619.9501098599286	119.9501098599286	nan	26	2	14	8.984698461960999	3.71289383119053	0	0	2
464	0.1	5.0	[1]	{1}	2.1246568298816273	1.7755577859346654	1.7755577859346652	0.0	0	40.508351987227904	459.4916480127721	nan	0	0	0	0.0	0.0	0	0	0
278	0.1	5.0	[3]	{2}	2.6438820506662704	2.42280177426913	2.2718221438896804	0.0	0	980.5993793997916	480.5993793997916	1.3416407864998738	8	2	5	2.811003103001042	2.6254334641405204	0	0	2
217	0.1	5.0	[3]	{0}	3.5089229194883136	3.0649233129226476	3.0656347678305047	0.0	0	495.4729401506483	4.527059849351701	1.5491933384829668	14	8	11	8.868527059849352	3.6286966898114597	0	0	8
155	0.1	5.0	[1]	{1}	3.263674535164282	2.99282494419663	2.99282494419663	0.0	0	485.1109816227109	14.88901837728912	0.24359938288234503	12	0	6	4.451443926490843	0.0	0	0	0
93	0.1	5.0	[2]	{1}	3.492764304986289	2.826325474045907	3.044739497067904	0.0	0	162.4690629541875	337.5309370458125	1.161895003862225	9	7	8	5.252814377725125	1.9454506893615573	0	0	7
341	0.1	5.0	[1]	{1}	10.578993353756944	7.398686731181822	7.398686731181822	0.0	0	709.7946512512862	209.79465125128615	nan	1	1	1	0.8782053487487138	0.0	0	0	1
403	0.1	5.0	[2]	{0}	1.4283966694686279	1.3131495268583744	1.21484769564494	0.0	0	852.4093499872833	352.40934998728335	0.0	6	0	3	2.4835906500127165	0.7795915377200145	0	0	0
32	0.1	5.0	[2]	{0}	8.003518302226988	6.698891403343868	6.6787086542532625	0.0	0	474.3375633843244	25.662436615675574	1.9160711550797562	25	9	17	12.113687816921622	3.463419992784444	0	0	9
465	0.1	5.0	[1]	{2}	2.9135701375808787	2.820260680844849	2.820260680844849	0.0	0	503.4000116866082	3.4000116866081953	1.414213562373095	5	1	3	2.289599988313392	0.0	0	0	1
279	0.1	5.0	[1]	{2}	5.287675910674077	4.577781781814793	4.577781781814793	0.0	0	214.99524079263213	285.0047592073679	1.091089451179962	6	2	4	2.2189904815852644	0.0	0	0	2
218	0.1	5.0	[1]	{1}	6.234689152313274	4.613350238617654	4.613350238617654	0.0	0	920.0718286447226	420.0718286447226	1.224744871391589	3	1	2	1.0058563427105547	0.0	0	0	1
156	0.1	5.0	[1]	{2}	3.0329574345749526	2.571344706483582	2.5713447064835817	0.0	0	526.7173666507005	26.717366650700455	nan	0	0	0	0.0	0.0	0	0	0
94	0.1	5.0	[3]	{1}	5.944602873422895	5.003097765990866	5.1369324215993455	0.0	0	934.1756943613294	434.1756943613294	0.8819171036881969	17	13	15	8.538715973302718	5.736092127240072	0	0	13
342	0.1	5.0	[3]	{2}	2.9732183276771016	2.3999188083800034	2.471765181507024	0.0	0	110.3744278661907	389.6255721338093	1.5275252316519468	8	6	7	2.911620995063335	2.1192099912907287	0	0	6
404	0.1	5.0	[1]	{0}	6.700574206175883	4.690927130340349	4.690927130340349	0.0	0	68.43103840947148	431.5689615905285	nan	1	1	1	0.7684310384094715	0.0	0	0	1
466	0.1	5.0	[3]	{2}	3.5735366141128453	2.9589191247807065	3.1624667743926778	0.0	0	85.51932382397348	414.4806761760265	1.5932550136313832	12	12	12	5.952193238239736	4.3496053171332845	0	0	12
33	0.1	5.0	[1]	{2}	16.58028953815203	15.03267406809636	15.03267406809636	0.0	0	814.996264874935	314.99626487493504	1.224744871391589	3	1	2	1.47700747025013	0.0	0	0	1
219	0.1	5.0	[1]	{0}	0.7817821750871594	0.7021155019754401	0.7021155019754401	0.0	0	586.6208348888904	86.62083488889039	1.224744871391589	3	1	2	1.1909999999999998	0.0	0	0	1
280	0.1	5.0	[2]	{2}	4.882750683765265	4.318308825339154	4.180393212349559	0.0	0	119.41550415940584	380.5844958405942	0.0	13	9	11	7.440570545753464	2.1013963028436367	0	0	9
157	0.1	5.0	[1]	{2}	2.5470388662916883	2.091870260223502	2.091870260223502	0.0	0	629.5208442024887	129.52084420248866	nan	6	6	6	3.466874934785068	0.0	0	0	6
95	0.1	5.0	[2]	{1}	3.944363288208345	3.549585443315515	3.517635518347326	0.0	0	626.7352930735798	126.73529307357978	1.8523964340873709	20	6	13	7.7673823623377825	1.7975535395640043	0	0	6
343	0.1	5.0	[2]	{1}	3.544249504806605	3.283144415462945	3.274512261935148	0.0	0	870.6338484771553	370.6338484771553	1.61245154965971	14	10	12	7.900661515228447	1.5256777555880658	0	0	10
405	0.1	5.0	[1]	{2}	9.167948398467697	7.760700993767674	7.760700993767674	0.0	0	851.0232823900878	351.02328239008784	1.3416407864998738	4	2	3	1.7729301528297365	0.0	0	0	2
467	0.1	5.0	[1]	{0}	3.5134118273578494	2.7298081841316417	2.7298081841316417	0.0	0	279.2101809754968	220.78981902450317	nan	0	0	0	0.0	0.0	0	0	0
34	0.1	5.0	[2]	{0}	8.444225959393744	7.78008722603117	7.8219928180301315	0.0	0	645.7438601646572	145.74386016465724	0.4824506406770077	31	11	21	13.3663789365422	3.8874088769604676	0	0	11
281	0.1	5.0	[3]	{0}	3.1950113904979482	2.688241573329091	2.7351478999657854	0.0	0	632.3748147115112	132.37481471151125	0.7833494518006403	10	6	8	5.6027511117309325	3.06545965215092	0	0	6
220	0.1	5.0	[3]	{2}	2.3482544639949774	2.068502805070283	1.9037013737467596	0.0	0	856.1738273128868	356.17382731288683	nan	4	2	3	1.8984785180613395	1.602783648483881	0	0	2
158	0.1	5.0	[2]	{2}	3.0397662628635365	2.6933146988154855	2.757184890425698	0.0	0	302.62146843597293	197.37853156402707	1.5932550136313832	12	12	12	8.297214684359728	1.5608941532837484	0	0	12
96	0.1	5.0	[3]	{2}	8.785761135144897	8.112470518293055	8.106176277451429	0.0	0	289.48324173688894	210.51675826311106	3.659204071391786	34	26	30	22.95893296694756	12.164742410102122	0	0	26
468	0.1	5.0	[3]	{1}	1.6934957191511573	1.4549743104987383	1.4177066636958475	0.0	0	951.1835167650136	451.18351676501356	0.0	5	1	3	1.5004494497049592	1.2632787471288556	0	0	1
344	0.1	5.0	[1]	{0}	2.625398077587488	1.8900672174629771	1.8900672174629771	0.0	0	87.34881784766918	412.6511821523308	nan	1	1	1	0.2993488178476691	0.0	0	0	1
406	0.1	5.0	[1]	{1}	6.7207088604887435	5.772029194482167	5.772029194482167	0.0	0	630.5177533067765	130.5177533067765	1.224744871391589	3	1	2	1.049	0.0	0	0	1
35	0.1	5.0	[1]	{0}	5.160018852428068	4.584813822345014	4.584813822345014	0.0	0	76.11231482587743	423.88768517412257	nan	21	21	21	11.589358611343428	0.0	0	0	21
282	0.1	5.0	[3]	{0}	3.0197427877035192	2.4975562025831066	2.5133493427764204	0.0	0	16.223546816035995	483.776453183964	1.8257418583505538	11	1	6	1.833341280896216	2.020983549044554	0	0	1
221	0.1	5.0	[2]	{1}	2.9046195471308884	2.7298234793145033	2.7829692679008518	0.0	0	79.77110799402011	420.2288920059799	nan	14	8	11	4.7814821879342215	1.4571281631902662	0	0	8
159	0.1	5.0	[2]	{1}	3.1550725114644833	2.5892571729347265	2.5726439820473206	0.0	0	565.3374947141856	65.3374947141856	1.4638501094227998	9	5	7	5.618987515857443	1.2493750648483244	0	0	5
97	0.1	5.0	[1]	{2}	4.516353751921802	3.930692773125942	3.930692773125942	0.0	0	236.0699269920588	263.9300730079412	0.7807200583588266	17	3	11	7.896209780976176	0.0	0	0	5
469	0.1	5.0	[1]	{2}	2.7068364205817184	2.202755457553487	2.202755457553487	0.0	0	37.36526984721419	462.6347301527858	0.4629100498862757	6	2	4	1.8084610793888567	0.0	0	0	2
345	0.1	5.0	[2]	{1}	6.942800942141588	5.775811090474958	5.788106213093743	0.0	0	217.3943633679301	282.6056366320699	0.6546536707079772	20	10	15	9.98912672378309	2.3602120314420487	0	0	10
407	0.1	5.0	[1]	{1}	3.18125878046643	2.6838203558649667	2.6838203558649667	0.0	0	803.7239387631417	303.72393876314175	0.0	10	2	6	3.2846563674211495	0.0	0	0	2
283	0.1	5.0	[3]	{1}	4.335034328269655	3.5735842374761533	3.5584288028443285	0.0	0	527.1974499337375	27.197449933737516	2.4748737341529163	15	11	13	9.145802550066264	3.0144617922530093	0	0	11
36	0.1	5.0	[1]	{1}	8.339837926058388	5.8367391277030745	5.8367391277030745	0.0	0	465.66883148625504	34.331168513744956	nan	0	0	0	0.0	0.0	0	0	0
222	0.1	5.0	[2]	{0}	5.1175612706714775	4.012021829737809	3.935292700278705	0.0	0	957.0920325350016	457.09203253500164	0.588683436707244	18	6	12	8.005263739719988	1.5443756985170833	0	0	6
160	0.1	5.0	[1]	{1}	8.892558289186118	7.343675975437211	7.343675975437211	0.0	0	130.17727318219846	369.82272681780154	0.6129243160382395	30	6	18	10.383836370915173	0.0	0	0	6
98	0.1	5.0	[1]	{1}	2.3364619733290044	2.00556355525284	2.00556355525284	0.0	0	130.45960641466098	369.540393585339	nan	2	2	2	1.1509192128293222	0.0	0	0	2
346	0.1	5.0	[1]	{0}	1.5458713573529617	1.2267920482072292	1.2267920482072292	0.0	0	649.2501122411339	149.25011224113393	0.0	4	2	3	2.788250112241134	0.0	0	0	2
470	0.1	5.0	[2]	{2}	1.5046974806586095	1.149011829890905	1.2648220365031326	0.0	0	89.34365864843127	410.6563413515687	1.3416407864998738	4	2	3	0.8640309759452939	0.7944857600044568	0	0	2
408	0.1	5.0	[1]	{1}	3.572087700165137	2.6951219637334614	2.6951219637334614	0.0	0	222.0549173653126	277.9450826346874	nan	0	0	0	0.0	0.0	0	0	0
284	0.1	5.0	[1]	{2}	4.56741053415532	3.8144492699876	3.8144492699876	0.0	0	465.8431056886912	34.156894311308804	0.0	9	1	5	3.712843105688691	0.0	0	0	1
37	0.1	5.0	[2]	{2}	2.2975001454300163	1.8542376849070286	1.9090233136011927	0.0	0	666.2498472724111	166.2498472724111	1.3416407864998738	4	4	4	2.697500305455178	1.089811159825709	0	0	4
223	0.1	5.0	[3]	{2}	2.843023222169078	2.6435832093971916	2.6771058616798022	0.0	0	107.66723868437106	392.33276131562894	2.1712405933672376	13	13	13	6.517005148159339	4.44415199838064	0	0	13
161	0.1	5.0	[2]	{2}	3.3516063933767106	2.7280840534688724	2.72893923542946	0.0	0	492.6241349894554	7.375865010544601	0.11396057645963795	10	0	5	3.719127595031633	1.1690793158164028	0	0	0
99	0.1	5.0	[1]	{0}	6.19125174847482	5.364524672377849	5.364524672377849	0.0	0	288.5973858647048	211.4026141352952	1.3416407864998738	4	4	4	2.7631947717294096	0.0	0	0	4
347	0.1	5.0	[1]	{1}	2.0187971209995963	1.47769978776949	1.47769978776949	0.0	0	513.9963484834881	13.996348483488077	nan	0	0	0	0.0	0.0	0	0	0
471	0.1	5.0	[1]	{2}	6.759761453637023	6.068256608807373	6.068256608807373	0.0	0	688.8660045806319	188.86600458063185	nan	1	1	1	0.46213399541936817	0.0	0	0	1
409	0.1	5.0	[1]	{2}	4.852040528704977	3.42140776479634	3.42140776479634	0.0	0	114.16387022472912	385.8361297752709	1.414213562373095	5	3	4	1.5666554808989166	0.0	0	0	3
285	0.1	5.0	[1]	{1}	2.3289095710058083	2.0715322520901247	2.0715322520901247	0.0	0	106.51155887171625	393.48844112828374	nan	1	1	1	0.7425115588717163	0.0	0	0	1
224	0.1	5.0	[1]	{2}	2.5018367851837304	2.456513527286069	2.456513527286069	0.0	0	618.1738001760095	118.17380017600954	1.5	7	1	4	2.9033476003520193	0.0	0	0	1
38	0.1	5.0	[1]	{1}	7.31416676527274	5.3193685663129555	5.319368566312955	0.0	0	963.837459217757	463.837459217757	0.9797958971132712	9	1	5	2.725812703911215	0.0	0	0	1
162	0.1	5.0	[1]	{1}	2.2614441010297424	1.7196969252849028	1.7196969252849028	0.0	0	755.9427563101053	255.94275631010532	1.5491933384829668	4	4	4	3.4170000000000003	0.0	0	0	4
100	0.1	5.0	[2]	{0}	3.6766909237582723	3.412476048696101	3.215176878817063	0.0	0	14.767647953704	485.232352046296	0.6396021490668313	10	2	6	2.5956058877222237	1.7834390329532197	0	0	2
410	0.1	5.0	[3]	{0}	4.610262984692301	3.753572831426256	3.7106822983834427	0.0	0	84.54990386962874	415.45009613037126	1.1491376885459788	22	6	14	8.28839923095703	2.1271191914385605	0	0	6
472	0.1	5.0	[1]	{2}	4.302410324621098	3.0323184748658893	3.0323184748658893	0.0	0	702.0891909487544	202.08919094875444	1.224744871391589	3	1	2	1.6298216181024912	0.0	0	0	1
286	0.1	5.0	[3]	{2}	9.786950641398453	9.34506680285489	9.207584855740187	0.0	0	777.7322698384523	277.73226983845234	3.931480404481737	41	33	37	24.905551412746313	15.433991104930428	0	0	33
348	0.1	5.0	[1]	{0}	2.7256933961340515	2.1243318667775615	2.1243318667775615	0.0	0	546.3720569387078	46.37205693870783	1.0	2	2	2	1.581	0.0	0	0	2
39	0.1	5.0	[3]	{1}	2.3441913088432997	1.9541773395946687	2.0137269559398927	0.0	0	781.4223535824568	281.4223535824568	1.224744871391589	9	7	8	6.440155292835086	2.256270091104112	0	0	7
225	0.1	5.0	[1]	{0}	12.953372829473848	11.376672445917375	11.376672445917375	0.0	0	697.5730413105338	197.57304131053377	nan	0	0	0	0.0	0.0	0	0	0
163	0.1	5.0	[1]	{2}	3.5461029401678	3.2633346493163424	3.2633346493163424	0.0	0	987.107530469075	487.10753046907496	0.7833494518006403	10	6	8	4.1841397562474	0.0	0	0	6
101	0.1	5.0	[1]	{1}	2.1236054533094872	1.8973565259941727	1.8973565259941727	0.0	0	300.96719833090924	199.03280166909076	nan	7	1	4	2.766868793323637	0.0	0	0	1
287	0.1	5.0	[3]	{1}	4.696284681383239	4.357354877765646	4.3372373748069135	0.0	0	816.3587693125013	316.3587693125013	2.87057417225742	23	19	21	13.611335998937482	6.583781696662127	0	0	19
411	0.1	5.0	[1]	{0}	9.028830613785704	7.713596409929621	7.713596409929621	0.0	0	943.945803679526	443.94580367952597	nan	1	1	1	0.32105419632047405	0.0	0	0	1
473	0.1	5.0	[1]	{1}	7.818903221418554	7.061558020758082	7.061558020758082	0.0	0	854.4495508540423	354.4495508540423	1.2474111121673643	28	20	24	13.95710988121107	0.0	0	0	20
349	0.1	5.0	[1]	{2}	4.875429942635135	3.789083217578841	3.789083217578841	0.0	0	788.815530948341	288.815530948341	nan	0	0	0	0.0	0.0	0	0	0
40	0.1	5.0	[2]	{2}	5.006198129380282	4.343230222599	4.516422411947321	0.0	0	741.0255856812	241.02558568120003	nan	15	13	14	8.7896418004632	2.7318868510397176	0	0	13
226	0.1	5.0	[2]	{0}	5.397663268506303	4.6169831712712845	4.598837151316005	0.0	0	481.5894665662199	18.410533433780074	1.459992790176863	23	5	15	11.28287373403646	2.8856380094916476	0	0	7
164	0.1	5.0	[3]	{0}	0.943106263887788	0.7520185678594925	0.7446042664465843	0.0	0	272.20954769290984	227.79045230709016	nan	2	0	1	0.7702095476929098	0.3307453286615225	0	0	0
102	0.1	5.0	[3]	{2}	7.125935878541211	5.933306123634434	6.040650666401436	0.0	0	302.04796115867794	197.95203884132206	1.5120906108702794	28	20	24	16.646671456221487	6.1118655697055	0	0	20
288	0.1	5.0	[3]	{2}	1.327564780565862	1.0046770630218498	1.0044825982179686	0.0	0	618.4841715730727	118.48417157307267	1.1547005383792517	5	1	3	2.1755158284269274	0.07211337477593505	0	0	1
350	0.1	5.0	[3]	{2}	4.264175372837101	3.5064668090011244	3.444892754840916	0.0	0	822.2570023499429	322.2570023499429	2.008316044185609	11	5	8	4.750485995300114	2.1651610700129433	0	0	5
412	0.1	5.0	[1]	{1}	4.327269887519894	3.1669289473356215	3.1669289473356215	0.0	0	486.9354339316487	13.064566068351326	nan	1	1	1	0.5439354339316487	0.0	0	0	1
474	0.1	5.0	[1]	{2}	2.458184101113603	2.09656149748924	2.09656149748924	0.0	0	124.8504370450973	375.1495629549027	nan	0	0	0	0.0	0.0	0	0	0
41	0.1	5.0	[1]	{2}	6.3676503985663855	4.889484228610477	4.889484228610477	0.0	0	782.1009107865392	282.1009107865392	1.0	2	0	1	0.5158990892134607	0.0	0	0	0
227	0.1	5.0	[1]	{1}	10.463094155952454	8.776767495984984	8.776767495984984	0.0	0	109.32755237445232	390.67244762554765	0.0	7	5	6	3.849310209497809	0.0	0	0	5
165	0.1	5.0	[1]	{1}	3.0333417145354353	2.7835383908714983	2.7835383908714983	0.0	0	777.5716849137099	277.5716849137099	0.6123724356957946	11	5	8	5.70856989051774	0.0	0	0	5
103	0.1	5.0	[2]	{0}	9.235991155067136	8.5157748144448	8.49649930717582	0.0	0	277.52039977349347	222.47960022650653	0.15658166010050478	45	15	30	18.456571193657815	3.9651431664686156	0	0	15
289	0.1	5.0	[2]	{2}	7.179947842567522	6.946436784720852	6.5241386234846726	0.0	0	877.383768791333	377.38376879133295	0.75	31	19	25	13.644405780216676	4.05317986967538	0	0	19
413	0.1	5.0	[2]	{0}	4.207867012073551	3.591247648287642	3.5581032567137947	0.0	0	305.3506833966821	194.6493166033179	0.7592566023652966	16	0	8	5.39540273358673	1.6244472124848768	0	0	0
351	0.1	5.0	[2]	{2}	2.959351112776692	2.4366851206104307	2.476241840592532	0.0	0	217.32890862040225	282.6710913795978	0.5773502691896258	5	1	3	2.484328908620402	1.136505320025081	0	0	1
42	0.1	5.0	[3]	{2}	3.289053734250383	2.87542361435395	2.835051727526728	0.0	0	847.9576483368875	347.9576483368875	1.3887301496588271	15	13	14	6.381592923283576	3.0621167040540227	0	0	13
475	0.1	5.0	[2]	{1}	7.04748080627997	5.918310767093882	6.073505796798849	0.0	0	730.8686801698061	230.8686801698061	1.811643254631353	17	11	14	9.682313198301937	3.221987496677863	0	0	11
228	0.1	5.0	[2]	{2}	4.047330856744789	3.721567415444513	3.686390969428235	0.0	0	305.9639346320182	194.0360653679818	0.7833494518006403	10	2	6	4.5180721307359635	1.8440137255465292	0	0	2
166	0.1	5.0	[2]	{2}	2.5923302185620174	2.2951832272457713	2.33049791400916	0.0	0	818.1065332610161	318.1065332610161	nan	13	7	10	6.405934667389839	1.145348087568671	0	0	7
104	0.1	5.0	[3]	{0}	2.624726227277162	2.4757684958785617	2.460803705981014	0.0	0	961.7812149226664	461.78121492266644	0.0	15	11	13	7.077844206005338	3.970478950835825	0	0	11
290	0.1	5.0	[1]	{1}	3.204461077846113	2.3684675060176996	2.3684675060176996	0.0	0	91.7206630110741	408.27933698892593	nan	0	0	0	0.0	0.0	0	0	0
352	0.1	5.0	[1]	{2}	7.741019911817214	5.361967665412202	5.361967665412202	0.0	0	340.33257234841574	159.66742765158426	nan	2	2	2	1.5086651446968316	0.0	0	0	2
43	0.1	5.0	[2]	{0}	2.1556566124386523	1.7961691875441383	1.7441294932885327	0.0	0	942.7119276951996	442.7119276951996	1.4638501094227998	6	4	5	3.252440361524002	0.7838487185453272	0	0	4
414	0.1	5.0	[2]	{0}	4.113387923117562	3.987392780314756	3.9020571822415313	0.0	0	774.6659764088689	274.6659764088689	0.5056205829602307	24	8	16	9.163344377458097	2.156051858529158	0	0	8
476	0.1	5.0	[1]	{2}	14.278089982882538	9.700830935707398	9.700830935707398	0.0	0	811.1403514631094	311.14035146310937	0.18257418583505536	11	5	8	5.4184385941475615	0.0	0	0	5
229	0.1	5.0	[1]	{1}	6.660013717225713	5.8762226267221696	5.8762226267221696	0.0	0	479.2697695083917	20.730230491608324	0.47140452079103173	15	3	9	7.157190691474825	0.0	0	0	3
167	0.1	5.0	[3]	{1}	1.6527533288409986	1.427928369227185	1.4261007371865344	0.0	0	50.70294020697488	449.29705979302514	0.8660254037844387	8	2	5	3.3631088206209245	1.4963536831836601	0	0	2
105	0.1	5.0	[1]	{0}	5.192091248139668	4.768099004893319	4.768099004893319	0.0	0	143.73931102454662	356.2606889754534	0.47140452079103173	15	1	8	4.722957244098186	0.0	0	0	1
291	0.1	5.0	[1]	{2}	7.584997790641757	6.312931367067236	6.312931367067235	0.0	0	999.1189711727202	499.1189711727202	nan	2	2	2	1.1117620576545595	0.0	0	0	2
415	0.1	5.0	[3]	{1}	9.968181311304019	9.017118902019927	9.22547431579962	0.0	0	787.9137045238168	287.9137045238168	1.0513149660756937	41	35	39	22.822020341666416	14.71837979571752	0	0	37
44	0.1	5.0	[3]	{1}	2.8726149799887453	2.2701618304187354	2.3079744845195207	0.0	0	581.1377824284139	81.13778242841386	1.5275252316519468	8	8	8	5.427173305429517	1.6941361608285257	0	0	8
353	0.1	5.0	[1]	{0}	2.1482368410208	1.9301440236170495	1.9301440236170495	0.0	0	657.6645625755192	157.6645625755192	nan	1	1	1	0.7903354374244809	0.0	0	0	1
477	0.1	5.0	[1]	{2}	8.801926580240737	6.350681643362061	6.350681643362061	0.0	0	569.861767347902	69.86176734790195	nan	0	0	0	0.0	0.0	0	0	0
230	0.1	5.0	[1]	{1}	5.8206409181834715	4.058041550090154	4.058041550090154	0.0	0	152.8899311088025	347.1100688911975	nan	0	0	0	0.0	0.0	0	0	0
168	0.1	5.0	[2]	{1}	2.172629266657384	1.835833385776584	1.81623678462586	0.0	0	873.348482185975	373.34848218597494	0.6666666666666666	8	0	4	2.5776060712561004	0.782410917385046	0	0	0
106	0.1	5.0	[3]	{1}	2.552767282368368	2.1022368829673215	2.12910047073128	0.0	0	634.2289422173055	134.22894221730553	1.0	7	5	6	3.9960842311307783	1.9163326758325652	0	0	5
292	0.1	5.0	[1]	{0}	6.804033028886082	5.640588082749479	5.640588082749479	0.0	0	148.66349333897216	351.33650666102784	0.2686866453119395	21	7	14	7.66628890674561	0.0	0	0	7
45	0.1	5.0	[2]	{0}	3.9927003147087112	3.4999303941972966	3.484816307344022	0.0	0	133.74152570031578	366.2584742996842	0.5698028822981898	10	2	6	3.916966102801264	1.529732326512064	0	0	2
416	0.1	5.0	[1]	{1}	9.022133481785422	6.648036466665186	6.648036466665186	0.0	0	961.676685139537	461.67668513953697	1.8516401995451028	6	2	4	2.831	0.0	0	0	2
354	0.1	5.0	[2]	{0}	1.2165907424008178	1.0651483267076094	1.0410439077231906	0.0	0	320.5114870797843	179.48851292021573	nan	2	0	1	0.7645114870797842	0.5670435874552797	0	0	0
478	0.1	5.0	[1]	{2}	3.08297238902069	2.176142844686601	2.176142844686601	0.0	0	716.1372089758516	216.13720897585165	0.4472135954999579	4	2	3	2.677137208975852	0.0	0	0	2
231	0.1	5.0	[1]	{2}	3.0560369116589543	2.663194184255241	2.663194184255241	0.0	0	311.5297991316766	188.4702008683234	1.4814874939752933	10	4	7	5.540470200868323	0.0	0	0	4
169	0.1	5.0	[1]	{0}	5.039590318490014	4.006950032091655	4.006950032091655	0.0	0	703.1521527096631	203.15215270966314	2.23606797749979	8	6	7	4.810152152709664	0.0	0	0	6
107	0.1	5.0	[2]	{1}	5.392036511876706	4.248365167859093	4.213120668712256	0.0	0	411.3263711333276	88.6736288666724	0.7319250547113999	13	7	10	7.522999999999999	1.914565554829693	0	0	7
293	0.1	5.0	[3]	{0}	4.409525406944983	3.7919863877209865	3.7544194931937205	0.0	0	19.9298853985963	480.0701146014037	0.3927922024247863	20	12	16	9.016018395580348	3.65645643690916	0	0	12
417	0.1	5.0	[1]	{2}	4.404754865600615	3.456700761381361	3.456700761381361	0.0	0	50.98872259259229	449.0112774074077	nan	2	2	2	1.1199774451851847	0.0	0	0	2
355	0.1	5.0	[1]	{1}	17.082924064415593	12.960525450051211	12.960525450051211	0.0	0	586.0956511460244	86.09565114602435	0.8783100656536799	6	4	5	3.855713046561927	0.0	0	0	4
46	0.1	5.0	[2]	{1}	4.58014347941684	3.9403410708713116	3.9011098397664834	0.0	0	580.1501211244614	80.1501211244614	0.282842712474619	14	0	7	5.367249394377692	2.1005099879908102	0	0	0
479	0.1	5.0	[1]	{1}	6.450803503806693	6.262286889928291	6.262286889928291	0.0	0	751.2129882816226	251.21298828162264	0.22237479499833035	25	3	14	9.386018164057283	0.0	0	0	3
232	0.1	5.0	[3]	{2}	4.9302267616744215	3.9627935828687026	3.959767130553308	0.0	0	288.8335073366761	211.16649266332388	1.0555973258234952	12	6	9	6.348833507336676	2.1111085413533632	0	0	6
170	0.1	5.0	[3]	{2}	6.901378943836387	5.301643541629102	5.391917916515553	0.0	0	754.8796946648508	254.87969466485083	0.9139076937674137	15	1	8	5.8260000000000005	2.081253924564947	0	0	1
108	0.1	5.0	[1]	{2}	3.001027546928285	2.130947335015336	2.130947335015336	0.0	0	14.776228927075865	485.22377107292414	0.5773502691896258	5	1	3	1.9013286867812276	0.0	0	0	1
294	0.1	5.0	[2]	{2}	2.9216844021318154	2.7133185693212662	2.7146353479824112	0.0	0	933.5734478663654	433.5734478663654	nan	24	18	21	9.874957594806324	1.2568301840497162	0	0	18
418	0.1	5.0	[3]	{2}	3.55021973496087	2.855463670811978	2.9170793127925974	0.0	0	187.87287804298117	312.12712195701886	0.8432740427115678	17	11	14	10.41398302434385	2.2327216931984495	0	0	11
47	0.1	5.0	[3]	{1}	5.807579257397013	5.130816624640431	5.195162561558761	0.0	0	596.3962855748833	96.39628557488334	2.2758013333073412	16	8	12	8.457792571149767	7.383339640532709	0	0	8
356	0.1	5.0	[1]	{0}	2.9177767446058693	2.3663053044561786	2.3663053044561786	0.0	0	305.537821725011	194.46217827498901	nan	3	3	3	1.7776134651750328	0.0	0	0	3
480	0.1	5.0	[1]	{1}	4.230073232338973	3.273444081028159	3.273444081028159	0.0	0	268.0668849498033	231.9331150501967	nan	0	0	0	0.0	0.0	0	0	0
233	0.1	5.0	[1]	{0}	3.988310726078564	3.3354146322158003	3.3354146322158003	0.0	0	788.9169622212646	288.9169622212646	0.9258200997725514	6	0	3	2.4050830377787356	0.0	0	0	0
171	0.1	5.0	[1]	{0}	6.421829630876035	4.731353108977605	4.731353108977605	0.0	0	735.0961770862341	235.0961770862341	0.9797958971132712	9	1	5	3.262903822913766	0.0	0	0	1
109	0.1	5.0	[3]	{1}	8.485304753021271	6.2131022245020855	6.694309615446871	0.0	0	71.72664278186872	428.2733572181313	1.6573267710816089	33	19	26	13.592986141201111	3.766247113689398	0	0	19
295	0.1	5.0	[3]	{0}	2.071534685702364	1.6532640521040012	1.6443155087987367	0.0	0	700.8218117989597	200.82181179895974	2.3094010767585034	8	6	7	4.948178188201041	0.7698755746011359	0	0	6
419	0.1	5.0	[1]	{0}	3.1517089788888657	3.0990216127664554	3.0990216127664554	0.0	0	854.8390115611256	354.83901156112563	2.082066281365701	15	1	8	6.137287907510994	0.0	0	0	1
48	0.1	5.0	[1]	{1}	4.092467682321452	3.281892390020384	3.281892390020383	0.0	0	243.46392229199404	256.53607770800596	nan	0	0	0	0.0	0.0	0	0	0
357	0.1	5.0	[3]	{0}	11.96755723266914	10.386084727487171	10.357491134720505	0.0	0	284.5452099572868	215.45479004271323	2.0246842729741243	33	19	26	19.118361679658292	11.187298408911111	0	0	19
481	0.1	5.0	[2]	{1}	3.647309944682368	2.8960886436074293	2.919460233962584	0.0	0	24.11789167672401	475.882108323276	0.592156525463792	13	9	11	3.9482968084439642	1.1449174050417565	0	0	9
234	0.1	5.0	[1]	{2}	3.4338378514829944	3.274959553746092	3.274959553746092	0.0	0	40.35219945944843	459.64780054055154	0.0	9	3	6	3.0921131967566904	0.0	0	0	3
172	0.1	5.0	[3]	{2}	4.843015271920547	4.398522895353056	4.234726165488542	0.0	0	863.5345785878599	363.53457858785987	0.9607689228305227	12	2	8	5.188861685648559	5.2702848172532795	0	0	4
110	0.1	5.0	[3]	{0}	5.489851900700008	4.948213839395053	4.631552962109912	0.0	0	877.059440361336	377.059440361336	0.42640143271122083	10	4	7	4.39670279819332	4.9531291581095	0	0	4
296	0.1	5.0	[1]	{0}	4.644051450840556	3.7639978997871646	3.7639978997871646	0.0	0	22.492542862892204	477.5074571371078	1.414213562373095	5	3	4	2.962970171451569	0.0	0	0	3
420	0.1	5.0	[1]	{2}	1.4675992375449072	1.0075606607357102	1.0075606607357102	0.0	0	817.5525413826109	317.5525413826109	nan	1	1	1	0.5304474586173891	0.0	0	0	1
49	0.1	5.0	[1]	{0}	4.9754072041111765	4.089478295025117	4.089478295025117	0.0	0	147.52180338837212	352.4781966116279	0.502518907629606	17	5	11	5.779739837272093	0.0	0	0	5
358	0.1	5.0	[1]	{2}	5.175491307981675	3.718214270041404	3.718214270041403	0.0	0	150.91780712828046	349.08219287171954	nan	1	1	1	0.8619178071282805	0.0	0	0	1
482	0.1	5.0	[3]	{0}	4.035349511905313	3.2630147330680384	3.337491323731544	0.0	0	582.3306499514727	82.33064995147265	1.5275252316519468	8	4	6	3.6126774001941095	3.392436976639284	0	0	4
235	0.1	5.0	[2]	{0}	2.626516439681959	2.4214785651338255	2.4252620464262735	0.0	0	406.44225548021495	93.55774451978505	0.7302967433402214	14	0	7	5.6696732335593545	1.1524438918291442	0	0	0
111	0.1	5.0	[3]	{2}	3.791400322644961	2.9998222883068144	3.0387651432276597	0.0	0	275.12710844166577	224.87289155833423	1.6397831834998458	8	4	6	3.767	1.734896397521682	0	0	4
173	0.1	5.0	[2]	{1}	3.5228793818895525	3.489752025777592	3.4781974891638825	0.0	0	66.26000953838238	433.7399904616176	nan	17	17	17	8.832420162152504	1.743397114094528	0	0	17
297	0.1	5.0	[2]	{0}	5.755929095496064	4.936138808213562	4.919012371755208	0.0	0	623.2885641511529	123.28856415115285	0.9518172686249524	28	8	18	11.15911435848847	2.1799612469695644	0	0	8
421	0.1	5.0	[1]	{0}	5.902714656408689	4.1622054162710445	4.1622054162710445	0.0	0	89.7806701250374	410.21932987496257	nan	1	1	1	0.9922193298749626	0.0	0	0	1
50	0.1	5.0	[1]	{2}	2.747837485701178	2.1118692471640124	2.1118692471640124	0.0	0	844.1530908457936	344.1530908457936	1.0	2	2	2	1.892	0.0	0	0	2
359	0.1	5.0	[2]	{1}	9.413482324939785	8.716585656736225	8.747998282176665	0.0	0	733.1490342039617	233.14903420396172	0.28603877677367767	43	19	31	22.137976076493036	4.1759890758038285	0	0	19
483	0.1	5.0	[1]	{1}	2.8319736532664486	2.6996064222816822	2.6996064222816822	0.0	0	105.89978424832238	394.10021575167764	0.47633051162246687	16	8	12	7.092797410979868	0.0	0	0	8
236	0.1	5.0	[1]	{0}	5.684614651323429	5.055250961987582	5.055250961987582	0.0	0	852.7880066540091	352.7880066540091	1.044465935734187	10	6	8	4.565271960075945	0.0	0	0	6
174	0.1	5.0	[3]	{2}	2.471860554601438	2.115136346793571	2.038612513210294	0.0	0	372.2230622079224	127.7769377920776	1.7056057308448833	10	6	8	6.253	2.076622890901053	0	0	6
112	0.1	5.0	[1]	{0}	1.9204877169875316	1.819482831253811	1.819482831253811	0.0	0	437.57888907566655	62.42111092433345	0.0	6	0	3	2.3044211109243333	0.0	0	0	0
298	0.1	5.0	[3]	{0}	8.48002144302934	7.9980196418001155	7.920644592258678	0.0	0	335.7938989065587	164.2061010934413	4.169995688598947	42	34	38	28.428526786878713	12.956234990149458	0	0	34
51	0.1	5.0	[3]	{1}	3.7248850074538775	3.123821545527386	3.011157596119602	0.0	0	287.4520032200964	212.5479967799036	1.8571428571428572	13	1	7	6.4142600161004815	2.270014291590756	0	0	1
484	0.1	5.0	[3]	{1}	7.1717443289692975	5.682647935688226	5.638339274574462	0.0	0	595.2343526296319	95.23435262963187	0.7108186533109109	18	4	11	8.247296942111104	2.5415074479471222	0	0	4
422	0.1	5.0	[1]	{0}	3.312767617110636	3.182954240308785	3.182954240308785	0.0	0	461.272720247507	38.72727975249302	nan	14	4	9	6.403454482227563	0.0	0	0	4
360	0.1	5.0	[1]	{0}	3.8261715248163712	3.4298363726551155	3.4298363726551155	0.0	0	898.3261929824951	398.32619298249506	0.0	3	1	2	1.0083476140350098	0.0	0	0	1
237	0.1	5.0	[3]	{0}	5.105578733561926	4.021380802932319	4.065488494540965	0.0	0	625.1713372766973	125.17133727669727	0.3418817293789138	10	0	5	3.9678286627233033	2.242814083206155	0	0	0
175	0.1	5.0	[1]	{2}	6.855665430072408	6.149041421559129	6.149041421559129	0.0	0	839.0901095699519	339.0901095699519	0.2277100170213244	26	14	20	11.741738466020674	0.0	0	0	14
113	0.1	5.0	[2]	{2}	4.2858085857212735	3.802165236462971	3.8512619139878583	0.0	0	274.13559216074646	225.86440783925354	1.7789983599866428	25	11	18	11.656898290250451	1.925729972949157	0	0	11
299	0.1	5.0	[2]	{1}	3.9291772724568013	3.2252568123412364	3.241212402377911	0.0	0	216.30710130557424	283.69289869442576	0.24359938288234503	12	4	8	6.449614202611149	1.3328662385910235	0	0	4
423	0.1	5.0	[3]	{1}	6.145896951708108	5.243088746971937	5.143026330227215	0.0	0	8.512543281540413	491.4874567184596	0.8198915917499229	23	13	19	9.391713235786185	4.472419919247193	0	0	15
52	0.1	5.0	[1]	{0}	1.8901382692175512	1.635709411600522	1.635709411600522	0.0	0	906.158111989498	406.158111989498	0.4472135954999579	8	2	5	2.04820944005251	0.0	0	0	2
361	0.1	5.0	[3]	{2}	1.7610010437903942	1.3328548933206636	1.338388565839906	0.0	0	641.6567391715945	141.6567391715945	0.2182178902359924	6	0	3	2.0066567391715946	0.18016621922252163	0	0	0
485	0.1	5.0	[1]	{2}	3.8018833433802333	2.7996626518088186	2.7996626518088186	0.0	0	337.1130707673728	162.8869292326272	nan	0	0	0	0.0	0.0	0	0	0
238	0.1	5.0	[3]	{2}	3.6297155570757713	3.069597301376798	3.1130865229942932	0.0	0	663.965076673776	163.96507667377603	nan	8	8	8	4.513279386609791	3.3916335030491425	0	0	8
114	0.1	5.0	[1]	{0}	5.71726679253491	4.445192361495627	4.445192361495627	0.0	0	494.998841546476	5.001158453523999	nan	0	0	0	0.0	0.0	0	0	0
176	0.1	5.0	[2]	{1}	2.4222563390377423	2.120584021856128	2.1822146377023994	0.0	0	248.4611701220275	251.5388298779725	nan	9	3	6	3.286767020732165	1.2161007901320315	0	0	3
424	0.1	5.0	[3]	{1}	4.469510251706624	3.9871359121717442	3.9383287066741706	0.0	0	381.0689817182722	118.9310182817278	3.0	13	13	13	8.976068981718274	5.099950616983596	0	0	13
362	0.1	5.0	[3]	{2}	2.8598792542687077	2.221040947883975	2.2281514507200244	0.0	0	443.4707730542869	56.529226945713106	0.2182178902359924	6	2	4	2.5379415461085735	0.7917206206455095	0	0	2
300	0.1	5.0	[2]	{1}	0.5432006324784255	0.5165362163561361	0.49949387321389466	0.0	0	753.9777157362554	253.9777157362554	nan	1	1	1	0.9980222842637446	0.2949952831747047	0	0	1
53	0.1	5.0	[1]	{0}	7.548560198078553	6.234798681792548	6.234798681792547	0.0	0	434.9897280335427	65.01027196645731	nan	2	0	1	0.7510102719664573	0.0	0	0	0
486	0.1	5.0	[1]	{0}	4.6793279600032935	3.2885041522206513	3.2885041522206517	0.0	0	921.9698547385632	421.9698547385632	nan	1	1	1	0.49803014526143685	0.0	0	0	1
239	0.1	5.0	[1]	{2}	0.994326185948	0.748142219036619	0.748142219036619	0.0	0	467.7921000402421	32.207899959757924	nan	1	1	1	0.8237921000402421	0.0	0	0	1
177	0.1	5.0	[3]	{2}	2.287787369907643	1.8793384990196174	1.9090095898094548	0.0	0	159.3757001683116	340.6242998316884	1.8516401995451028	6	4	5	3.9013757001683116	1.6324604675584462	0	0	4
115	0.1	5.0	[1]	{1}	5.004506464733254	3.579582039138768	3.579582039138768	0.0	0	889.7869829088451	389.78698290884506	nan	2	2	2	0.6234260341823099	0.0	0	0	2
301	0.1	5.0	[3]	{1}	5.632373332091438	4.516370684524261	4.49935280596976	0.0	0	397.28384814225166	102.71615185774834	1.2963624321753373	15	3	9	6.635716151857748	2.3662611556544295	0	0	3
363	0.1	5.0	[1]	{2}	7.84103905293027	5.7405073971509815	5.7405073971509815	0.0	0	262.07052636891603	237.92947363108397	0.7319250547113999	13	3	8	4.3602821054756635	0.0	0	0	3
54	0.1	5.0	[3]	{0}	2.563415111184726	2.1933795324995162	2.240211010363847	0.0	0	70.40503923781222	429.5949607621878	0.9258200997725514	6	4	5	3.1532151177134367	2.650210514515784	0	0	4
425	0.1	5.0	[1]	{1}	3.517188273043583	3.398014687400717	3.398014687400717	0.0	0	46.964976703748185	453.03502329625184	1.131370849898476	14	4	9	5.358684790333735	0.0	0	0	4
487	0.1	5.0	[1]	{2}	3.9385122408333246	2.947307779573842	2.947307779573842	0.0	0	403.2136616297066	96.78633837029338	0.7071067811865475	7	3	5	4.011213661629707	0.0	0	0	3
240	0.1	5.0	[1]	{2}	2.0352731561049144	1.8205062843106616	1.8205062843106616	0.0	0	249.76341286674145	250.23658713325855	0.9258200997725514	6	2	4	2.873	0.0	0	0	2
178	0.1	5.0	[2]	{1}	2.25726830872983	1.8634751828747158	1.8425779793894954	0.0	0	345.3764854930344	154.6235145069656	0.7071067811865475	5	3	4	3.601247029013931	0.8490927611476107	0	0	3
116	0.1	5.0	[1]	{1}	1.5419004915739878	1.461092560786951	1.461092560786951	0.0	0	449.12598072551214	50.874019274487864	nan	6	2	4	2.9785039229020485	0.0	0	0	2
426	0.1	5.0	[3]	{1}	3.145598201242109	2.3989181100278483	2.480813186429903	0.0	0	915.1666143443438	415.16661434434377	0.0	4	0	2	1.2086667713113126	1.170174622139289	0	0	0
302	0.1	5.0	[2]	{0}	5.8912570972861324	4.918629021138152	4.9661539371084835	0.0	0	565.0753022637219	65.07530226372194	1.5130688316720062	25	13	19	14.253472884153949	2.7508318844342368	0	0	13
364	0.1	5.0	[3]	{0}	2.8473849606218877	2.620078965497094	2.5884244333539	0.0	0	942.9620073642584	442.9620073642584	1.5666989036012806	10	10	10	5.667303941085933	3.6945467575852153	0	0	10
55	0.1	5.0	[1]	{1}	8.122009445414886	6.017474168209847	6.017474168209847	0.0	0	26.96175547316673	473.0382445268333	0.9128709291752769	11	3	7	5.2708087773658345	0.0	0	0	3
488	0.1	5.0	[1]	{1}	5.330771375116013	3.713389459064259	3.7133894590642598	0.0	0	120.69107731804252	379.3089226819575	nan	0	0	0	0.0	0.0	0	0	0
241	0.1	5.0	[1]	{1}	8.029857520402864	7.332690149631809	7.332690149631809	0.0	0	665.5379189178348	165.53791891783476	nan	0	0	0	0.0	0.0	0	0	0
179	0.1	5.0	[1]	{1}	1.765404849351304	1.416084745632189	1.416084745632189	0.0	0	673.6111156642438	173.6111156642438	nan	2	2	2	1.4987777686715122	0.0	0	0	2
117	0.1	5.0	[2]	{1}	5.9222446328889315	5.414617280563431	5.41460557399837	0.0	0	499.8977023642512	0.1022976357488119	nan	10	2	6	4.594386214185507	2.567919578350649	0	0	2
56	0.1	5.0	[3]	{1}	4.490572339834436	3.6288141976964368	3.470261926780926	0.0	0	960.587312234566	460.58731223456596	0.0	15	3	9	3.813714189888907	1.1629007120698556	0	0	3
427	0.1	5.0	[1]	{1}	5.241641353977036	3.951948241281923	3.951948241281923	0.0	0	598.715535365045	98.71553536504496	nan	1	1	1	0.6687155353650449	0.0	0	0	1
365	0.1	5.0	[1]	{1}	16.03760950952487	11.60587826782685	11.60587826782685	0.0	0	482.188645284623	17.81135471537698	1.224744871391589	3	3	3	2.352811354715377	0.0	0	0	3
303	0.1	5.0	[1]	{0}	9.566850103525022	9.003812407195008	9.003812407195008	0.0	0	549.1471716668458	49.14717166684579	0.0	15	3	9	7.841147171666845	0.0	0	0	3
489	0.1	5.0	[2]	{0}	1.4796079421066477	1.354566401027907	1.392360132000561	0.0	0	791.8272002134471	291.8272002134471	nan	8	2	5	3.8988639989327645	0.7820633862676015	0	0	2
242	0.1	5.0	[1]	{0}	1.2982110470747747	1.1246129053915277	1.1246129053915277	0.0	0	364.2828185111285	135.71718148887152	nan	0	0	0	0.0	0.0	0	0	0
180	0.1	5.0	[1]	{1}	8.640731571189413	6.970869069689039	6.970869069689039	0.0	0	272.39287598058576	227.60712401941424	1.5275252316519468	6	4	5	4.154607124019414	0.0	0	0	4
118	0.1	5.0	[1]	{1}	9.606756667670268	8.053273080069674	8.053273080069673	0.0	0	829.1071434505284	329.1071434505284	0.5773502691896258	5	1	3	2.479892856549472	0.0	0	0	1
428	0.1	5.0	[1]	{2}	5.244394093153787	4.261389543641381	4.261389543641381	0.0	0	17.62563595548272	482.3743640445173	nan	0	0	0	0.0	0.0	0	0	0
366	0.1	5.0	[1]	{1}	10.529648669763853	7.974998809087135	7.974998809087135	0.0	0	432.4416113086044	67.55838869139558	2.327015255644019	15	7	11	7.541324833925812	0.0	0	0	7
57	0.1	5.0	[1]	{2}	5.085344133877034	4.696621386131107	4.696621386131107	0.0	0	703.6760835908353	203.67608359083533	1.0954451150103321	14	6	10	6.333591331273318	0.0	0	0	6
304	0.1	5.0	[3]	{1}	2.7087677661416056	2.137585394854936	2.0878313386211396	0.0	0	852.5102585554125	352.5102585554125	0.4472135954999579	4	2	3	1.0204692243337625	0.5911862633796728	0	0	2
490	0.1	5.0	[3]	{0}	3.79703873835661	2.840660548462199	3.051557084652221	0.0	0	838.3465260267255	338.34652602672554	1.8571428571428572	13	7	10	6.806613895893098	2.2535394578669536	0	0	7
243	0.1	5.0	[3]	{1}	3.1703575032486997	2.6734802236888457	2.7080744164896178	0.0	0	704.168274998665	204.16827499866497	0.14907119849998599	8	2	5	3.789495175004005	2.8118899219869946	0	0	2
181	0.1	5.0	[1]	{0}	24.294040336539005	19.36742728917026	19.36742728917026	0.0	0	983.340181875974	483.34018187597405	nan	1	1	1	0.7576598181240259	0.0	0	0	1
119	0.1	5.0	[2]	{1}	3.1443689512025865	2.3819258086371837	2.380773844272582	0.0	0	540.5911228153856	40.591122815385575	0.1889822365046136	11	1	6	4.1899999999999995	0.836969080408775	0	0	1
367	0.1	5.0	[3]	{1}	2.890974133418098	2.465932193380909	2.4796366232668428	0.0	0	557.4066692497584	57.40666924975835	2.401922307076307	12	8	10	7.247813338499517	2.7299735822575117	0	0	8
429	0.1	5.0	[1]	{0}	7.44659655880355	6.831665349530036	6.831665349530036	0.0	0	165.0530959013849	334.9469040986151	0.1767766952966369	31	17	24	12.777274301633236	0.0	0	0	17
58	0.1	5.0	[3]	{0}	6.030346579555908	4.9895150128754056	4.898545630432191	0.0	0	48.2066338881848	451.7933661118152	0.42857142857142855	13	1	7	3.8624464372172937	3.2076373106731553	0	0	1
305	0.1	5.0	[1]	{2}	6.345112275408349	4.480572642164684	4.480572642164684	0.0	0	227.2439822554588	272.75601774454117	nan	2	2	2	1.2044879645109177	0.0	0	0	2
491	0.1	5.0	[2]	{1}	2.975598340768285	2.9616476103502993	2.958378670665394	0.0	0	197.4043548107149	302.5956451892851	nan	14	6	10	5.85104354810715	1.4813824967449338	0	0	6
244	0.1	5.0	[2]	{2}	1.9184854085789744	1.7510945767271833	1.6898863193998248	0.0	0	702.956312103197	202.95631210319698	nan	4	4	4	3.602825248412788	1.0322270282748216	0	0	4
182	0.1	5.0	[1]	{0}	1.3161355624223265	1.0814204145881297	1.0814204145881297	0.0	0	369.4841798860579	130.51582011394208	nan	0	0	0	0.0	0.0	0	0	0
120	0.1	5.0	[3]	{2}	6.152286207199646	5.962633847945076	5.935107943116288	0.0	0	382.4266721494496	117.57332785055041	3.3633871655151637	28	22	25	19.811719983551647	10.801263216954702	0	0	22
59	0.1	5.0	[3]	{1}	7.821350768154699	7.193893178864477	7.238501219567906	0.0	0	820.8647002466024	320.8647002466024	1.6625590407869923	38	32	35	19.08219429235532	11.11892960455639	0	0	32
430	0.1	5.0	[3]	{2}	2.8479954238688188	2.506453015898953	2.41202151850007	0.0	0	970.972142647952	470.97214264795196	0.6445033866354896	12	8	10	4.50927857352048	2.408702965491658	0	0	8
368	0.1	5.0	[2]	{1}	2.2642137883773468	1.986561905224256	2.0479487504500247	0.0	0	80.86492959409968	419.1350704059003	0.5	7	5	6	2.9571895775645975	1.0623026264524982	0	0	5
492	0.1	5.0	[2]	{1}	2.662557620233283	2.42874946422347	2.3363726915283465	0.0	0	886.0512760002167	386.0512760002167	1.7566201313073597	9	5	7	4.331641067998483	1.244380158748272	0	0	5
306	0.1	5.0	[2]	{0}	2.155980779066623	2.001985709809572	1.979471662632093	0.0	0	589.2692068591712	89.26920685917116	nan	4	0	2	1.4795384137183425	1.153685229755376	0	0	0
245	0.1	5.0	[1]	{1}	8.688561642295799	7.026502759902799	7.026502759902799	0.0	0	473.9217418245972	26.078258175402823	nan	1	1	1	0.6299217418245973	0.0	0	0	1
121	0.1	5.0	[3]	{1}	3.582612427747197	3.10170918507587	2.8633271327626737	0.0	0	855.8251510839912	355.82515108399116	1.8527420384998257	14	2	8	3.893049093496053	2.080884042996144	0	0	2
183	0.1	5.0	[1]	{1}	7.883284281261496	6.9236322098586776	6.9236322098586776	0.0	0	531.0908537358047	31.09085373580467	0.0	3	1	2	1.397	0.0	0	0	1
60	0.1	5.0	[1]	{0}	3.550900109599998	3.5181298624156447	3.5181298624156447	0.0	0	550.1685854978857	50.168585497885715	0.4763305116224668	20	4	12	8.739348683983087	0.0	0	0	4
369	0.1	5.0	[1]	{0}	6.781736776541298	5.393427711526581	5.393427711526582	0.0	0	640.7602336257697	140.76023362576973	nan	0	0	0	0.0	0.0	0	0	0
431	0.1	5.0	[2]	{2}	5.72722662054255	5.051152875782857	4.880465448677627	0.0	0	685.1269528269768	185.12695282697678	1.0	19	1	10	7.8542539056539535	2.938854172679328	0	0	1
493	0.1	5.0	[1]	{1}	2.2425015534353303	1.8571890608178128	1.8571890608178128	0.0	0	429.9262519925834	70.07374800741661	nan	1	1	1	0.8939262519925834	0.0	0	0	1
307	0.1	5.0	[1]	{0}	4.193986829228487	3.5577418243023287	3.5577418243023287	0.0	0	480.68165499716986	19.318345002830142	1.224744871391589	3	3	3	2.37531834500283	0.0	0	0	3
122	0.1	5.0	[3]	{2}	5.038910849408522	4.810957451445704	4.803072267305831	0.0	0	436.9755496736617	63.0244503263383	3.4868172789582914	18	18	18	13.166902198694647	8.316226138564279	0	0	18
246	0.1	5.0	[1]	{2}	2.649602965904813	2.2788716761913825	2.278871676191383	0.0	0	941.288011847064	441.288011847064	nan	3	3	3	1.568135964458808	0.0	0	0	3
184	0.1	5.0	[1]	{0}	7.743426350794528	6.762035184485763	6.762035184485763	0.0	0	668.4321733191608	168.43217331916082	nan	0	0	0	0.0	0.0	0	0	0
61	0.1	5.0	[3]	{0}	2.9496265399358537	2.213842873978198	2.494385773152682	0.0	0	914.0967521816492	414.0967521816492	0.2182178902359924	8	6	7	3.647322734728456	2.9348084706278588	0	0	6
432	0.1	5.0	[3]	{0}	3.504012087246524	2.9509146701952993	2.9531173634873245	0.0	0	463.150356663391	36.849643336609006	0.42640143271122083	10	2	6	4.717300713326782	2.6606415434869035	0	0	2
370	0.1	5.0	[3]	{1}	5.675783340280251	4.690793967164904	4.591490034710298	0.0	0	887.030238285661	387.03023828566097	1.534842759672393	20	10	15	8.339667378857728	2.9337994968216075	0	0	10
308	0.1	5.0	[1]	{0}	9.130361730573124	7.582691403514365	7.582691403514365	0.0	0	351.5024152584373	148.49758474156272	1.3416407864998738	4	2	3	2.3244975847415628	0.0	0	0	2
123	0.1	5.0	[3]	{1}	3.3945717412456786	3.115326072868557	3.15831037378156	0.0	0	198.06076120585212	301.93923879414785	1.5	19	17	18	10.924729134470226	5.041413307429831	0	0	17
494	0.1	5.0	[2]	{2}	5.218945009520367	4.227190354960208	4.239500791236766	0.0	0	429.255290189758	70.744709810242	0.7559289460184545	20	4	12	9.487510580379515	1.8040403971994716	0	0	4
247	0.1	5.0	[1]	{0}	5.522042098506433	4.938524711228749	4.938524711228749	0.0	0	390.8399462234227	109.16005377657729	0.0	3	1	2	1.548	0.0	0	0	1
185	0.1	5.0	[1]	{0}	3.0598230715835353	2.2951664537127208	2.2951664537127208	0.0	0	240.9965514671056	259.00344853289437	1.3416407864998738	4	2	3	1.969989654401317	0.0	0	0	2
433	0.1	5.0	[2]	{0}	5.279158161095686	4.2640876160976795	4.452342870276044	0.0	0	782.3264400940391	282.32644009403907	0.9258200997725514	13	3	8	4.411041359435766	2.4795637327858135	0	0	3
371	0.1	5.0	[2]	{0}	3.7132797651197142	3.324236093334416	3.377925858829055	0.0	0	684.5210099127144	184.52100991271436	0.2182178902359924	8	4	6	4.384873940523714	1.8122542812878855	0	0	4
309	0.1	5.0	[3]	{1}	4.272720844433718	3.2776178124016466	3.3095383822990563	0.0	0	875.3468983341012	375.3468983341012	0.06666666666666667	14	6	10	5.13422481332719	0.9250248415887827	0	0	6
495	0.1	5.0	[1]	{2}	6.943336703814008	5.948277199644874	5.948277199644874	0.0	0	456.8297402001917	43.17025979980832	nan	1	1	1	0.9378297402001917	0.0	0	0	1
